M: 10
Instance: 1
Algorithm: NSGA-II
Iteration: 500
Population Size: 100
Required Skills: 8 15 22 26 35 42 46 48 52 55
Distance; Skill Score; isValid; Team; Skill Counts
1.1e+04; 2.676e-12; True; 2 170 183 241 269 339; 1 1 1 2 1 1 1 2 1 1
1.2e+04; 3.519e-12; True; 2 36 170 241 269 339; 1 1 1 3 1 1 1 2 1 1
1.401e+04; 3.529e-12; True; 2 138 170 183 241 269 317; 1 1 1 2 2 1 1 1 1 1
1.501e+04; 5.271e-12; True; 2 138 170 241 269 317 344; 1 1 1 2 2 1 1 2 1 1
1.6e+04; 1.026e-11; True; 2 170 183 241 269 317 339; 1 1 2 2 2 1 1 2 1 1
1.7e+04; 1.35e-11; True; 2 108 170 241 269 317 339; 1 1 2 3 2 1 1 2 1 1
2.101e+04; 2.006e-11; True; 2 138 170 183 241 269 317 339; 1 2 2 2 2 1 1 2 1 1
2.201e+04; 2.648e-11; True; 2 170 177 183 241 269 317 339; 1 1 2 3 2 2 1 2 1 1
2.3e+04; 3.118e-11; True; 2 108 170 177 241 269 317 339; 1 1 2 4 2 2 1 2 1 1
2.4e+04; 3.627e-11; True; 2 18 108 170 241 269 317 339; 1 1 2 4 2 2 1 3 1 1
2.801e+04; 5.177e-11; True; 2 138 170 177 183 241 269 317 339; 1 2 2 3 2 2 1 2 1 1
2.901e+04; 6.095e-11; True; 2 108 138 170 177 241 269 317 339; 1 2 2 4 2 2 1 2 1 1
3.001e+04; 7.09e-11; True; 2 18 108 138 170 241 269 317 339; 1 2 2 4 2 2 1 3 1 1
3.1e+04; 7.127e-11; True; 2 41 170 177 241 269 317 339 344; 1 1 2 4 2 2 2 3 1 1
3.2e+04; 7.922e-11; True; 2 18 41 108 170 241 269 317 339; 1 1 2 5 2 2 2 3 1 1
3.501e+04; 1.133e-10; True; 56 101 112 170 241 254 269 317 330 339; 1 2 2 3 2 2 1 3 2 1
3.601e+04; 1.177e-10; True; 2 106 138 170 241 254 269 304 317 339; 1 2 2 3 2 2 1 3 1 2
3.701e+04; 1.334e-10; True; 1 56 101 108 112 170 241 269 317 339; 1 2 2 4 2 2 1 3 2 1
3.801e+04; 1.393e-10; True; 2 41 138 170 177 241 269 317 339 340; 1 2 2 4 2 2 2 3 1 1
3.901e+04; 1.49e-10; True; 2 106 133 162 170 241 269 304 317 339; 1 2 2 4 2 2 2 4 1 1
4e+04; 1.548e-10; True; 2 41 108 170 177 241 269 317 339 344; 1 1 2 5 2 2 2 3 1 2
4.1e+04; 1.656e-10; True; 2 18 41 108 170 226 241 269 317 339; 1 2 2 5 2 2 2 4 1 1
4.301e+04; 1.661e-10; True; 1 56 101 112 138 170 241 254 269 317 339; 1 3 2 3 2 2 1 3 2 1
4.401e+04; 2.253e-10; True; 1 101 112 133 138 170 241 254 269 317 339; 1 2 2 4 2 2 2 2 2 1
4.501e+04; 2.608e-10; True; 36 56 57 101 112 170 241 254 317 330 339; 1 2 2 4 2 2 1 3 2 2
4.601e+04; 2.914e-10; True; 1 56 101 108 112 133 170 241 269 317 339; 1 2 2 5 2 2 2 3 2 1
4.801e+04; 3.027e-10; True; 2 36 108 138 170 177 241 269 317 339 394; 1 2 2 5 2 2 2 3 1 2
4.901e+04; 3.236e-10; True; 2 36 106 133 162 170 241 269 304 317 339; 1 2 2 5 2 2 2 4 1 2
5.1e+04; 3.347e-10; True; 2 18 36 112 133 162 170 241 269 317 339; 1 2 2 6 2 2 2 4 2 1
5.301e+04; 3.742e-10; True; 2 56 57 101 112 170 241 254 269 317 330 339; 2 2 2 4 2 2 1 3 3 1
5.401e+04; 4.7e-10; True; 56 57 101 112 170 241 254 269 317 330 339 340; 2 2 2 3 2 2 1 4 2 2
5.501e+04; 5.176e-10; True; 2 36 56 57 101 170 241 254 269 317 330 339; 2 2 2 4 2 2 1 3 2 2
5.601e+04; 5.695e-10; True; 1 41 56 101 108 112 170 241 254 269 317 339; 1 2 2 5 2 2 2 3 2 2
5.701e+04; 6.09e-10; True; 1 56 101 108 112 133 170 241 269 317 339 344; 1 2 2 5 2 2 2 4 2 2
5.901e+04; 6.184e-10; True; 2 36 56 57 101 112 170 241 269 317 339 394; 2 2 2 5 2 2 2 4 2 1
6.001e+04; 6.542e-10; True; 2 36 56 101 112 133 170 241 269 317 339 340; 1 2 2 6 2 2 2 4 2 2
6.3e+04; 6.629e-10; True; 18 41 108 112 170 211 226 241 269 317 339 344; 2 2 2 5 2 2 2 5 1 2
6.4e+04; 6.644e-10; True; 2 18 41 108 112 170 211 241 304 311 317 339; 2 1 2 6 2 2 2 4 2 2
6.501e+04; 8.13e-10; True; 2 56 57 101 108 112 170 241 254 269 317 330 339; 2 2 2 5 2 2 1 3 3 2
6.601e+04; 9.53e-10; True; 56 57 101 112 170 241 254 269 317 330 339 344 394; 2 2 2 3 2 2 2 5 2 2
6.701e+04; 1.13e-09; True; 2 36 56 57 101 133 170 241 254 269 317 330 339; 2 2 2 5 2 2 2 3 2 2
6.901e+04; 1.209e-09; True; 1 56 101 108 112 133 170 241 269 317 338 339 340; 2 2 2 5 2 2 2 4 2 2
7.101e+04; 1.299e-09; True; 2 36 56 57 101 112 133 170 241 269 317 339 344; 2 2 2 6 2 2 2 4 2 2
7.801e+04; 1.779e-09; True; 36 56 57 101 106 112 170 241 254 269 317 330 339 394; 2 2 2 5 2 3 2 4 2 2
7.901e+04; 1.836e-09; True; 18 36 56 57 101 112 170 241 254 269 317 330 339 394; 2 2 2 5 2 3 2 5 2 2
8.001e+04; 1.897e-09; True; 1 41 56 57 101 108 112 170 241 254 269 317 339 373; 2 2 3 6 2 2 2 4 2 2
8.101e+04; 1.911e-09; True; 2 56 57 101 112 133 170 177 241 254 269 317 339 344; 2 2 2 6 2 3 2 4 2 2
8.201e+04; 1.919e-09; True; 1 5 101 103 108 112 133 170 241 269 317 338 339 344; 2 2 2 6 3 2 2 4 2 2
8.301e+04; 2.009e-09; True; 2 36 56 57 101 112 133 170 177 241 269 317 339 344; 2 2 2 7 2 3 2 4 2 2
8.501e+04; 2.01e-09; True; 2 5 18 36 56 57 112 170 241 269 317 339 344 366; 2 2 2 6 3 2 2 6 2 2
8.6e+04; 2.017e-09; True; 2 32 36 57 73 133 149 162 170 241 269 304 317 339; 2 2 2 7 3 2 2 4 2 2
9.101e+04; 2.449e-09; True; 1 32 41 56 57 101 112 138 170 241 254 269 317 339 395; 2 3 2 5 3 2 2 3 2 2
9.201e+04; 2.701e-09; True; 2 36 56 57 101 112 170 241 254 269 317 330 339 364 394; 2 2 2 6 2 3 2 4 3 2
9.301e+04; 2.946e-09; True; 1 20 41 56 57 101 108 112 170 241 254 269 317 339 373; 2 2 3 7 3 2 2 4 2 2
9.601e+04; 2.969e-09; True; 2 32 56 101 112 133 170 241 254 269 311 317 339 341 344; 2 2 2 7 3 3 2 4 2 2
9.701e+04; 2.991e-09; True; 2 36 56 57 101 112 133 170 177 211 241 269 317 339 344; 3 2 2 7 2 3 2 4 2 2
9.801e+04; 3.087e-09; True; 2 5 36 56 57 112 149 170 191 241 269 291 317 339 344; 2 2 3 7 3 2 2 6 2 2
9.901e+04; 3.15e-09; True; 2 18 32 36 57 67 73 108 138 170 241 269 317 339 373; 2 2 3 8 3 2 2 5 2 2
1.04e+05; 3.96e-09; True; 2 36 56 57 101 112 170 241 254 269 317 330 334 339 341 394; 2 3 2 6 2 3 2 4 3 2
1.07e+05; 3.98e-09; True; 2 36 56 57 101 112 170 241 254 269 317 319 330 339 364 394; 2 2 2 6 2 3 3 4 3 2
1.08e+05; 4.336e-09; True; 1 20 41 57 101 112 138 170 241 254 269 317 339 344 364 373; 2 2 3 7 3 3 2 4 2 2
1.09e+05; 4.441e-09; True; 1 41 56 57 101 108 112 170 241 254 269 317 339 344 364 373; 2 2 3 7 2 3 2 5 2 3
1.1e+05; 4.515e-09; True; 2 32 56 101 112 133 170 177 241 254 269 311 317 339 344 394; 2 2 2 7 3 3 3 5 2 2
1.12e+05; 4.636e-09; True; 2 5 41 56 101 112 149 170 191 241 254 269 317 338 339 395; 2 2 3 8 3 3 2 5 2 2
1.16e+05; 4.829e-09; True; 2 18 32 36 57 67 73 108 170 193 241 269 317 339 364 373; 2 2 3 9 3 3 2 6 2 2
1.2e+05; 5.68e-09; True; 1 20 56 57 101 112 124 138 170 241 254 269 317 339 364 366 395; 2 3 2 5 3 3 3 4 2 2
1.21e+05; 6.337e-09; True; 1 20 56 57 101 112 138 170 241 254 269 317 339 344 364 373 394; 2 3 3 6 3 3 2 6 2 2
1.24e+05; 6.721e-09; True; 2 18 32 56 101 112 133 138 170 241 254 269 311 317 339 340 394; 2 3 2 7 3 3 3 6 2 2
1.27e+05; 6.824e-09; True; 2 18 32 56 101 112 133 170 211 241 254 269 311 317 339 344 394; 3 2 2 7 3 3 3 6 2 2
1.29e+05; 6.974e-09; True; 2 18 32 36 57 67 73 108 138 170 241 269 317 318 339 364 373; 2 2 3 9 3 3 2 5 2 3
1.31e+05; 6.989e-09; True; 5 67 101 108 112 133 149 170 226 241 269 317 329 338 339 344 373; 2 2 3 8 3 3 3 7 2 2
1.34e+05; 8.82e-09; True; 1 20 56 57 101 112 138 170 241 254 269 317 330 339 364 373 394 395; 2 3 3 6 3 3 2 5 3 2
1.37e+05; 9.198e-09; True; 1 20 56 57 101 112 124 138 170 241 254 269 317 339 364 366 373 395; 2 3 3 6 3 3 3 5 2 2
1.4e+05; 9.497e-09; True; 2 32 36 56 101 112 124 170 177 211 241 254 269 317 330 339 344 394; 2 2 2 7 3 3 3 6 3 3
1.41e+05; 9.669e-09; True; 2 5 6 101 108 124 138 163 170 177 211 241 254 269 317 334 339 373; 2 3 3 7 3 3 3 5 2 2
1.43e+05; 9.928e-09; True; 2 18 32 56 101 112 133 170 175 241 254 269 311 317 339 340 344 394; 2 3 2 7 3 3 3 7 2 3
1.44e+05; 1.029e-08; True; 2 5 18 36 56 101 112 133 170 175 241 254 269 311 317 339 340 394; 2 3 2 8 3 3 3 7 2 3
1.46e+05; 1.033e-08; True; 5 18 36 66 106 112 133 138 170 211 241 269 290 311 317 339 373 394; 3 2 3 8 3 3 3 6 2 2
1.55e+05; 1.369e-08; True; 1 20 53 56 57 101 112 124 138 170 241 254 269 317 339 364 366 373 395; 3 3 3 6 3 3 3 5 2 2
1.6e+05; 1.387e-08; True; 2 5 13 66 101 108 124 138 170 177 211 241 254 269 317 339 344 373 388; 2 2 3 7 3 3 3 6 3 3
1.61e+05; 1.478e-08; True; 2 18 32 56 101 112 133 170 175 211 241 254 269 311 317 339 340 344 394; 3 3 2 7 3 3 3 7 2 3
1.67e+05; 1.491e-08; True; 2 14 18 20 108 133 149 170 211 241 269 287 304 310 311 317 339 373 388; 3 2 3 8 3 3 3 5 2 3
1.74e+05; 1.644e-08; True; 2 18 32 56 101 106 112 124 138 170 190 211 241 254 269 317 330 339 344 394; 2 3 2 7 4 4 3 7 3 2
1.75e+05; 1.666e-08; True; 1 20 41 56 57 101 112 170 193 241 254 269 311 317 330 339 364 369 394 395; 3 3 2 6 3 3 3 5 4 2
1.76e+05; 1.881e-08; True; 2 4 18 32 56 101 112 133 170 177 211 241 254 269 317 330 339 340 391 394; 2 3 3 8 3 4 3 6 3 2
1.77e+05; 1.927e-08; True; 2 18 32 56 101 112 133 138 170 175 211 241 254 269 311 317 339 340 344 394; 3 4 2 7 3 3 3 7 2 3
1.8e+05; 2.076e-08; True; 5 18 41 101 103 108 112 115 133 170 241 255 256 265 269 290 311 317 329 339; 2 3 3 8 3 3 3 5 3 3
