M: 12
Instance: 1
Algorithm: NSGA-II
Iteration: 600
Population Size: 100
Required Skills: 8 9 13 15 16 23 24 40 43 49 50 52
Distance; Skill Score; isValid; Team; Skill Counts
1.8e+04; 1.499e-14; True; 37 38 39 56 166 199 262; 1 1 1 1 1 1 2 1 1 1 1 1
1.9e+04; 5.227e-14; True; 38 39 46 56 166 193 262; 1 2 1 1 1 1 2 2 1 1 1 1
2e+04; 6.103e-14; True; 38 39 130 137 166 193 262; 1 3 1 1 1 1 1 3 1 1 1 1
2.101e+04; 7.394e-14; True; 2 38 39 44 53 153 154 166; 1 3 1 1 2 1 2 1 1 1 1 1
2.3e+04; 1.392e-13; True; 2 32 39 44 53 166 168 193; 1 3 1 1 2 1 2 2 1 1 1 1
2.4e+04; 2.537e-13; True; 23 38 39 44 56 135 177 193; 1 4 1 1 2 1 4 2 1 1 1 1
2.5e+04; 3.643e-13; True; 23 38 39 44 53 56 166 193; 1 4 1 1 3 1 4 2 1 1 1 1
2.6e+04; 5.22e-13; True; 23 38 39 44 130 166 193 199; 1 5 1 1 3 1 3 3 1 1 1 1
3.001e+04; 6.383e-13; True; 1 2 38 39 44 53 130 166 193; 1 4 1 1 3 1 2 3 1 1 1 2
3.2e+04; 9.51e-13; True; 1 23 38 39 44 53 130 135 193; 1 5 1 1 3 1 3 3 1 1 1 2
3.3e+04; 1.364e-12; True; 23 38 39 44 46 56 166 193 262; 1 4 1 1 3 1 4 2 1 2 2 1
3.4e+04; 1.954e-12; True; 23 38 39 44 46 130 166 193 262; 1 5 1 1 3 1 3 3 1 2 2 1
3.901e+04; 2.39e-12; True; 1 2 38 39 44 53 130 166 193 262; 1 4 1 1 3 1 2 3 1 2 2 2
4.1e+04; 3.561e-12; True; 1 23 38 39 44 46 130 135 193 262; 1 5 1 1 3 1 3 3 1 2 2 2
4.2e+04; 4.547e-12; True; 1 23 38 39 44 46 130 166 193 262; 1 5 1 1 4 1 3 3 1 2 2 2
4.3e+04; 4.822e-12; True; 23 38 39 44 46 130 166 193 226 262; 1 5 1 2 4 1 3 3 1 2 2 1
4.801e+04; 5.998e-12; True; 1 2 38 39 44 53 56 130 166 193 262; 1 4 1 1 3 2 3 3 1 2 2 2
4.901e+04; 6.005e-12; True; 2 23 38 39 44 53 130 153 166 193 262; 1 6 1 2 3 1 3 3 1 2 3 1
5e+04; 8.032e-12; True; 1 23 38 39 44 46 56 130 135 193 262; 1 5 1 1 3 2 4 3 1 2 2 2
5.1e+04; 1.026e-11; True; 1 23 38 39 44 56 130 166 177 193 262; 1 5 1 1 4 2 4 3 1 2 2 2
5.2e+04; 1.087e-11; True; 23 38 39 44 56 130 145 166 193 226 262; 1 5 1 2 4 2 4 3 1 2 2 1
5.3e+04; 1.105e-11; True; 23 38 39 44 130 137 166 193 226 252 262; 1 5 1 2 4 1 3 4 1 2 2 2
5.701e+04; 1.35e-11; True; 1 2 38 39 44 53 56 130 153 166 193 262; 1 5 1 2 3 2 3 3 1 2 2 2
5.901e+04; 1.48e-11; True; 1 2 38 39 44 53 130 154 166 193 226 262; 1 4 1 2 4 2 3 3 1 2 2 2
6.001e+04; 1.739e-11; True; 1 23 38 39 44 53 56 130 135 153 193 262; 1 6 1 2 3 2 4 3 1 2 2 2
6.1e+04; 2.221e-11; True; 1 23 38 39 44 53 56 130 153 166 193 262; 1 6 1 2 4 2 4 3 1 2 2 2
6.2e+04; 2.374e-11; True; 1 23 38 39 44 56 130 145 166 193 226 262; 1 5 1 2 5 2 4 3 1 2 2 2
6.3e+04; 2.493e-11; True; 23 38 39 44 56 130 145 166 193 226 252 262; 1 5 1 2 4 2 4 4 1 2 2 2
6.801e+04; 2.648e-11; True; 1 2 38 39 44 53 56 128 130 153 166 193 262; 1 5 2 2 3 2 3 3 1 2 2 2
6.901e+04; 3.151e-11; True; 1 2 23 38 39 44 53 56 130 153 166 193 262; 1 6 1 2 4 2 4 3 1 2 3 2
7.101e+04; 3.382e-11; True; 1 2 38 39 44 53 56 130 166 193 226 248 262; 1 5 2 2 4 2 3 3 1 2 2 2
7.201e+04; 4.391e-11; True; 1 23 38 39 44 46 53 56 130 153 166 193 262; 1 6 1 2 4 2 4 3 2 2 2 2
7.3e+04; 4.757e-11; True; 1 23 38 39 44 53 56 130 153 166 193 248 262; 1 7 2 2 4 2 4 3 1 2 2 2
7.4e+04; 5.22e-11; True; 1 23 38 39 44 56 130 137 166 193 226 248 262; 1 6 2 2 5 2 4 3 1 2 2 2
7.5e+04; 5.482e-11; True; 23 38 39 44 56 130 145 166 193 226 248 252 262; 1 6 2 2 4 2 4 4 1 2 2 2
8.101e+04; 6.183e-11; True; 1 2 23 38 39 44 53 56 130 135 153 166 193 262; 1 6 2 2 4 2 4 3 1 2 3 2
8.301e+04; 6.751e-11; True; 1 2 23 39 44 53 56 130 153 166 193 225 248 262; 1 7 2 2 4 2 4 3 1 2 3 2
8.401e+04; 8.615e-11; True; 1 23 38 39 44 46 53 56 128 130 153 166 193 262; 1 6 2 2 4 2 4 3 2 2 2 2
8.6e+04; 9.406e-11; True; 1 23 38 39 44 46 56 130 137 153 166 193 248 262; 1 7 2 2 4 2 4 3 2 2 2 2
8.7e+04; 1.032e-10; True; 1 23 38 39 44 46 56 130 137 166 193 226 248 262; 1 6 2 2 5 2 4 3 2 2 2 2
8.8e+04; 1.084e-10; True; 23 38 39 44 56 130 145 148 166 193 226 248 252 262; 2 6 2 2 4 2 4 4 1 2 2 2
9.401e+04; 1.223e-10; True; 1 2 23 38 39 44 46 53 56 128 130 153 166 193 262; 1 6 2 2 4 2 4 3 2 2 3 2
9.701e+04; 1.335e-10; True; 1 2 23 39 44 53 56 130 137 153 166 193 209 248 262; 1 7 2 2 4 2 4 3 2 2 3 2
9.801e+04; 1.52e-10; True; 1 38 39 44 46 53 56 97 130 135 153 166 193 209 262; 2 5 2 2 4 2 4 3 2 2 2 2
9.901e+04; 1.703e-10; True; 1 23 38 39 44 46 56 130 135 137 153 166 182 193 262; 2 6 2 2 4 2 4 3 2 2 2 2
1e+05; 1.86e-10; True; 1 23 38 39 44 46 56 130 153 166 193 199 209 248 262; 2 7 2 2 4 2 4 3 2 2 2 2
1.01e+05; 2.041e-10; True; 1 23 38 39 44 53 56 130 148 166 177 193 226 248 262; 2 6 2 2 5 2 4 3 2 2 2 2
1.03e+05; 2.143e-10; True; 23 38 39 44 46 130 145 154 166 182 193 226 248 252 262; 2 6 2 2 4 2 4 4 2 2 2 2
1.11e+05; 2.417e-10; True; 1 2 23 39 44 53 56 130 135 153 166 193 199 209 225 262; 2 6 2 2 4 2 4 3 2 2 3 2
1.12e+05; 2.584e-10; True; 1 4 23 38 39 44 53 56 130 133 135 166 182 193 199 262; 2 5 2 2 5 2 4 3 2 2 3 2
1.13e+05; 3.154e-10; True; 1 23 38 39 44 46 53 56 97 130 135 153 166 193 209 262; 2 6 2 2 5 2 5 3 2 2 3 2
1.14e+05; 3.162e-10; True; 1 23 38 39 44 46 56 130 133 137 148 153 166 193 248 262; 2 7 2 2 5 2 4 3 2 2 3 2
1.15e+05; 3.444e-10; True; 1 23 38 39 44 53 56 97 130 153 166 177 193 209 248 262; 2 7 2 2 5 2 5 3 2 2 3 2
1.16e+05; 3.63e-10; True; 1 23 38 39 44 46 56 97 130 137 166 193 225 226 248 262; 2 6 2 2 6 2 5 3 2 2 3 2
1.17e+05; 3.969e-10; True; 23 38 39 44 46 56 97 130 137 166 193 225 226 248 252 262; 2 6 2 2 5 2 5 4 2 2 3 2
1.25e+05; 4.198e-10; True; 1 2 23 38 39 44 46 53 56 128 130 153 166 193 209 226 262; 2 6 2 3 5 2 4 3 2 2 3 2
1.27e+05; 4.583e-10; True; 1 2 23 38 39 44 53 56 130 145 153 166 182 193 226 248 262; 2 7 2 3 5 2 4 3 2 2 3 2
1.29e+05; 4.992e-10; True; 1 23 37 38 39 44 46 56 130 133 137 153 166 193 225 248 262; 2 7 2 3 5 2 5 3 2 2 3 2
1.3e+05; 5.941e-10; True; 1 23 38 39 44 46 53 56 97 130 153 166 193 225 248 252 262; 2 7 2 2 5 2 5 4 2 2 3 3
1.32e+05; 6.262e-10; True; 1 23 32 38 39 44 56 82 130 145 166 177 193 226 248 252 262; 2 6 2 2 6 2 5 4 2 2 3 3
1.43e+05; 7.241e-10; True; 1 2 23 38 39 44 53 56 128 130 145 153 166 193 209 226 252 262; 2 6 2 3 5 2 4 4 2 2 3 3
1.45e+05; 7.353e-10; True; 1 4 23 38 39 44 53 56 130 133 135 166 182 193 199 248 252 262; 2 6 3 2 5 2 4 4 2 2 3 3
1.46e+05; 8.743e-10; True; 1 23 38 39 44 46 53 56 82 130 153 166 168 193 209 248 252 262; 2 7 2 2 5 3 5 4 2 2 3 3
1.47e+05; 9.099e-10; True; 1 23 38 39 44 46 53 82 130 153 166 168 193 209 226 248 252 262; 2 7 2 3 6 2 4 4 2 2 3 3
1.48e+05; 9.305e-10; True; 1 23 38 39 44 46 56 73 130 133 148 166 177 193 226 248 252 262; 2 6 2 2 6 2 5 4 2 3 3 3
1.49e+05; 9.91e-10; True; 1 23 32 39 44 46 56 97 130 137 148 153 166 193 226 248 252 262; 2 7 2 3 6 2 5 4 2 2 3 3
1.6e+05; 1.074e-09; True; 1 2 23 38 39 44 46 53 56 128 130 145 153 166 193 209 226 252 262; 2 6 2 3 5 2 4 4 3 2 3 3
1.61e+05; 1.164e-09; True; 1 2 23 38 39 44 53 56 128 130 145 153 166 193 209 226 248 252 262; 2 7 3 3 5 2 4 4 2 2 3 3
1.63e+05; 1.267e-09; True; 1 4 23 39 44 46 53 56 97 130 153 166 168 182 193 225 248 252 262; 2 7 2 3 5 3 5 4 2 2 3 3
1.64e+05; 1.339e-09; True; 1 18 23 38 39 44 46 53 130 133 153 166 168 193 209 226 248 252 262; 2 7 3 3 6 2 4 4 2 2 3 3
1.65e+05; 1.472e-09; True; 1 23 38 39 44 46 56 73 130 133 148 153 166 177 193 226 248 252 262; 2 7 2 3 6 2 5 4 2 3 3 3
1.66e+05; 1.54e-09; True; 1 18 23 38 39 44 46 56 82 130 137 153 166 182 193 226 248 252 262; 2 7 3 3 6 2 6 4 2 2 3 3
1.79e+05; 1.726e-09; True; 1 2 23 38 39 44 46 53 56 128 130 145 153 166 193 209 226 248 252 262; 2 7 3 3 5 2 4 4 3 2 3 3
1.8e+05; 1.782e-09; True; 1 2 18 23 38 39 44 53 56 97 130 135 145 153 166 193 225 226 252 262; 2 6 3 3 6 2 6 4 2 2 4 3
1.82e+05; 1.819e-09; True; 1 23 38 39 44 46 53 82 128 130 145 153 166 168 190 193 209 226 252 262; 2 6 2 3 6 3 4 4 3 2 3 3
1.83e+05; 2.016e-09; True; 1 23 37 38 39 44 46 56 82 97 130 135 137 153 166 193 209 248 252 262; 2 7 3 3 6 2 7 4 2 2 4 3
1.84e+05; 2.068e-09; True; 1 23 37 38 39 44 46 56 82 97 130 135 137 166 193 209 226 248 252 262; 2 6 3 3 7 2 7 4 2 2 4 3
1.85e+05; 2.178e-09; True; 1 23 32 39 44 46 56 82 97 130 135 137 153 166 193 209 226 248 252 262; 2 7 3 3 7 2 6 4 2 2 4 3
2.01e+05; 2.701e-09; True; 1 23 37 38 39 44 46 53 73 97 130 135 153 166 168 193 209 225 252 259 262; 3 6 2 3 5 3 6 4 2 3 3 3
2.02e+05; 2.703e-09; True; 1 23 38 39 44 46 56 73 92 130 133 137 153 154 166 193 225 226 248 252 262; 2 7 2 3 6 3 6 5 2 3 3 3
2.03e+05; 2.921e-09; True; 1 23 38 39 44 46 56 91 97 130 135 145 166 168 193 225 226 229 248 252 262; 2 6 3 3 6 3 5 4 2 3 3 3
2.04e+05; 2.989e-09; True; 1 23 38 39 44 46 56 65 73 130 133 148 166 177 193 204 225 226 248 252 262; 3 6 3 2 6 3 5 4 2 3 3 3
2.05e+05; 3.237e-09; True; 1 23 32 39 44 46 56 82 97 130 135 137 153 166 193 209 226 229 248 252 262; 2 7 3 3 7 2 6 4 2 3 4 3
2.2e+05; 3.8e-09; True; 0 1 23 37 38 39 44 46 56 65 73 130 133 137 166 177 193 225 226 248 252 262; 2 6 2 3 6 3 6 4 3 3 3 4
2.22e+05; 4.009e-09; True; 1 23 38 39 44 46 53 56 73 92 130 133 137 153 154 166 193 225 226 248 252 262; 2 7 2 3 6 3 6 5 3 3 3 3
2.25e+05; 4.017e-09; True; 1 23 38 39 44 46 56 73 97 128 130 133 137 148 177 193 204 225 226 248 252 262; 3 6 3 2 6 2 6 4 3 3 4 3
2.26e+05; 4.324e-09; True; 1 23 38 39 44 46 56 82 97 114 130 137 153 159 166 193 209 226 229 248 252 262; 2 7 2 4 7 3 7 4 2 3 4 3
2.27e+05; 4.41e-09; True; 1 18 23 39 44 46 48 73 97 130 135 148 153 154 166 177 193 209 225 226 252 262; 3 6 3 3 7 2 7 4 2 3 3 4
2.42e+05; 4.489e-09; True; 0 1 23 37 38 39 44 46 56 65 73 105 130 133 137 166 177 193 225 226 248 252 262; 2 6 2 3 6 3 6 5 3 3 3 4
2.43e+05; 5.246e-09; True; 1 23 38 39 44 46 53 56 73 92 130 133 137 153 154 166 168 193 225 226 248 252 262; 2 7 2 3 6 4 6 5 3 3 3 3
2.46e+05; 5.53e-09; True; 1 23 38 39 44 46 53 56 73 92 130 133 137 148 154 166 193 225 226 248 252 255 262; 3 6 3 2 6 3 6 5 3 3 3 3
2.47e+05; 5.913e-09; True; 1 23 38 39 44 46 56 73 97 128 130 133 137 148 159 177 193 204 225 226 248 252 262; 3 6 3 2 6 3 6 4 3 3 4 3
2.67e+05; 6.91e-09; True; 1 23 38 39 44 46 53 56 97 128 130 133 137 148 154 166 168 193 205 225 226 248 252 262; 3 6 3 2 7 4 6 4 3 2 5 3
2.68e+05; 7.25e-09; True; 1 4 23 32 38 39 44 65 82 100 123 130 133 144 145 166 168 177 193 209 226 248 252 262; 3 6 3 4 7 3 4 4 2 3 4 3
2.7e+05; 7.554e-09; True; 1 4 18 23 31 39 44 46 53 68 73 97 130 135 166 168 177 193 209 225 226 252 259 262; 2 5 4 3 7 3 6 4 3 3 4 3
