M: 14
Instance: 1
Algorithm: NSGA-II
Iteration: 700
Population Size: 100
Required Skills: 5 9 12 13 14 20 26 30 36 37 39 46 50 51
Distance; Skill Score; isValid; Team; Skill Counts
8002; 2.287e-16; True; 4 47 165 368 390; 1 1 1 1 1 1 1 1 1 2 1 1 1 1
9001; 7.999e-16; True; 20 235 368 384 390; 1 1 2 1 1 2 1 1 2 1 1 1 1 1
1e+04; 3.879e-15; True; 20 43 235 379 390; 1 1 1 1 1 2 2 1 3 1 1 2 2 1
1.3e+04; 1.118e-14; True; 43 72 235 297 368 390; 1 2 3 1 1 2 1 1 3 1 1 2 2 1
1.4e+04; 2.627e-14; True; 4 43 235 297 368 390; 1 2 2 1 1 2 2 1 3 2 1 2 2 1
1.5e+04; 5.081e-14; True; 20 43 235 352 368 390; 1 2 2 1 1 2 2 1 3 2 2 2 2 1
1.8e+04; 5.987e-14; True; 5 43 221 235 297 368 390; 1 2 3 1 2 2 1 1 3 2 1 3 2 1
1.9e+04; 1.017e-13; True; 4 43 47 105 165 368 390; 1 2 2 1 2 2 2 1 2 2 2 2 3 1
2e+04; 2.004e-13; True; 4 43 47 105 235 368 390; 1 2 2 1 2 2 2 1 3 3 2 2 3 1
2.1e+04; 2.908e-13; True; 4 43 105 235 352 368 390; 1 2 2 1 2 2 2 1 3 3 3 2 3 1
2.5e+04; 3.567e-13; True; 4 43 173 184 291 352 368 390; 1 2 2 1 2 2 3 2 3 2 2 3 2 1
2.6e+04; 6.274e-13; True; 5 43 173 184 235 352 368 390; 1 2 2 1 3 2 2 2 4 2 2 4 2 1
2.7e+04; 8.183e-13; True; 4 5 43 47 105 235 368 390; 2 2 2 1 3 2 2 1 3 3 2 3 3 1
2.8e+04; 1.187e-12; True; 4 5 43 105 235 352 368 390; 2 2 2 1 3 2 2 1 3 3 3 3 3 1
3.3e+04; 1.705e-12; True; 5 43 173 184 235 293 352 368 390; 2 2 3 1 3 2 2 2 4 2 2 4 2 1
3.4e+04; 2.652e-12; True; 4 43 105 173 184 235 352 368 390; 1 2 3 1 3 2 3 2 4 3 3 3 3 1
3.5e+04; 3.222e-12; True; 5 20 43 105 235 352 368 384 390; 2 2 3 1 3 3 2 2 3 2 3 3 3 1
3.6e+04; 4.446e-12; True; 4 5 43 105 235 352 368 379 390; 2 2 2 2 3 2 2 2 3 3 3 3 3 1
4.2e+04; 5.719e-12; True; 5 43 105 173 184 235 293 352 368 390; 2 2 4 1 4 2 2 2 4 2 3 4 3 1
4.3e+04; 8.563e-12; True; 4 5 43 105 173 184 235 352 368 390; 2 2 3 1 4 2 3 2 4 3 3 4 3 1
4.4e+04; 1.061e-11; True; 4 20 43 69 105 235 352 368 384 390; 2 3 3 1 3 3 3 2 4 3 3 3 3 1
4.5e+04; 1.444e-11; True; 4 20 43 69 105 235 352 368 379 390; 2 3 3 2 3 2 3 2 4 3 3 3 3 1
5.2e+04; 1.833e-11; True; 4 20 43 69 105 234 235 352 368 379 390; 2 4 3 2 3 2 3 2 4 3 3 3 3 1
5.3e+04; 2.407e-11; True; 4 5 43 105 173 184 235 352 368 379 390; 2 2 3 2 4 2 3 3 4 3 3 4 3 1
5.4e+04; 2.983e-11; True; 4 20 43 69 105 235 352 368 379 384 390; 2 3 3 2 3 3 3 3 4 3 3 3 3 1
5.5e+04; 3.498e-11; True; 4 5 20 43 69 105 235 352 368 379 390; 3 3 3 2 4 2 3 2 4 3 3 4 3 1
6.2e+04; 3.851e-11; True; 5 43 105 173 184 235 270 293 352 368 379 390; 2 2 4 2 4 3 2 3 5 3 3 4 3 1
6.3e+04; 5.129e-11; True; 4 5 43 105 173 184 235 270 352 368 379 390; 2 2 3 2 4 3 3 3 5 4 3 4 3 1
6.4e+04; 6.074e-11; True; 5 20 43 69 105 235 237 239 352 368 384 390; 2 3 4 2 5 3 3 2 5 3 3 4 3 1
6.5e+04; 7.226e-11; True; 4 5 20 43 69 105 235 352 368 379 384 390; 3 3 3 2 4 3 3 3 4 3 3 4 3 1
6.6e+04; 7.561e-11; True; 4 5 20 43 69 105 201 235 352 368 379 390; 3 3 3 2 4 2 4 3 4 3 4 4 3 1
7.4e+04; 1.019e-10; True; 4 5 43 105 173 184 235 270 291 352 368 379 390; 2 2 3 2 4 3 3 3 5 4 3 4 3 2
7.5e+04; 1.201e-10; True; 4 20 43 69 105 173 184 235 270 352 368 379 390; 2 3 4 2 4 3 4 3 6 4 3 4 3 1
7.6e+04; 1.372e-10; True; 4 5 43 69 105 180 184 235 291 352 368 379 390; 2 3 3 2 5 3 3 3 5 3 3 4 3 2
7.7e+04; 1.475e-10; True; 4 5 20 43 69 105 184 235 237 352 368 384 390; 3 3 4 2 5 3 4 3 5 3 3 4 3 1
7.8e+04; 1.611e-10; True; 4 5 20 43 69 105 201 235 270 352 368 379 390; 3 3 3 2 4 3 4 3 5 4 4 4 3 1
8.6e+04; 1.823e-10; True; 4 5 43 105 173 184 235 270 291 352 362 368 379 390; 2 3 4 2 4 3 3 3 5 4 3 4 3 2
8.7e+04; 2.387e-10; True; 4 20 43 69 105 173 184 235 270 291 352 368 379 390; 2 3 4 2 4 3 4 3 6 4 3 4 3 2
8.8e+04; 2.56e-10; True; 4 5 20 43 69 105 173 184 235 270 352 368 379 390; 3 3 4 2 5 3 4 3 6 4 3 5 3 1
8.9e+04; 2.773e-10; True; 4 5 20 43 69 105 235 237 239 352 368 379 384 390; 3 3 4 3 5 3 4 3 5 4 3 4 3 1
9e+04; 3.162e-10; True; 4 5 20 43 69 105 184 205 235 291 352 368 379 390; 3 4 4 2 5 3 3 3 5 3 3 4 3 2
9.901e+04; 3.178e-10; True; 3 5 20 43 69 105 173 184 235 237 270 352 368 384 390; 2 3 4 2 5 4 4 3 7 4 3 5 4 1
1e+05; 4.323e-10; True; 4 5 43 69 105 173 184 235 270 291 293 352 368 379 390; 3 3 4 2 5 3 3 3 6 4 3 5 3 2
1.01e+05; 5.087e-10; True; 4 5 20 43 69 105 173 184 235 270 291 352 368 379 390; 3 3 4 2 5 3 4 3 6 4 3 5 3 2
1.03e+05; 5.344e-10; True; 4 5 43 69 105 184 201 205 235 237 291 293 352 368 390; 3 4 4 2 5 3 4 3 6 3 4 4 3 2
1.04e+05; 5.804e-10; True; 4 5 20 43 69 105 126 184 235 270 291 352 368 379 390; 3 4 4 2 5 3 4 3 5 4 3 5 3 2
1.05e+05; 5.864e-10; True; 4 5 20 43 69 105 165 201 235 237 270 352 368 379 390; 3 3 3 3 4 3 5 3 6 4 4 4 3 2
1.14e+05; 6.456e-10; True; 4 5 43 69 105 173 184 235 270 291 293 352 362 368 379 390; 3 4 5 2 5 3 3 3 6 4 3 5 3 2
1.15e+05; 7.066e-10; True; 4 5 43 69 105 153 173 184 235 270 291 293 352 368 379 390; 3 3 4 2 5 3 3 4 6 4 4 5 3 2
1.16e+05; 8.315e-10; True; 4 5 20 43 69 105 173 184 203 235 270 352 368 379 384 390; 3 3 4 2 5 4 4 4 6 4 3 5 3 2
1.17e+05; 1.005e-09; True; 4 5 43 69 105 201 205 235 237 239 291 293 352 368 379 390; 3 4 4 3 5 3 4 3 6 4 4 4 3 2
1.29e+05; 1.076e-09; True; 4 5 43 47 69 92 105 197 201 235 237 239 291 293 352 368 390; 3 4 4 3 5 3 4 3 5 5 4 4 3 2
1.3e+05; 1.125e-09; True; 4 5 43 69 105 173 184 235 256 270 291 293 352 362 368 379 390; 3 4 5 3 5 3 4 3 6 4 3 5 3 2
1.31e+05; 1.294e-09; True; 4 5 43 69 92 105 173 184 235 237 239 293 319 352 368 379 390; 3 4 5 3 6 3 4 3 6 4 3 5 3 2
1.32e+05; 1.484e-09; True; 4 5 20 43 69 105 173 184 203 235 237 270 352 368 379 384 390; 3 3 4 3 5 4 5 4 7 4 3 5 3 2
1.33e+05; 1.56e-09; True; 4 5 20 43 69 105 173 184 203 205 235 237 239 352 368 379 390; 3 4 5 3 6 3 5 3 7 4 3 5 3 2
1.34e+05; 1.643e-09; True; 4 5 43 69 92 105 184 201 235 237 270 291 293 352 368 379 390; 3 4 4 3 5 4 4 4 6 4 4 4 3 2
1.46e+05; 1.885e-09; True; 4 5 20 43 69 105 173 184 203 234 235 237 270 352 368 379 384 390; 3 4 4 3 5 4 5 4 7 4 3 5 3 2
1.47e+05; 1.973e-09; True; 3 4 5 20 43 69 105 173 184 203 235 239 270 352 368 379 384 390; 3 3 5 2 6 4 4 4 6 6 3 5 4 2
1.48e+05; 2.392e-09; True; 4 5 20 43 69 105 173 184 203 235 237 239 270 352 368 379 384 390; 3 3 5 3 6 4 5 4 7 5 3 5 3 2
1.49e+05; 2.661e-09; True; 3 4 5 43 69 105 126 184 201 205 235 237 291 293 352 368 379 390; 3 5 4 3 5 3 5 4 6 4 4 5 4 2
1.52e+05; 2.679e-09; True; 5 20 43 69 105 184 201 205 235 237 239 270 299 319 352 368 379 390; 3 4 5 3 6 4 5 4 7 4 4 4 3 2
1.65e+05; 3.435e-09; True; 4 5 20 43 69 105 173 184 203 235 237 239 270 352 362 368 379 384 390; 3 4 6 3 6 4 5 4 7 5 3 5 3 2
1.66e+05; 3.63e-09; True; 3 4 5 43 69 86 105 126 184 201 205 235 237 291 293 352 368 379 390; 3 6 4 3 5 3 5 4 6 5 4 5 4 2
1.68e+05; 4.202e-09; True; 4 5 43 51 69 105 184 201 205 235 237 239 270 291 293 352 368 379 390; 3 4 5 4 6 4 5 4 7 5 4 4 3 2
1.81e+05; 5.056e-09; True; 3 4 5 20 43 69 105 173 184 203 235 237 239 270 352 362 368 379 384 390; 3 4 6 3 6 4 5 4 7 6 3 5 4 2
1.87e+05; 5.306e-09; True; 4 5 43 69 98 105 165 201 205 235 237 239 270 291 293 352 368 379 385 390; 3 4 4 3 5 5 5 3 7 5 4 5 4 3
2.03e+05; 5.328e-09; True; 4 5 20 43 47 92 105 126 158 173 184 235 237 239 283 293 319 352 368 379 390; 4 4 6 3 5 3 6 4 5 5 5 5 4 2
2.04e+05; 6.634e-09; True; 4 5 20 31 43 69 105 170 173 184 203 235 237 239 270 352 362 368 379 384 390; 4 4 7 3 6 4 5 5 7 6 3 5 3 2
2.07e+05; 9.114e-09; True; 4 5 43 69 105 165 184 201 205 235 237 239 270 291 293 299 352 368 379 385 390; 4 4 5 3 6 5 5 4 7 5 4 5 3 3
2.26e+05; 9.173e-09; True; 4 5 20 43 47 69 78 105 126 158 160 173 184 235 237 239 293 319 352 368 379 390; 4 4 6 3 6 3 6 4 6 6 4 6 5 2
2.27e+05; 9.421e-09; True; 4 5 11 43 69 98 105 165 184 201 205 235 237 239 291 293 299 352 368 379 384 390; 4 4 5 3 6 4 6 5 6 4 5 4 4 3
2.28e+05; 1.258e-08; True; 4 5 43 69 98 105 165 184 201 205 235 237 239 270 291 293 299 352 368 379 385 390; 4 4 5 3 6 5 6 4 7 5 4 5 4 3
2.49e+05; 1.331e-08; True; 4 5 43 69 98 105 165 184 201 205 235 237 239 270 291 293 298 300 352 368 379 385 390; 3 4 6 3 6 5 6 4 7 5 4 5 5 3
2.5e+05; 1.523e-08; True; 4 5 43 69 98 105 123 165 184 201 205 235 237 239 270 291 293 299 352 368 379 385 390; 4 4 5 3 6 5 6 4 7 5 5 5 4 3
2.72e+05; 1.549e-08; True; 1 4 5 43 69 98 105 165 184 201 205 235 237 239 270 291 293 299 300 352 368 379 385 390; 4 4 6 3 6 5 8 4 7 5 4 5 4 3
2.73e+05; 1.773e-08; True; 4 5 43 69 98 105 165 184 201 205 235 237 239 265 270 291 293 299 300 352 368 379 385 390; 4 4 6 3 6 5 8 4 7 6 4 5 4 3
2.96e+05; 2.146e-08; True; 4 5 11 43 69 98 105 165 184 201 205 235 237 239 265 270 291 293 299 300 352 368 379 385 390; 4 4 6 3 6 5 8 4 7 6 5 5 4 3
3.15e+05; 2.196e-08; True; 3 4 5 17 43 69 83 105 153 165 173 235 237 256 270 288 291 293 337 352 362 368 379 384 385 390; 3 4 5 4 5 6 6 5 7 5 4 6 5 3
3.21e+05; 2.198e-08; True; 1 4 5 43 57 69 98 105 165 184 201 205 235 237 239 265 270 291 293 299 300 352 368 379 385 390; 5 4 6 3 6 5 9 4 7 6 4 5 4 3
3.22e+05; 2.251e-08; True; 4 5 13 43 69 98 105 165 184 201 205 235 237 239 257 265 270 291 293 299 300 352 368 379 385 390; 4 5 6 3 6 5 8 4 8 6 4 5 4 3
3.41e+05; 2.401e-08; True; 3 4 5 20 21 43 69 82 105 117 162 168 173 184 235 237 270 291 293 324 339 344 352 368 379 384 390; 6 4 7 3 6 5 6 4 10 5 4 5 6 2
3.46e+05; 2.651e-08; True; 1 4 5 43 57 69 98 105 165 176 184 201 205 235 237 239 265 270 291 293 299 300 352 368 379 385 390; 5 4 6 3 6 5 9 4 7 6 4 5 5 3
3.47e+05; 2.756e-08; True; 4 5 43 69 98 105 165 184 201 205 235 237 239 257 265 270 291 293 299 300 319 337 352 368 379 385 390; 4 4 7 3 6 5 8 4 8 6 4 5 4 4
3.72e+05; 2.914e-08; True; 5 20 43 69 73 81 83 99 105 133 158 162 173 180 184 190 203 205 235 237 244 270 295 334 352 368 379 390; 5 5 5 4 6 7 6 5 10 5 4 5 4 2
