M: 16
Instance: 1
Algorithm: NSGA-II
Iteration: 800
Population Size: 100
Required Skills: 1 6 14 15 22 23 34 36 39 40 43 46 48 50 51 57
Distance; Skill Score; isValid; Team; Skill Counts
6000; 9.475e-21; True; 295 316 554 654; 1 1 2 1 1 1 1 1 1 1 1 1 2 1 1 2
8002; 3.281e-20; True; 101 295 475 554 654; 2 1 3 1 1 1 1 1 1 1 1 1 2 1 1 3
9001; 5.17e-20; True; 7 295 475 554 654; 2 1 2 1 1 1 2 1 1 1 1 1 3 1 1 3
1e+04; 4.308e-19; True; 64 295 316 554 654; 2 2 2 1 1 1 2 2 1 1 1 2 2 2 1 2
1.2e+04; 6.565e-19; True; 101 270 295 316 554 654; 2 2 3 1 1 1 2 2 1 1 1 2 3 1 1 4
1.3e+04; 1.125e-18; True; 64 101 295 316 554 654; 3 2 3 1 1 1 2 2 1 1 1 2 2 2 1 3
1.4e+04; 1.335e-18; True; 7 64 295 475 554 654; 3 2 2 1 1 1 3 2 1 1 1 2 3 2 1 3
1.5e+04; 4.2e-18; True; 64 295 316 378 554 654; 2 3 3 1 1 2 3 2 1 1 1 2 3 2 1 3
1.8e+04; 7.162e-18; True; 64 101 270 295 475 554 654; 3 3 3 1 1 1 3 3 1 1 1 3 3 2 1 4
1.9e+04; 9.275e-18; True; 7 64 378 461 475 554 654; 3 3 3 2 1 1 4 2 1 1 1 2 4 2 1 4
2e+04; 9.97e-18; True; 64 270 295 316 554 593 654; 2 3 2 1 1 1 4 3 2 1 1 3 4 2 1 4
2.1e+04; 2.6e-17; True; 64 168 295 378 475 554 654; 2 3 4 1 1 2 4 2 2 1 1 2 4 3 1 4
2.5e+04; 4.179e-17; True; 64 101 168 270 295 475 554 654; 3 3 4 1 1 1 4 3 2 1 1 3 4 3 1 5
2.6e+04; 4.768e-17; True; 64 101 168 295 316 378 554 654; 3 3 5 1 1 2 4 2 2 1 1 2 4 3 1 5
2.7e+04; 6.908e-17; True; 64 156 168 295 372 475 554 654; 3 3 4 1 1 2 3 3 2 1 1 2 4 3 2 3
2.8e+04; 1.343e-16; True; 64 168 295 316 378 461 554 654; 3 3 4 2 1 2 4 2 2 2 1 2 4 3 1 4
3.3e+04; 1.929e-16; True; 64 101 168 270 295 461 475 554 654; 4 3 4 2 1 1 4 3 2 2 1 3 4 3 1 5
3.4e+04; 2.241e-16; True; 7 64 168 295 378 461 475 554 654; 4 3 4 2 1 2 5 2 2 2 1 2 5 3 1 5
3.5e+04; 3.368e-16; True; 64 156 168 372 378 461 475 554 654; 3 4 5 2 1 2 4 3 2 1 1 2 5 3 2 4
3.6e+04; 5.328e-16; True; 64 168 295 316 378 461 475 554 654; 3 3 4 2 1 2 4 2 2 2 2 2 4 3 2 4
4.2e+04; 8.108e-16; True; 64 101 168 270 295 316 378 461 554 654; 4 4 5 2 1 2 5 3 2 2 1 3 5 3 1 6
4.3e+04; 8.889e-16; True; 7 64 168 295 316 378 461 475 554 654; 4 3 4 2 1 2 5 2 2 2 2 2 5 3 2 5
4.4e+04; 1.22e-15; True; 64 156 168 270 295 372 461 475 554 654; 4 4 4 2 1 2 4 4 2 2 1 3 5 3 2 4
4.5e+04; 2.034e-15; True; 64 168 270 295 316 378 461 475 554 654; 3 4 4 2 1 2 5 3 2 2 2 3 5 3 2 5
5.2e+04; 3.216e-15; True; 64 101 168 270 295 316 378 461 475 554 654; 4 4 5 2 1 2 5 3 2 2 2 3 5 3 2 6
5.4e+04; 4.378e-15; True; 64 168 270 295 316 378 461 475 510 554 654; 3 4 4 2 2 2 6 3 2 2 2 3 5 3 2 5
5.5e+04; 6.759e-15; True; 64 168 270 295 314 316 378 461 475 554 654; 3 4 4 2 2 2 5 3 3 2 2 3 6 3 2 6
6.2e+04; 6.924e-15; True; 64 101 168 270 295 316 378 461 475 510 554 654; 4 4 5 2 2 2 6 3 2 2 2 3 5 3 2 6
6.3e+04; 1.045e-14; True; 64 101 168 270 295 314 316 378 461 475 554 654; 4 4 5 2 2 2 5 3 3 2 2 3 6 3 2 7
6.5e+04; 1.25e-14; True; 64 156 168 270 295 314 316 372 461 475 554 654; 4 4 4 2 2 2 4 4 3 2 2 3 6 3 3 5
6.6e+04; 1.66e-14; True; 64 103 168 270 295 314 316 378 461 475 554 654; 3 4 5 2 2 2 6 4 3 2 2 4 7 3 2 7
7.4e+04; 1.862e-14; True; 64 101 156 168 270 295 314 316 372 461 475 554 654; 5 4 5 2 2 2 4 4 3 2 2 3 6 3 3 6
7.5e+04; 2.426e-14; True; 64 101 103 168 270 295 314 316 378 461 475 554 654; 4 4 6 2 2 2 6 4 3 2 2 4 7 3 2 8
7.6e+04; 2.562e-14; True; 64 156 168 295 314 316 372 378 461 475 543 554 654; 4 4 5 3 2 3 5 4 3 2 2 2 6 3 3 5
7.7e+04; 3.511e-14; True; 64 156 168 270 295 314 316 372 378 461 475 554 654; 4 5 5 2 2 3 5 4 3 2 2 3 7 3 3 6
7.8e+04; 3.809e-14; True; 64 103 168 270 295 314 316 378 461 475 554 592 654; 4 4 5 2 2 2 6 4 4 3 2 4 7 3 2 7
8.7e+04; 4.91e-14; True; 64 101 156 168 270 295 314 316 372 378 461 475 554 654; 5 5 6 2 2 3 5 4 3 2 2 3 7 3 3 7
8.8e+04; 5.002e-14; True; 64 101 103 168 270 295 314 316 372 378 461 475 554 654; 5 4 6 2 2 2 6 5 3 2 2 4 8 3 3 8
8.9e+04; 6.771e-14; True; 64 156 168 270 295 314 316 372 378 461 475 543 554 654; 4 5 5 3 2 3 6 5 3 2 2 3 7 3 3 6
9e+04; 7.674e-14; True; 64 103 156 168 270 295 314 316 372 378 461 475 554 654; 4 5 6 2 2 3 6 5 3 2 2 4 8 3 3 7
9.1e+04; 8.045e-14; True; 64 103 156 168 270 295 314 316 378 461 475 554 592 654; 4 5 6 2 2 3 6 4 4 3 2 4 7 3 2 7
1.01e+05; 9.804e-14; True; 64 101 156 168 270 295 314 316 378 461 475 543 554 592 654; 5 5 6 3 2 3 6 4 4 3 2 3 6 3 2 7
1.02e+05; 1.079e-13; True; 64 103 156 168 295 314 316 372 378 452 461 475 543 554 654; 5 4 6 3 2 3 6 5 3 3 2 3 7 3 3 6
1.03e+05; 1.411e-13; True; 64 103 156 168 295 314 316 372 378 461 475 543 554 592 654; 5 4 6 3 2 3 6 5 4 3 2 3 7 3 3 6
1.04e+05; 1.659e-13; True; 64 103 156 168 270 295 314 316 372 378 461 475 554 592 654; 5 5 6 2 2 3 6 5 4 3 2 4 8 3 3 7
1.15e+05; 1.975e-13; True; 64 101 156 168 270 295 314 316 372 378 461 475 543 554 592 654; 6 5 6 3 2 3 6 5 4 3 2 3 7 3 3 7
1.16e+05; 1.987e-13; True; 64 71 101 103 156 168 270 295 316 372 378 461 475 554 592 654; 6 6 7 2 2 3 7 5 3 3 2 4 7 3 3 8
1.17e+05; 2.296e-13; True; 64 103 156 168 270 295 314 316 372 378 461 475 490 543 554 654; 5 5 6 3 2 3 7 6 3 3 2 4 8 3 3 7
1.18e+05; 3.001e-13; True; 64 103 156 168 270 295 314 316 372 378 461 475 543 554 592 654; 5 5 6 3 2 3 7 6 4 3 2 4 8 3 3 7
1.19e+05; 3.242e-13; True; 64 103 156 168 261 270 295 314 316 372 378 461 475 554 592 654; 5 6 6 3 2 3 7 5 4 3 2 4 9 3 3 8
1.32e+05; 3.709e-13; True; 1 64 103 111 137 156 168 270 295 314 316 372 378 461 475 554 654; 5 6 6 2 3 3 7 6 4 2 3 4 8 3 3 8
1.33e+05; 4.653e-13; True; 64 103 156 168 270 295 314 316 372 378 461 475 510 543 554 592 654; 5 5 6 3 3 3 8 6 4 3 2 4 8 3 3 7
1.34e+05; 4.868e-13; True; 64 103 111 156 168 270 295 314 316 372 378 461 475 554 592 650 654; 6 5 6 2 3 3 7 6 4 3 3 4 8 3 3 7
1.35e+05; 5.185e-13; True; 64 71 103 156 168 270 295 314 316 372 374 378 461 475 554 592 654; 5 6 6 3 3 3 8 5 4 3 2 4 9 3 3 9
1.48e+05; 5.916e-13; True; 1 64 103 111 137 156 168 270 295 314 316 372 378 461 475 490 554 654; 6 6 6 2 3 3 7 6 4 3 3 4 8 3 3 8
1.49e+05; 6.021e-13; True; 1 35 64 103 111 137 156 168 270 295 314 316 372 378 461 475 554 654; 6 6 6 2 3 3 7 6 4 3 3 4 9 3 3 8
1.5e+05; 8.428e-13; True; 64 103 111 156 168 270 295 314 316 372 378 461 475 543 554 592 650 654; 6 5 6 3 3 3 8 7 4 3 3 4 8 3 3 7
1.65e+05; 9.116e-13; True; 1 64 101 103 156 168 261 270 295 314 316 372 378 461 475 554 571 592 654; 6 6 7 3 3 3 7 6 4 4 2 4 9 3 3 9
1.67e+05; 9.292e-13; True; 1 35 64 103 111 137 156 168 270 295 314 316 318 372 378 461 475 554 654; 7 6 6 2 3 3 7 7 4 4 3 4 9 3 3 8
1.68e+05; 1.348e-12; True; 64 103 111 156 168 242 270 295 314 316 372 378 461 475 543 554 592 650 654; 6 5 6 3 3 3 8 7 5 3 3 4 8 4 3 7
1.86e+05; 1.42e-12; True; 8 64 103 137 156 168 261 295 314 316 372 378 415 461 475 522 543 554 592 654; 5 6 7 4 3 3 8 6 5 3 2 4 9 4 3 9
1.87e+05; 1.849e-12; True; 64 103 111 156 168 242 270 295 314 316 372 378 431 461 475 543 554 592 650 654; 6 5 6 4 3 3 8 7 5 3 3 4 8 4 3 8
2.05e+05; 1.949e-12; True; 6 64 71 94 103 111 156 168 220 242 270 295 314 316 372 378 452 461 475 554 654; 7 6 7 3 3 3 8 6 4 4 3 4 8 4 3 9
2.06e+05; 2.607e-12; True; 35 64 103 111 156 168 242 270 295 314 316 372 378 431 461 475 543 554 592 650 654; 7 5 6 4 3 3 8 7 5 4 3 4 9 4 3 8
2.26e+05; 2.788e-12; True; 6 64 71 94 103 111 156 168 220 242 270 295 314 316 372 378 452 453 461 475 554 654; 7 6 7 3 3 4 9 6 4 4 3 4 9 4 3 10
2.27e+05; 3.111e-12; True; 64 103 111 127 156 168 242 270 295 314 316 318 372 378 453 461 475 543 554 592 650 654; 8 5 6 3 3 4 9 8 5 4 3 4 9 4 3 8
2.28e+05; 3.579e-12; True; 64 103 111 137 156 168 220 242 270 295 314 316 372 378 431 461 475 543 554 592 650 654; 6 6 7 4 3 3 8 9 6 3 3 4 8 4 3 10
2.48e+05; 3.786e-12; True; 8 64 103 137 156 168 196 261 295 314 316 372 378 415 461 475 522 543 554 571 592 650 654; 6 6 7 4 4 3 8 8 6 4 2 4 9 4 3 9
2.49e+05; 4.6e-12; True; 64 103 111 137 156 168 181 220 242 259 270 295 314 316 372 378 461 475 543 554 592 650 654; 6 6 7 3 3 3 8 9 6 4 3 4 8 4 4 9
2.5e+05; 5.002e-12; True; 64 103 111 137 156 165 168 220 242 270 295 314 316 372 378 453 461 475 543 554 592 650 654; 6 6 7 4 3 4 9 9 6 3 3 4 9 4 3 10
2.71e+05; 5.081e-12; True; 64 103 111 137 156 168 181 242 248 270 295 314 316 372 378 431 461 475 515 543 554 592 650 654; 7 6 6 4 3 3 9 8 6 4 3 5 8 4 3 9
2.72e+05; 6.193e-12; True; 64 103 111 137 156 168 181 220 242 259 270 295 314 316 372 378 431 461 475 543 554 592 650 654; 6 6 7 4 3 3 8 9 6 4 3 4 8 4 4 10
2.95e+05; 6.365e-12; True; 64 103 111 137 156 168 181 220 242 248 270 295 314 316 372 378 431 461 475 515 543 554 592 650 654; 7 6 7 4 3 3 9 9 6 4 3 5 8 4 3 10
2.96e+05; 7.949e-12; True; 64 103 111 137 156 168 181 220 242 259 270 295 314 316 372 378 431 461 475 515 543 554 592 650 654; 6 6 7 4 3 3 9 9 6 4 3 5 8 4 4 10
3.19e+05; 9.008e-12; True; 13 64 103 111 137 156 168 181 220 242 259 270 295 314 316 372 378 431 461 475 515 543 554 592 650 654; 6 7 7 4 3 3 9 9 6 4 3 5 8 4 4 10
3.21e+05; 9.723e-12; True; 44 64 103 111 137 156 168 181 220 242 259 270 295 314 316 372 378 431 461 475 515 543 554 592 650 654; 6 6 7 4 3 3 9 9 6 4 3 5 8 5 4 10
3.45e+05; 1.1e-11; True; 13 64 103 111 137 156 168 181 220 242 259 270 295 314 316 372 378 431 461 475 515 543 554 592 629 650 654; 6 7 7 4 3 3 9 9 6 5 3 5 8 4 4 10
3.47e+05; 1.132e-11; True; 44 64 85 103 111 137 156 168 181 220 242 259 270 295 314 316 372 378 431 461 475 515 543 554 592 650 654; 6 6 7 4 3 3 9 9 7 4 3 5 8 5 4 11
3.7e+05; 1.208e-11; True; 10 44 64 103 111 137 156 168 181 220 242 259 270 295 314 316 372 378 431 461 475 515 543 554 592 629 650 654; 6 6 7 4 3 3 9 9 6 5 3 5 8 5 4 11
3.74e+05; 1.299e-11; True; 44 64 84 103 111 137 156 168 181 220 242 259 270 295 314 316 372 378 431 461 475 515 543 554 592 629 650 654; 7 6 7 4 3 3 10 9 6 5 3 5 8 5 4 10
4.26e+05; 1.323e-11; True; 8 64 101 103 111 156 161 168 187 270 287 295 314 316 370 372 375 378 451 461 462 475 506 513 522 543 554 592 650 654; 10 5 8 3 4 4 12 8 5 5 3 5 8 6 3 10
4.56e+05; 1.349e-11; True; 8 64 101 103 111 156 161 168 187 270 287 295 314 316 370 372 375 378 438 451 461 462 475 506 513 522 543 554 592 650 654; 11 5 8 3 4 4 12 8 5 5 3 5 8 6 3 10
4.87e+05; 1.369e-11; True; 8 64 101 103 111 156 161 168 187 270 287 295 314 316 339 370 372 375 378 438 451 461 462 475 506 513 522 543 554 592 650 654; 12 5 8 3 4 4 12 8 5 5 3 5 8 6 3 10
