M: 18
Instance: 1
Algorithm: NSGA-II
Iteration: 900
Population Size: 100
Required Skills: 5 6 8 10 11 13 16 17 20 22 26 27 29 34 38 42 49 55
Distance; Skill Score; isValid; Team; Skill Counts
2e+04; 2.404e-23; True; 82 116 158 286 290 321 336; 1 1 1 1 1 1 2 1 1 1 2 1 1 3 1 1 1 1
2.1e+04; 2.804e-23; True; 82 158 286 290 321 336 413; 1 1 1 1 1 1 2 1 1 1 2 1 1 4 1 1 1 1
2.5e+04; 8.477e-23; True; 82 116 158 286 290 321 323 336; 1 1 1 1 1 1 2 1 2 1 2 1 1 3 2 1 1 1
2.6e+04; 1.785e-22; True; 62 82 112 116 321 336 386 411; 1 2 1 1 2 1 2 1 1 1 2 1 2 3 1 1 1 1
2.7e+04; 3.426e-22; True; 62 82 112 116 290 321 336 411; 1 2 1 1 2 1 2 1 1 1 2 2 2 3 1 1 1 1
2.8e+04; 4.375e-22; True; 62 82 112 290 336 385 411 413; 1 2 1 1 1 1 2 1 2 1 2 2 2 5 1 1 1 1
3.2e+04; 5.089e-22; True; 5 62 82 112 116 321 336 401 411; 1 2 1 1 2 1 2 1 1 1 3 1 2 4 2 1 1 1
3.3e+04; 8.52e-22; True; 62 82 116 158 286 290 321 323 336; 1 1 1 1 2 2 2 1 2 1 3 2 1 3 2 1 1 1
3.4e+04; 1.609e-21; True; 62 82 112 116 286 321 336 386 411; 1 2 1 1 2 2 3 2 1 1 3 1 2 4 1 1 1 1
3.5e+04; 3.086e-21; True; 62 82 112 116 286 290 321 336 411; 1 2 1 1 2 2 3 2 1 1 3 2 2 4 1 1 1 1
3.6e+04; 3.605e-21; True; 62 82 112 286 290 336 385 411 413; 1 2 1 1 1 2 3 2 2 1 3 2 2 6 1 1 1 1
4.1e+04; 5.589e-21; True; 62 82 112 116 286 290 321 336 401 411; 1 2 1 1 2 2 3 2 1 1 3 2 2 4 2 1 1 1
4.3e+04; 1.143e-20; True; 62 82 112 116 286 290 321 336 386 411; 2 2 1 2 2 2 3 2 1 1 3 2 2 4 1 1 1 1
4.4e+04; 1.553e-20; True; 48 62 82 112 116 286 290 321 336 380; 2 2 1 1 2 2 3 2 2 1 4 2 2 5 1 1 1 1
4.5e+04; 1.681e-20; True; 5 62 82 112 286 290 336 385 411 413; 2 2 1 2 1 2 3 2 2 1 4 2 2 7 1 1 1 1
5.1e+04; 2.812e-20; True; 48 62 82 112 116 286 290 321 336 380 401; 2 2 1 1 2 2 3 2 2 1 4 2 2 5 2 1 1 1
5.2e+04; 4.032e-20; True; 62 82 112 116 286 290 321 323 336 386 411; 2 2 1 2 2 2 3 2 2 1 3 2 2 4 2 1 1 1
5.3e+04; 5.547e-20; True; 48 62 82 112 116 286 290 321 336 386 411; 2 3 1 2 2 2 4 2 2 1 4 2 2 5 1 1 1 1
5.4e+04; 6.713e-20; True; 5 48 62 82 112 116 286 290 321 336 411; 2 3 1 2 2 2 4 2 2 1 5 2 2 6 1 1 1 1
5.5e+04; 7.016e-20; True; 5 48 62 82 112 286 290 321 336 411 413; 2 3 1 2 2 2 4 2 2 1 5 2 2 7 1 1 1 1
6.1e+04; 7.3e-20; True; 5 62 82 112 116 286 290 321 323 336 406 411; 2 2 1 2 2 2 3 2 2 1 4 2 2 5 3 1 1 1
6.2e+04; 1.216e-19; True; 5 48 62 82 112 116 286 290 321 336 401 411; 2 3 1 2 2 2 4 2 2 1 5 2 2 6 2 1 1 1
6.3e+04; 1.57e-19; True; 62 82 112 116 158 286 290 321 336 386 411 486; 2 2 1 2 2 2 3 2 2 2 3 2 2 4 2 1 2 1
6.4e+04; 2.086e-19; True; 5 62 82 112 116 158 286 290 321 336 411 486; 2 2 1 2 2 2 3 2 2 2 4 2 2 5 2 1 2 1
6.5e+04; 2.38e-19; True; 5 48 62 82 112 116 158 286 290 321 336 411; 2 3 1 2 2 2 4 2 2 2 5 2 2 6 2 1 1 1
6.6e+04; 2.487e-19; True; 5 48 62 82 112 158 286 290 321 336 411 413; 2 3 1 2 2 2 4 2 2 2 5 2 2 7 2 1 1 1
7.3e+04; 3.127e-19; True; 62 82 112 116 158 286 290 321 323 336 386 411 486; 2 2 1 2 2 2 3 2 3 2 3 2 2 4 3 1 2 1
7.4e+04; 4.153e-19; True; 5 62 82 112 116 158 286 290 321 323 336 411 486; 2 2 1 2 2 2 3 2 3 2 4 2 2 5 3 1 2 1
7.5e+04; 5.915e-19; True; 62 82 112 116 158 286 290 321 336 386 411 413 486; 2 3 1 2 2 2 3 2 2 2 4 2 2 5 2 2 2 1
7.6e+04; 7.681e-19; True; 5 62 82 112 116 158 227 286 290 321 336 411 486; 2 3 1 2 2 2 4 2 2 2 4 2 2 5 2 1 2 2
7.7e+04; 8.196e-19; True; 5 62 82 112 158 227 286 290 321 336 411 413 486; 2 3 1 2 2 2 4 2 2 2 4 2 2 6 2 1 2 2
8.6e+04; 1.178e-18; True; 62 82 112 116 158 286 290 321 323 336 386 411 413 486; 2 3 1 2 2 2 3 2 3 2 4 2 2 5 3 2 2 1
8.7e+04; 1.529e-18; True; 5 62 82 112 116 158 227 286 290 321 323 336 411 486; 2 3 1 2 2 2 4 2 3 2 4 2 2 5 3 1 2 2
8.8e+04; 1.937e-18; True; 62 82 112 116 158 227 286 290 321 336 386 411 413 486; 2 4 1 2 2 2 4 2 2 2 4 2 2 5 2 2 2 2
8.9e+04; 2.345e-18; True; 5 62 82 112 116 158 227 286 290 321 336 411 413 486; 2 4 1 2 2 2 4 2 2 2 5 2 2 6 2 2 2 2
1e+05; 3.858e-18; True; 62 82 112 116 158 227 286 290 321 323 336 386 411 413 486; 2 4 1 2 2 2 4 2 3 2 4 2 2 5 3 2 2 2
1.01e+05; 4.669e-18; True; 5 62 82 112 116 158 227 286 290 321 323 336 411 413 486; 2 4 1 2 2 2 4 2 3 2 5 2 2 6 3 2 2 2
1.02e+05; 4.891e-18; True; 5 62 82 112 116 158 227 286 290 321 336 386 411 413 486; 3 4 1 3 2 2 4 2 2 2 5 2 2 6 2 2 2 2
1.03e+05; 5.745e-18; True; 5 48 62 82 112 116 158 227 286 290 321 336 411 413 486; 2 5 1 2 2 2 5 2 3 2 6 2 2 7 2 2 2 2
1.14e+05; 7.043e-18; True; 5 62 80 82 112 116 158 227 286 290 321 336 386 411 413 486; 3 4 1 3 2 2 4 2 2 2 5 3 2 6 2 2 2 2
1.15e+05; 9.08e-18; True; 5 62 82 112 116 158 194 227 286 290 321 323 336 411 413 486; 2 5 1 2 2 2 4 2 3 2 6 2 3 6 3 2 2 2
1.16e+05; 1.025e-17; True; 5 6 62 82 112 116 158 227 286 290 321 323 336 411 413 486; 3 4 1 2 2 2 4 2 3 2 5 3 2 7 3 2 2 2
1.17e+05; 1.142e-17; True; 5 48 62 73 82 112 116 158 227 286 290 321 336 411 413 486; 2 5 2 2 2 2 5 2 3 2 6 2 2 7 2 2 2 2
1.18e+05; 1.249e-17; True; 5 48 62 82 112 116 158 227 286 290 321 336 411 413 477 486; 2 5 1 2 2 2 5 3 3 3 6 2 2 7 2 2 2 2
1.19e+05; 1.269e-17; True; 5 48 62 82 112 158 172 227 286 290 321 336 380 411 413 486; 3 5 1 2 2 2 5 2 3 3 6 2 2 8 2 2 2 2
1.3e+05; 1.566e-17; True; 5 62 82 112 116 158 194 227 286 289 290 321 323 336 411 413 486; 2 6 1 3 2 2 4 2 3 2 6 2 3 7 3 2 2 2
1.31e+05; 2.033e-17; True; 5 62 82 112 116 158 194 227 286 290 321 323 336 380 411 413 486; 3 5 1 2 2 2 4 2 3 3 6 2 3 7 3 2 2 2
1.32e+05; 2.09e-17; True; 18 48 62 73 82 112 116 158 227 286 290 321 336 380 386 411 486; 3 4 2 2 2 2 6 2 3 3 5 2 2 6 2 2 2 2
1.33e+05; 2.226e-17; True; 5 6 62 82 112 116 158 201 227 286 290 321 336 385 411 413 486; 3 4 1 3 2 2 4 2 3 2 5 3 2 8 3 2 2 3
1.34e+05; 2.681e-17; True; 5 48 62 82 112 116 139 158 172 227 286 290 321 336 411 477 486; 3 5 1 2 3 2 5 3 3 3 6 2 2 7 2 2 2 2
1.46e+05; 3.103e-17; True; 6 62 82 112 116 158 194 197 227 286 290 321 323 336 380 413 477 486; 3 4 1 2 2 2 3 3 3 3 5 4 3 6 3 2 2 2
1.48e+05; 3.535e-17; True; 5 62 82 112 116 158 194 227 259 286 290 321 323 336 380 411 413 486; 3 5 1 3 2 2 4 2 3 3 6 2 3 7 4 2 2 2
1.49e+05; 4.594e-17; True; 2 5 48 62 82 112 116 218 226 227 286 290 321 336 411 413 477 486; 3 5 1 3 3 2 6 3 3 2 7 2 2 8 3 2 2 2
1.51e+05; 5.328e-17; True; 5 48 62 82 112 116 158 227 242 262 286 290 321 336 411 413 477 486; 3 5 2 2 3 2 5 3 3 3 6 2 2 7 2 2 2 2
1.52e+05; 5.454e-17; True; 5 48 62 82 112 116 227 286 290 321 336 378 380 411 413 477 486 489; 3 5 2 3 2 2 5 3 3 3 6 2 2 9 2 2 2 2
1.64e+05; 6.425e-17; True; 5 48 62 73 82 112 116 227 242 286 290 321 323 336 401 411 413 477 486; 3 5 2 2 3 2 5 3 4 2 6 2 2 7 3 2 2 2
1.65e+05; 7.128e-17; True; 5 48 62 73 82 112 116 227 242 286 290 321 336 380 401 411 413 477 486; 4 5 2 2 3 2 5 3 3 3 6 2 2 8 2 2 2 2
1.66e+05; 8.442e-17; True; 6 48 62 67 82 112 116 158 227 286 290 321 323 336 386 411 413 477 486; 3 5 2 2 2 2 5 3 4 3 5 3 2 7 3 2 2 2
1.67e+05; 8.786e-17; True; 2 5 48 62 82 112 114 116 218 226 227 286 290 321 336 411 413 477 486; 3 5 1 3 3 2 6 3 4 2 7 2 2 8 3 2 2 3
1.68e+05; 9.582e-17; True; 2 5 48 62 82 112 116 218 227 262 286 290 321 336 380 411 413 477 486; 3 5 2 2 3 2 6 3 3 3 7 2 2 9 3 2 2 2
1.69e+05; 1.049e-16; True; 5 6 48 62 82 112 116 158 227 242 286 290 321 336 378 411 413 477 486; 4 5 2 2 3 2 5 3 3 3 6 3 2 9 2 2 2 2
1.7e+05; 1.05e-16; True; 5 6 48 62 82 112 116 227 253 286 290 321 336 410 411 413 477 486 489; 3 5 2 3 3 2 5 3 3 2 6 3 2 8 3 2 2 2
1.83e+05; 1.262e-16; True; 5 48 62 73 82 112 116 227 242 286 290 321 323 336 380 401 411 413 477 486; 4 5 2 2 3 2 5 3 4 3 6 2 2 8 3 2 2 2
1.84e+05; 1.363e-16; True; 5 48 62 73 82 112 114 116 227 242 286 290 321 336 380 401 411 413 477 486; 4 5 2 2 3 2 5 3 4 3 6 2 2 8 2 2 2 3
1.85e+05; 1.556e-16; True; 6 48 62 82 112 116 121 172 194 197 201 286 290 321 336 378 380 411 477 486; 3 5 2 3 2 2 5 3 3 3 7 4 3 8 2 2 2 2
1.86e+05; 1.631e-16; True; 6 48 62 82 112 114 116 158 227 242 286 289 290 321 336 378 411 413 477 486; 3 6 2 2 3 2 5 3 4 3 5 3 2 9 2 2 2 3
1.87e+05; 1.868e-16; True; 6 18 48 62 73 82 112 116 139 158 227 257 286 290 321 336 411 413 477 486; 3 5 2 2 3 2 6 3 3 3 6 3 2 8 3 3 2 2
2.02e+05; 1.977e-16; True; 2 48 62 67 82 112 116 119 158 194 227 286 290 297 321 323 336 386 411 477 486; 3 5 2 3 2 2 6 3 4 3 7 2 3 6 4 2 2 2
2.03e+05; 2.263e-16; True; 5 48 62 73 82 112 114 116 227 242 286 290 321 323 336 380 401 411 413 477 486; 4 5 2 2 3 2 5 3 5 3 6 2 2 8 3 2 2 3
2.04e+05; 2.282e-16; True; 6 48 62 73 82 112 116 158 172 222 227 286 289 290 321 336 385 386 411 477 486; 3 6 2 3 3 2 5 3 4 3 5 3 2 8 2 2 2 3
2.05e+05; 2.78e-16; True; 6 18 48 62 73 82 112 116 158 172 201 226 227 286 290 321 336 386 411 477 486; 4 5 2 4 2 2 6 3 3 3 6 3 2 6 3 3 2 2
2.06e+05; 3.465e-16; True; 6 18 48 62 73 82 112 116 139 158 227 257 286 290 321 336 386 411 413 477 486; 4 5 2 3 3 2 6 3 3 3 6 3 2 8 3 3 2 2
2.07e+05; 3.472e-16; True; 6 18 48 62 73 82 112 116 158 226 227 257 286 290 321 336 385 411 413 477 486; 3 5 2 3 2 2 6 3 4 3 6 3 2 8 3 3 2 3
2.09e+05; 3.591e-16; True; 5 6 48 62 67 82 112 116 121 218 227 286 290 307 321 336 380 411 413 477 486; 4 5 2 3 3 2 6 3 4 3 7 3 2 9 2 2 2 3
2.23e+05; 3.86e-16; True; 2 6 48 62 67 82 112 116 119 158 194 227 286 290 297 321 323 336 386 411 477 486; 4 5 2 3 2 2 6 3 4 3 7 3 3 7 4 2 2 2
2.24e+05; 4.075e-16; True; 5 6 62 82 112 116 158 194 197 227 286 290 321 323 336 378 380 385 413 477 486 489; 4 4 2 4 2 2 3 3 4 3 6 4 3 9 4 2 2 3
2.25e+05; 4.82e-16; True; 2 6 48 62 82 112 116 119 158 194 227 286 290 297 321 336 385 386 410 411 477 486; 4 5 2 3 2 2 6 3 4 3 7 3 3 8 3 2 2 3
2.26e+05; 5.139e-16; True; 6 48 62 67 82 112 116 119 158 194 227 286 290 297 321 336 385 386 411 413 477 486; 4 6 2 3 2 2 5 3 4 3 7 3 3 8 2 3 2 3
2.27e+05; 5.684e-16; True; 5 6 48 62 82 112 116 158 194 197 227 286 290 321 336 378 380 385 413 477 486 489; 4 5 2 4 2 2 4 3 4 3 7 4 3 10 3 2 2 3
2.28e+05; 6.028e-16; True; 5 6 18 48 62 73 82 112 116 158 172 227 257 286 290 321 336 385 411 413 477 486; 3 6 2 3 2 2 6 3 4 3 8 3 2 9 3 4 2 3
2.3e+05; 6.046e-16; True; 5 6 48 62 67 82 87 112 116 121 218 227 286 290 307 321 336 380 411 413 477 486; 5 5 2 3 3 2 6 3 4 3 7 3 2 10 3 2 2 3
2.45e+05; 7.124e-16; True; 2 6 48 62 67 82 112 116 119 139 158 194 227 286 290 297 321 323 336 386 411 477 486; 5 5 2 3 3 2 6 3 4 3 7 3 3 8 4 2 2 2
2.46e+05; 7.5e-16; True; 5 6 48 62 82 112 116 158 194 197 201 286 290 321 336 354 378 380 385 411 413 477 486; 4 5 2 4 2 2 4 3 4 4 7 4 3 11 3 2 2 3
2.47e+05; 8.816e-16; True; 2 6 48 62 67 82 112 116 119 158 194 227 286 290 297 321 336 385 386 411 413 477 486; 4 6 2 3 2 2 6 3 4 3 8 3 3 9 3 3 2 3
2.49e+05; 8.868e-16; True; 5 6 18 48 62 73 82 112 116 158 172 227 257 286 290 321 336 385 411 413 475 477 486; 3 6 2 3 3 2 6 3 4 3 8 3 2 9 3 4 2 3
2.5e+05; 9.087e-16; True; 5 6 18 48 62 73 82 112 116 158 172 227 257 286 290 321 336 385 411 413 468 477 486; 3 6 2 3 2 3 6 3 4 3 8 3 2 10 3 4 2 3
2.51e+05; 9.225e-16; True; 5 6 48 62 82 112 121 194 197 227 253 286 290 321 336 344 378 380 411 413 477 486 489; 4 5 2 4 3 2 6 3 3 3 7 4 3 10 3 2 2 3
2.67e+05; 1.095e-15; True; 2 6 48 62 73 82 112 116 158 197 218 226 227 254 286 289 290 321 336 367 385 413 477 486; 3 5 2 4 3 3 5 3 5 3 6 4 2 10 4 2 2 3
2.68e+05; 1.349e-15; True; 2 6 18 62 73 82 112 116 158 197 218 226 227 254 286 289 290 321 336 385 411 413 477 486; 3 5 2 4 3 2 6 3 4 4 6 4 2 9 4 3 2 3
2.7e+05; 1.363e-15; True; 2 6 15 48 62 67 82 112 116 119 158 194 227 286 290 297 321 336 385 386 411 413 477 486; 4 6 2 4 2 2 6 3 4 3 8 3 3 9 4 3 2 3
2.71e+05; 1.56e-15; True; 6 18 48 62 73 82 112 116 158 197 218 226 227 254 286 289 290 321 336 385 411 413 477 486; 3 6 2 4 3 2 6 3 5 4 6 4 2 9 3 3 2 3
2.73e+05; 1.629e-15; True; 6 30 48 62 82 112 114 116 139 172 194 201 227 242 286 290 321 336 378 411 413 477 486 489; 4 7 2 4 4 2 5 3 4 2 7 3 3 9 4 3 2 3
2.92e+05; 1.765e-15; True; 2 6 18 62 73 82 112 116 158 197 218 226 227 254 286 289 290 321 336 385 409 411 413 477 486; 3 5 2 4 4 2 6 3 4 4 6 4 2 9 4 3 2 3
2.93e+05; 1.914e-15; True; 2 6 18 48 62 73 82 112 116 158 197 226 227 231 286 289 290 321 336 385 409 411 413 477 486; 4 6 2 4 3 2 7 3 4 3 7 4 2 10 4 3 2 3
2.94e+05; 1.929e-15; True; 2 6 18 48 62 73 82 112 116 158 197 226 227 254 286 290 321 336 377 385 398 411 413 477 486; 4 5 2 4 2 2 7 3 5 4 7 4 2 10 3 3 2 4
2.95e+05; 2.048e-15; True; 6 18 48 62 73 82 112 116 158 197 218 226 227 254 286 289 290 309 321 336 385 411 413 477 486; 3 6 2 4 3 2 6 3 5 4 6 4 2 9 3 4 2 3
2.96e+05; 2.168e-15; True; 5 6 48 62 67 82 87 112 116 121 158 194 227 254 286 290 307 309 321 336 386 411 413 477 486; 5 6 2 4 2 2 6 3 5 4 8 3 3 9 3 3 2 3
2.97e+05; 2.403e-15; True; 5 6 18 62 73 82 112 114 121 158 172 194 201 218 227 286 290 336 378 380 385 411 413 477 486; 4 5 3 3 2 2 6 3 4 4 8 3 3 10 4 3 2 4
2.98e+05; 2.404e-15; True; 5 6 18 62 73 82 112 114 121 158 172 194 218 227 286 290 336 378 380 385 386 411 413 477 486; 5 5 3 3 2 2 6 3 4 4 8 3 3 10 3 3 2 4
3.16e+05; 2.461e-15; True; 6 30 48 62 82 112 114 116 127 172 201 227 242 286 289 290 321 336 346 378 380 411 413 448 477 486; 4 7 2 4 3 2 5 3 5 3 7 3 2 10 3 4 3 3
3.17e+05; 3.066e-15; True; 2 6 18 48 62 73 82 112 116 158 197 218 226 227 254 286 289 290 321 336 385 409 411 413 477 486; 3 6 2 4 4 2 7 3 5 4 7 4 2 10 4 3 2 3
3.21e+05; 3.272e-15; True; 5 6 48 62 67 82 87 112 116 121 158 194 227 254 286 290 307 321 336 386 411 413 420 430 477 486; 5 6 2 4 3 2 6 3 5 4 8 3 3 10 3 2 3 3
3.42e+05; 3.572e-15; True; 6 30 48 62 82 112 114 116 127 172 201 227 242 286 289 290 321 336 346 378 380 411 413 448 477 486 489; 4 7 2 5 3 2 5 3 5 3 7 3 2 10 4 4 3 3
3.43e+05; 3.659e-15; True; 2 6 18 48 62 73 82 112 116 158 197 218 226 227 254 265 286 289 290 321 336 385 409 411 413 477 486; 3 6 2 5 4 2 7 3 5 4 7 4 2 10 4 3 2 3
3.44e+05; 4.299e-15; True; 2 6 28 36 48 56 62 82 112 116 119 158 172 227 253 286 290 297 321 336 385 386 410 411 439 477 486; 5 6 2 3 3 3 6 4 4 4 8 4 2 10 4 3 2 3
3.47e+05; 4.885e-15; True; 5 6 18 28 62 73 82 112 114 139 158 172 194 199 218 227 253 286 290 336 378 380 385 386 411 413 486; 6 5 3 3 4 3 6 2 4 4 7 3 3 12 4 3 2 3
3.49e+05; 5.186e-15; True; 5 6 18 28 62 82 92 112 114 121 139 158 172 194 218 227 257 286 290 336 378 380 411 413 420 477 486; 5 5 2 3 3 3 7 3 3 4 9 3 3 12 5 3 3 3
3.7e+05; 5.628e-15; True; 2 6 28 36 48 56 62 82 112 116 119 158 172 227 253 286 290 297 321 336 369 385 386 410 411 439 477 486; 5 6 2 3 3 3 6 4 4 4 8 4 2 10 4 3 2 4
3.74e+05; 6.004e-15; True; 5 6 7 18 62 73 82 112 114 121 158 172 194 199 218 227 286 290 300 336 378 380 385 386 411 413 477 486; 5 5 3 3 3 2 7 3 4 5 8 3 3 10 4 3 2 4
3.75e+05; 6.596e-15; True; 5 6 18 28 62 82 92 112 114 121 139 158 172 194 218 227 257 286 290 336 378 380 411 413 414 420 477 486; 5 5 2 4 3 3 7 3 3 4 9 3 3 12 5 3 3 3
3.76e+05; 6.862e-15; True; 5 6 18 28 62 82 92 112 114 121 139 158 172 194 218 227 257 286 290 336 378 380 393 411 413 420 477 486; 5 5 2 3 3 3 7 3 3 4 9 3 4 13 5 3 3 3
3.97e+05; 7.048e-15; True; 2 5 6 28 56 62 82 112 114 116 172 217 218 227 242 286 290 321 336 350 368 378 380 385 413 423 477 486 489; 5 5 2 3 4 3 4 4 4 3 9 4 3 13 4 4 2 4
3.99e+05; 7.067e-15; True; 5 6 36 48 62 82 112 116 133 158 172 176 194 199 227 242 253 262 286 290 321 336 342 347 411 413 439 468 486; 6 7 2 5 4 3 6 3 4 3 10 4 3 11 4 3 2 2
4e+05; 7.449e-15; True; 2 5 18 19 48 57 62 82 112 114 116 139 172 194 210 226 227 250 286 290 297 321 336 363 380 410 411 477 486; 6 6 2 4 4 3 7 3 4 3 10 3 3 11 3 3 2 4
4.02e+05; 8.195e-15; True; 5 6 48 54 62 82 87 112 119 121 139 158 194 227 236 254 262 286 290 307 321 336 358 386 411 413 420 477 486; 6 5 2 4 4 2 6 3 5 4 8 5 3 11 4 2 3 3
4.03e+05; 8.907e-15; True; 5 6 18 28 62 82 92 112 114 121 139 158 172 187 194 218 227 275 286 290 297 336 378 380 411 413 420 477 486; 6 5 2 3 3 3 7 3 3 4 9 4 3 12 4 4 3 3
4.26e+05; 9.2e-15; True; 2 5 6 28 56 62 82 112 114 116 172 217 218 227 242 286 290 293 321 336 350 368 378 380 385 413 423 477 486 489; 5 5 2 3 4 3 4 4 4 4 9 4 3 13 4 4 2 4
4.27e+05; 1.041e-14; True; 5 6 36 48 62 82 112 116 133 158 172 176 194 199 227 242 253 262 286 290 321 336 342 347 354 411 413 439 468 486; 6 7 2 5 4 3 6 3 4 3 10 4 3 11 4 3 2 3
4.29e+05; 1.042e-14; True; 6 36 48 56 62 82 112 116 133 158 172 176 194 199 227 242 253 262 286 290 321 336 342 347 354 411 413 439 468 486; 5 8 2 4 4 3 6 3 4 4 9 4 3 11 4 3 2 3
4.3e+05; 1.069e-14; True; 5 48 62 67 82 87 104 112 116 119 121 158 176 194 223 227 236 254 262 286 290 307 321 336 386 411 413 430 477 486; 5 7 3 5 3 2 6 3 5 4 9 3 3 10 4 3 2 4
4.31e+05; 1.119e-14; True; 5 6 18 28 62 82 112 114 121 139 158 172 187 194 218 227 253 286 290 329 336 354 378 380 407 411 413 420 477 486; 5 5 2 3 4 3 6 3 4 4 8 3 3 12 4 4 3 4
4.55e+05; 1.191e-14; True; 5 6 36 48 49 62 82 112 116 133 158 172 176 194 199 227 242 253 262 286 290 321 336 342 347 354 411 413 439 468 486; 6 7 2 5 4 3 6 3 4 3 10 4 3 11 5 3 2 3
4.56e+05; 1.339e-14; True; 2 5 6 28 56 62 82 112 114 116 172 217 218 227 242 259 286 290 293 321 336 350 368 378 380 385 413 423 477 486 489; 5 5 2 4 4 3 4 4 4 4 9 4 3 13 5 4 2 4
4.57e+05; 1.506e-14; True; 5 6 36 48 56 62 82 112 116 133 158 172 176 194 199 227 242 253 262 286 290 321 336 342 347 354 411 413 439 468 486; 6 8 2 5 4 3 6 3 4 4 10 4 3 12 4 3 2 3
4.61e+05; 1.574e-14; True; 5 6 48 62 67 82 87 104 112 116 121 158 176 194 223 227 236 254 262 286 290 307 321 336 386 411 413 420 430 477 486; 6 7 3 5 3 2 6 3 5 4 8 4 3 11 4 2 3 4
4.87e+05; 1.637e-14; True; 5 6 30 36 48 56 62 82 112 116 133 158 172 176 194 199 227 242 253 262 286 290 321 335 336 347 354 411 413 439 468 486; 6 8 2 7 4 3 6 3 3 4 9 4 3 11 5 3 2 3
4.88e+05; 1.847e-14; True; 5 6 36 48 56 62 82 112 116 133 158 172 176 194 199 227 242 253 262 286 290 300 321 336 342 347 354 411 413 439 468 486; 6 8 2 5 5 3 6 3 4 4 10 4 3 12 4 3 2 3
4.89e+05; 1.903e-14; True; 5 6 36 48 56 62 82 112 116 133 158 172 176 182 194 227 242 253 262 286 290 321 336 342 347 354 385 411 413 439 468 486; 6 8 2 5 4 3 5 3 5 3 10 5 3 14 4 3 2 4
4.91e+05; 2.442e-14; True; 5 6 48 62 67 82 87 112 116 119 121 158 176 194 223 227 236 254 262 286 290 307 321 336 386 410 411 413 420 430 477 486; 6 7 4 5 3 2 6 3 5 4 9 4 3 11 4 3 3 3
5.21e+05; 2.471e-14; True; 5 6 48 62 67 82 87 104 112 116 119 121 158 176 194 223 227 254 286 290 299 307 321 334 336 386 411 413 420 430 462 477 486; 6 7 2 5 3 2 6 3 5 4 9 3 4 10 5 4 3 4
5.22e+05; 2.787e-14; True; 5 6 48 62 67 82 87 104 112 116 119 121 155 158 176 194 223 227 236 254 262 286 290 307 321 336 386 411 413 420 430 477 486; 6 7 3 6 3 2 6 3 5 4 9 4 3 12 4 3 3 4
5.23e+05; 3.197e-14; True; 5 6 48 62 67 82 87 104 112 116 119 121 158 176 194 223 227 236 254 262 286 290 307 321 336 386 410 411 413 420 430 477 486; 6 7 4 5 3 2 6 3 5 4 9 4 3 11 4 3 3 4
5.52e+05; 3.33e-14; True; 5 6 36 48 56 62 82 112 116 127 133 158 172 176 182 194 199 227 242 253 262 286 290 300 321 336 342 347 354 411 413 439 468 486; 6 8 2 5 5 3 6 3 4 4 10 5 3 13 4 3 3 3
5.54e+05; 4.181e-14; True; 5 6 48 62 67 82 87 104 112 116 119 121 158 176 194 223 227 236 254 262 286 290 307 321 325 336 386 410 411 413 420 430 477 486; 6 7 4 5 4 2 6 3 5 4 9 4 3 11 4 3 3 4
5.89e+05; 4.363e-14; True; 5 6 27 48 62 67 82 87 104 112 116 119 121 158 176 194 223 227 236 254 262 286 290 307 321 334 336 386 411 413 420 430 462 477 486; 6 7 3 5 3 2 6 3 5 4 9 5 4 11 5 3 3 4
6.23e+05; 4.375e-14; True; 5 8 16 44 48 62 82 92 104 108 112 116 122 139 172 176 187 196 201 226 227 243 250 254 286 290 321 336 344 358 378 380 411 477 486 490; 6 5 2 5 4 3 6 4 5 5 10 4 3 12 4 4 2 5
6.24e+05; 5.035e-14; True; 5 6 27 48 62 67 82 87 104 112 116 119 121 158 176 189 194 223 227 236 254 262 286 290 307 321 334 336 386 411 413 420 430 462 477 486; 6 7 3 5 3 2 6 3 5 4 9 6 4 11 5 3 3 4
