M: 20
Instance: 1
Algorithm: NSGA-II
Iteration: 1000
Population Size: 100
Required Skills: 0 2 13 16 20 22 23 26 29 34 36 38 41 42 43 46 47 48 56 57
Distance; Skill Score; isValid; Team; Skill Counts
1.8e+04; 1.11e-25; True; 0 5 122 130 181 353 363; 1 1 1 1 1 1 1 3 1 3 2 1 1 1 1 1 1 2 2 3
1.9e+04; 2.735e-25; True; 5 74 122 181 245 353 483; 1 1 1 2 1 1 1 4 1 3 2 1 1 1 1 2 1 2 1 3
2e+04; 6.55e-25; True; 5 74 122 130 181 245 353; 1 1 1 2 1 1 1 4 1 4 2 1 1 1 1 2 1 2 2 3
2.1e+04; 1.376e-24; True; 5 74 122 130 181 245 431; 1 1 1 3 1 1 1 5 1 5 3 1 1 1 1 2 1 2 2 2
2.4e+04; 1.909e-24; True; 0 5 74 122 130 181 353 535; 1 1 1 2 1 1 1 4 1 4 2 1 1 1 1 3 2 2 2 3
2.5e+04; 7.06e-24; True; 0 5 74 122 130 181 353 363; 1 2 1 2 2 1 1 4 1 4 3 1 1 1 1 2 2 2 2 3
2.6e+04; 1.297e-23; True; 5 74 122 130 181 353 360 363; 1 2 1 2 2 1 1 5 1 4 3 1 1 1 1 2 2 3 2 4
2.7e+04; 1.875e-23; True; 5 74 122 130 181 353 363 619; 1 2 1 3 2 1 1 4 1 5 3 1 1 1 1 2 2 3 2 4
2.8e+04; 3.726e-23; True; 5 47 74 122 130 181 363 619; 2 2 1 3 2 1 1 4 1 6 3 1 1 1 1 2 2 4 2 3
3.3e+04; 5.004e-23; True; 0 5 74 122 130 181 353 363 717; 2 2 1 2 3 1 2 4 1 4 3 1 1 1 1 2 2 3 2 3
3.4e+04; 1.254e-22; True; 5 74 122 130 181 363 431 450 477; 2 2 1 3 2 1 1 5 1 5 4 1 2 1 1 2 3 3 2 3
3.5e+04; 1.526e-22; True; 5 47 74 122 130 181 363 535 619; 2 2 1 3 2 1 1 4 1 6 3 2 1 1 1 3 3 4 2 3
3.6e+04; 2.186e-22; True; 5 74 122 130 181 363 431 450 619; 2 2 1 4 2 1 1 5 1 6 4 1 2 1 1 2 3 3 2 4
4.1e+04; 3.502e-22; True; 5 33 74 122 130 181 353 363 450 477; 2 3 1 3 2 1 1 5 1 4 3 1 2 2 1 2 3 4 2 4
4.2e+04; 6.268e-22; True; 5 33 74 122 130 181 363 431 450 477; 2 3 1 4 2 1 1 6 1 5 4 1 2 2 1 2 3 4 2 3
4.4e+04; 7.415e-22; True; 5 74 122 130 181 245 363 431 450 726; 2 2 1 3 3 1 1 5 1 5 5 2 2 1 1 3 3 3 2 4
4.5e+04; 1.05e-21; True; 5 74 122 130 181 266 363 431 450 619; 2 3 1 4 2 1 1 6 1 6 4 1 2 2 1 2 3 3 3 4
5e+04; 1.275e-21; True; 5 33 74 122 130 181 353 363 450 477 535; 2 3 1 3 2 1 1 5 1 4 3 2 2 2 1 3 4 4 2 4
5.1e+04; 2.282e-21; True; 5 33 74 122 130 181 363 431 450 477 535; 2 3 1 4 2 1 1 6 1 5 4 2 2 2 1 3 4 4 2 3
5.2e+04; 2.827e-21; True; 5 33 74 122 130 181 363 431 450 477 717; 3 3 1 4 3 1 2 6 1 5 4 1 2 2 1 2 3 5 2 3
5.3e+04; 3.096e-21; True; 5 33 74 122 130 181 245 363 431 450 521; 2 3 1 4 2 1 2 6 1 6 4 2 2 2 1 2 3 4 2 4
5.4e+04; 4.201e-21; True; 5 74 122 130 181 266 363 431 535 619 717; 2 3 1 4 3 1 2 6 1 6 4 2 1 2 1 3 3 4 3 3
5.5e+04; 5.014e-21; True; 5 74 122 130 181 266 363 431 450 619 717; 3 3 1 4 3 1 2 6 1 6 4 1 2 2 1 2 3 4 3 4
6.1e+04; 6.651e-21; True; 5 33 74 122 130 181 363 431 435 450 477 535; 2 3 1 4 2 1 2 6 1 6 4 2 2 2 1 3 4 5 2 4
6.2e+04; 1.029e-20; True; 5 33 74 122 130 181 363 431 450 477 535 717; 3 3 1 4 3 1 2 6 1 5 4 2 2 2 1 3 4 5 2 3
6.3e+04; 1.05e-20; True; 5 33 74 122 130 177 181 363 431 450 477 717; 3 3 1 4 3 1 2 6 2 5 4 2 2 2 1 2 3 5 2 3
6.4e+04; 1.115e-20; True; 5 33 74 122 130 181 363 431 450 535 717 721; 3 3 1 4 3 1 2 6 1 5 5 2 2 2 1 3 4 4 2 3
6.5e+04; 1.826e-20; True; 5 74 122 130 181 266 363 431 450 535 619 717; 3 3 1 4 3 1 2 6 1 6 4 2 2 2 1 3 4 4 3 4
6.6e+04; 1.862e-20; True; 5 74 122 130 177 181 266 363 431 450 619 717; 3 3 1 4 3 1 2 6 2 6 4 2 2 2 1 2 3 4 3 4
7.201e+04; 2.143e-20; True; 5 33 74 122 130 181 245 363 431 450 477 521 726; 2 3 1 4 3 2 2 6 1 6 5 2 2 2 1 3 3 6 2 5
7.3e+04; 2.429e-20; True; 5 33 74 122 130 181 363 431 450 477 535 717 721; 3 3 1 4 3 2 2 6 1 5 5 2 2 2 1 3 4 5 2 3
7.4e+04; 3.545e-20; True; 5 33 74 122 130 181 363 431 450 477 535 619 717; 3 3 1 5 3 2 2 6 1 6 4 2 2 2 1 3 4 6 2 4
7.5e+04; 3.978e-20; True; 5 74 122 130 181 266 363 431 450 477 535 619 717; 3 3 1 4 3 2 2 6 1 6 4 2 2 2 1 3 4 5 3 4
7.6e+04; 4.112e-20; True; 5 74 122 130 181 266 353 363 431 450 535 619 717; 3 3 2 4 3 1 2 6 1 6 4 2 2 2 1 3 4 4 3 5
7.7e+04; 5.45e-20; True; 5 74 122 130 181 266 363 431 450 535 572 619 717; 4 3 1 4 3 2 2 6 1 7 4 2 2 2 1 3 4 4 3 5
7.8e+04; 5.559e-20; True; 5 74 122 130 177 181 266 363 431 450 572 619 717; 4 3 1 4 3 2 2 6 2 7 4 2 2 2 1 2 3 4 3 5
8.501e+04; 6.491e-20; True; 5 33 74 122 130 181 245 363 431 450 477 521 688 726; 3 3 2 4 3 2 2 6 1 6 5 2 2 2 1 3 3 6 2 6
8.6e+04; 7.613e-20; True; 5 33 74 122 130 181 245 363 431 450 477 535 717 726; 3 3 1 4 4 2 2 6 1 5 5 3 2 2 1 4 4 6 2 4
8.7e+04; 1.106e-19; True; 5 33 74 122 130 181 266 363 431 450 477 535 619 717; 3 4 1 5 3 2 2 7 1 6 4 2 2 3 1 3 4 6 3 4
8.9e+04; 1.314e-19; True; 5 74 122 130 181 245 266 363 431 450 535 619 717 726; 3 3 1 4 4 2 2 6 1 6 5 3 2 2 1 4 4 5 3 5
9e+04; 1.534e-19; True; 5 47 74 122 130 181 245 266 363 431 450 619 717 726; 4 3 2 4 4 2 2 6 1 7 5 2 2 2 1 3 3 6 3 5
9.1e+04; 1.598e-19; True; 5 33 74 122 130 177 181 266 363 431 450 572 619 717; 4 4 1 5 3 2 2 7 2 7 4 2 2 3 1 2 3 5 3 5
9.901e+04; 2.086e-19; True; 5 33 47 74 122 130 181 245 266 363 431 450 477 521 726; 3 4 2 4 3 2 2 7 1 7 5 2 2 3 1 3 3 7 3 5
1e+05; 2.376e-19; True; 5 33 74 122 130 181 245 266 363 431 450 477 535 717 726; 3 4 1 4 4 2 2 7 1 5 5 3 2 3 1 4 4 6 3 4
1.01e+05; 3.086e-19; True; 5 33 74 122 130 177 181 266 363 431 450 477 535 619 717; 3 4 1 5 3 2 2 7 2 6 4 3 2 3 1 3 4 6 3 4
1.02e+05; 3.156e-19; True; 5 33 74 122 130 177 181 266 363 431 450 477 619 688 717; 4 4 2 5 3 2 2 7 2 6 4 2 2 3 1 2 3 6 3 5
1.03e+05; 3.728e-19; True; 5 47 74 122 130 181 245 266 363 431 450 535 619 717 726; 4 3 2 4 4 2 2 6 1 7 5 3 2 2 1 4 4 6 3 5
1.04e+05; 4.372e-19; True; 5 47 74 122 130 177 181 266 363 388 431 450 535 619 717; 4 3 2 4 4 2 2 6 2 7 4 3 2 2 1 3 4 5 3 5
1.14e+05; 5.085e-19; True; 5 33 74 122 130 181 245 266 363 431 450 477 483 535 717 726; 3 4 1 4 4 2 2 8 1 5 5 3 2 3 2 4 4 6 3 4
1.15e+05; 6.95e-19; True; 5 33 74 122 130 177 181 266 353 363 431 450 477 535 619 717; 3 4 2 5 3 2 2 7 2 6 4 3 2 3 1 3 4 6 3 5
1.16e+05; 8.631e-19; True; 5 33 74 122 130 177 181 266 363 431 450 477 535 619 688 717; 4 4 2 5 3 2 2 7 2 6 4 3 2 3 1 3 4 6 3 5
1.18e+05; 1.015e-18; True; 5 33 47 74 122 130 181 245 266 363 431 450 535 619 717 726; 4 4 2 5 4 2 2 7 1 7 5 3 2 3 1 4 4 7 3 5
1.19e+05; 1.145e-18; True; 5 33 47 74 122 130 177 181 266 363 431 450 535 572 619 717; 5 4 2 5 3 2 2 7 2 8 4 3 2 3 1 3 4 6 3 5
1.3e+05; 1.487e-18; True; 5 33 74 122 130 177 181 266 353 363 431 450 477 483 535 619 717; 3 4 2 5 3 2 2 8 2 6 4 3 2 3 2 3 4 6 3 5
1.31e+05; 1.719e-18; True; 5 33 74 122 130 177 181 266 363 431 450 477 535 543 619 688 717; 4 4 2 5 3 2 2 7 2 6 4 3 2 3 2 3 4 6 3 5
1.32e+05; 1.805e-18; True; 5 33 47 74 122 130 181 245 266 363 431 450 521 535 619 717 726; 4 4 2 5 4 2 3 7 1 8 5 3 2 3 1 4 4 8 3 6
1.33e+05; 2.097e-18; True; 5 33 47 74 122 130 177 181 266 363 431 450 483 535 619 717 721; 4 4 2 5 3 2 2 8 2 7 5 3 2 3 2 3 4 6 3 4
1.34e+05; 2.602e-18; True; 5 33 47 74 122 130 177 181 266 363 388 431 450 483 535 619 717; 4 4 2 5 4 2 2 8 2 7 4 3 2 3 2 3 4 6 3 5
1.35e+05; 2.713e-18; True; 5 33 47 74 122 130 177 181 266 363 431 450 535 572 619 717 726; 5 4 2 5 4 2 2 7 2 8 5 3 2 3 1 4 4 7 3 6
1.46e+05; 3.248e-18; True; 5 33 74 122 130 181 245 266 363 431 450 477 521 535 592 688 717 726; 4 5 2 4 4 2 3 7 2 7 5 3 2 3 1 4 4 7 3 6
1.47e+05; 3.318e-18; True; 5 33 47 74 122 130 181 245 266 363 431 450 477 483 535 619 717 726; 4 4 2 5 4 3 2 8 1 7 5 3 2 3 2 4 4 8 3 5
1.48e+05; 4.379e-18; True; 5 33 74 122 130 177 181 266 363 431 450 477 483 535 619 688 717 726; 4 4 2 5 4 2 2 8 2 6 5 3 2 3 2 4 4 7 3 6
1.5e+05; 5.485e-18; True; 5 33 74 122 130 181 245 266 363 431 450 483 535 592 619 688 717 726; 4 5 2 5 4 2 2 8 2 7 5 3 2 3 2 4 4 6 3 6
1.51e+05; 5.807e-18; True; 5 33 47 74 122 130 177 181 266 363 431 450 483 535 572 619 717 726; 5 4 2 5 4 2 2 8 2 8 5 3 2 3 2 4 4 7 3 6
1.64e+05; 6.974e-18; True; 5 33 74 122 130 137 181 245 266 363 431 450 477 521 535 592 688 717 726; 4 5 2 5 4 2 3 8 2 8 5 4 2 3 1 4 5 7 3 6
1.65e+05; 7.644e-18; True; 5 33 74 122 130 177 181 245 266 363 431 450 477 483 535 688 702 717 726; 4 5 2 4 4 2 2 8 2 6 5 4 2 3 2 4 5 6 4 5
1.66e+05; 7.933e-18; True; 5 33 47 74 122 130 177 181 266 306 363 431 450 477 483 535 619 717 726; 4 4 2 5 4 2 2 9 2 8 6 3 2 3 2 5 4 9 3 6
1.67e+05; 9.134e-18; True; 5 33 47 74 122 130 137 181 245 266 363 431 450 483 521 572 592 717 726; 5 5 2 5 4 2 3 9 2 10 5 3 2 3 2 3 4 7 3 6
1.68e+05; 1.106e-17; True; 5 33 74 122 130 177 181 245 266 363 431 450 483 535 619 688 702 717 726; 4 5 2 5 4 2 2 8 2 7 5 4 2 3 2 4 5 6 4 6
1.69e+05; 1.126e-17; True; 5 33 47 74 122 130 177 181 266 363 388 431 450 483 535 572 619 717 726; 5 4 2 5 5 3 2 8 2 8 5 3 2 3 2 4 4 7 3 7
1.83e+05; 1.306e-17; True; 5 33 47 74 122 130 137 181 245 266 363 431 450 477 521 535 592 688 717 726; 5 5 3 5 4 2 3 8 2 9 5 4 2 3 1 4 5 8 3 6
1.84e+05; 1.468e-17; True; 0 5 33 47 74 122 130 137 181 245 266 363 431 450 483 535 592 621 717 726; 4 5 2 5 4 2 2 10 2 9 5 4 2 4 2 4 6 6 3 5
1.86e+05; 1.899e-17; True; 5 33 74 122 130 181 245 266 363 431 435 450 483 535 592 619 688 702 717 726; 4 6 2 5 4 2 3 8 2 9 5 3 2 3 2 4 5 7 4 7
1.87e+05; 2.153e-17; True; 5 33 74 122 130 177 181 245 266 363 431 450 483 535 572 619 688 702 717 726; 5 5 2 5 4 3 2 8 2 8 5 4 2 3 2 4 5 6 4 7
2.01e+05; 2.272e-17; True; 0 5 33 47 74 122 130 137 181 245 266 363 431 450 477 483 535 592 621 717 726; 4 5 2 5 4 3 2 10 2 9 5 4 2 4 2 4 6 7 3 5
2.02e+05; 2.506e-17; True; 5 33 47 74 122 130 177 181 266 363 431 450 477 483 521 526 535 572 619 717 726; 6 4 2 5 4 3 3 8 2 9 5 3 3 3 2 4 4 9 3 7
2.03e+05; 2.729e-17; True; 5 33 74 122 130 177 181 266 363 431 450 477 483 521 535 619 688 702 717 721 726; 4 5 2 5 4 3 3 8 2 8 6 3 2 3 2 4 5 8 4 7
2.06e+05; 3.084e-17; True; 5 33 74 122 130 181 245 266 363 431 435 450 463 483 535 592 619 688 702 717 726; 4 6 2 5 4 2 3 8 2 9 5 3 2 4 2 4 5 7 5 7
2.07e+05; 3.461e-17; True; 5 33 74 122 130 181 245 266 306 363 388 431 450 535 543 592 619 688 702 717 726; 4 6 2 5 5 3 2 8 2 9 6 3 2 3 2 5 5 7 4 8
2.23e+05; 4.985e-17; True; 5 33 47 74 122 130 137 177 181 266 363 431 450 477 483 521 526 535 572 619 717 726; 6 4 2 6 4 3 3 9 2 10 5 4 3 3 2 4 5 9 3 7
2.25e+05; 5.155e-17; True; 5 33 47 74 122 130 137 181 245 266 363 431 450 483 521 535 554 572 592 688 717 726; 6 5 3 5 4 2 3 10 3 10 5 4 2 3 2 4 5 7 3 7
2.27e+05; 5.711e-17; True; 5 33 74 122 130 181 245 266 306 363 388 431 435 450 535 543 592 619 688 702 717 726; 4 6 2 5 5 3 3 8 2 10 6 3 2 3 2 5 5 8 4 9
2.28e+05; 6.265e-17; True; 5 33 47 74 122 130 177 181 245 266 306 363 388 431 450 483 535 572 621 702 717 726; 5 5 2 4 5 3 2 10 2 10 6 4 2 4 2 5 6 7 4 8
2.44e+05; 7.347e-17; True; 5 33 47 74 122 130 177 181 266 353 363 431 450 477 483 521 526 535 572 592 619 717 726; 6 5 3 5 4 3 3 8 3 10 5 3 3 3 2 4 4 9 3 8
2.47e+05; 8.75e-17; True; 0 5 33 47 74 122 130 137 177 181 266 363 388 431 440 450 521 535 543 688 702 717 726; 6 5 3 5 5 3 3 8 2 9 5 4 2 3 2 4 6 8 4 7
2.48e+05; 9.238e-17; True; 0 5 33 47 74 122 130 137 177 181 266 363 388 431 440 450 455 535 543 592 702 717 726; 6 6 2 5 5 3 2 8 3 9 5 4 3 3 2 4 6 7 4 6
2.49e+05; 9.858e-17; True; 5 33 74 122 130 181 245 266 292 363 384 388 431 450 483 526 535 592 619 688 702 717 726; 5 6 3 5 5 3 2 10 3 9 5 3 3 3 2 4 5 7 4 7
2.68e+05; 1.158e-16; True; 0 5 33 47 74 114 122 130 137 177 181 266 363 388 431 440 450 521 535 543 688 702 717 726; 7 6 3 5 5 3 3 8 2 10 5 4 2 3 2 4 6 8 4 7
2.7e+05; 1.162e-16; True; 5 33 74 122 130 177 181 266 337 363 431 440 450 463 477 500 521 535 543 619 688 702 717 726; 5 5 3 5 5 3 3 7 2 9 6 3 2 4 2 4 6 9 5 8
2.71e+05; 1.207e-16; True; 5 33 74 122 130 181 245 266 292 363 431 435 440 450 455 520 535 543 592 619 688 702 717 726; 7 6 2 5 5 3 3 8 3 9 5 3 3 3 2 4 5 9 4 8
2.72e+05; 1.604e-16; True; 5 33 74 122 130 177 181 266 306 363 388 431 435 440 450 483 535 543 592 619 688 702 717 726; 5 6 2 5 5 3 3 9 3 10 6 3 2 3 3 5 5 9 4 9
2.93e+05; 1.762e-16; True; 5 33 74 122 130 181 245 266 306 353 363 388 431 435 450 483 500 535 554 581 619 688 702 717 726; 5 6 3 5 6 3 3 10 2 10 7 3 2 3 2 5 6 8 4 10
2.94e+05; 2.191e-16; True; 5 33 74 122 130 137 177 181 245 266 306 362 363 431 449 450 500 521 535 572 619 688 702 717 726; 5 5 2 6 5 3 3 9 2 12 7 5 2 4 2 5 7 8 4 9
2.96e+05; 2.209e-16; True; 5 33 74 122 130 177 181 232 266 306 363 388 431 435 440 450 483 535 543 592 619 688 702 717 726; 5 6 2 5 5 3 3 9 3 10 7 3 2 3 3 5 5 9 5 9
2.98e+05; 2.66e-16; True; 33 35 47 74 122 130 137 181 245 266 306 360 362 363 388 431 450 455 535 592 621 688 702 717 726; 6 6 3 5 5 3 2 10 2 10 6 4 3 4 2 5 7 7 4 9
3.18e+05; 3.031e-16; True; 5 33 74 122 130 177 181 232 245 266 306 353 363 431 435 440 450 483 500 535 543 592 619 702 717 726; 4 6 2 5 5 3 3 9 3 11 8 4 2 3 3 5 6 9 5 8
3.2e+05; 3.06e-16; True; 5 33 74 122 130 177 181 232 266 306 363 388 431 435 440 450 483 535 543 554 592 619 688 702 717 726; 5 6 2 5 5 3 3 10 4 10 7 3 2 3 3 5 5 9 5 9
3.42e+05; 3.797e-16; True; 0 5 33 47 74 114 120 122 130 137 177 181 266 363 388 431 440 450 455 463 521 535 543 567 688 717 726; 8 6 3 5 5 3 3 8 3 10 5 4 3 4 2 4 6 8 4 8
3.45e+05; 4.513e-16; True; 2 5 33 74 122 130 137 177 181 245 266 306 362 363 384 431 449 450 455 500 521 535 572 619 688 702 717; 6 5 3 7 4 3 3 11 2 14 6 6 3 4 2 4 7 7 4 9
3.46e+05; 4.68e-16; True; 5 33 74 122 130 177 181 232 266 306 363 388 431 435 440 450 483 535 543 552 554 592 619 688 702 717 726; 5 6 3 5 5 3 3 10 4 11 7 3 2 3 3 5 5 9 5 9
3.69e+05; 4.721e-16; True; 5 33 74 122 130 177 181 203 232 266 278 363 388 431 435 440 450 452 483 535 543 554 592 619 688 702 717 726; 6 6 2 5 6 3 3 9 4 9 6 4 3 3 3 4 5 8 5 8
3.7e+05; 5.416e-16; True; 5 33 74 114 122 130 177 181 203 266 306 363 388 431 435 440 450 452 483 535 543 554 592 619 688 702 717 726; 6 7 2 5 5 3 3 10 4 11 6 4 3 3 3 5 5 9 4 9
3.71e+05; 5.686e-16; True; 5 33 74 122 130 177 181 203 232 266 306 363 388 431 435 440 450 452 483 535 543 554 592 619 688 702 717 726; 5 6 2 5 5 3 3 10 4 10 7 4 3 3 3 5 5 9 5 9
3.72e+05; 5.972e-16; True; 5 33 74 122 130 177 181 232 245 266 306 353 363 388 393 431 435 440 450 500 535 543 581 592 688 702 717 726; 6 7 3 4 6 3 3 8 3 10 8 4 3 3 2 5 6 8 5 9
3.73e+05; 6.31e-16; True; 5 33 74 114 122 130 158 177 181 232 266 306 363 388 393 431 440 450 483 500 535 543 592 619 688 702 717 726; 6 7 2 5 6 3 3 9 3 11 8 3 3 3 3 5 6 9 5 8
3.95e+05; 6.399e-16; True; 2 5 33 74 122 130 137 181 208 245 266 306 346 362 363 384 431 450 483 500 521 526 535 572 619 688 702 717 719; 6 5 3 8 4 3 3 13 2 14 6 5 3 3 3 4 7 7 5 8
3.96e+05; 6.721e-16; True; 2 5 33 74 122 130 137 151 181 245 266 306 346 362 363 384 431 450 483 500 521 526 535 572 619 688 702 717 719; 6 5 3 8 4 3 3 12 2 14 6 5 3 3 4 4 7 7 4 8
3.97e+05; 7.376e-16; True; 5 33 74 122 130 177 181 203 232 266 278 363 388 431 435 440 450 452 483 500 535 543 554 592 619 688 702 717 726; 6 6 2 5 7 3 3 9 4 10 7 4 3 3 3 4 6 8 5 8
3.98e+05; 8.733e-16; True; 2 5 33 35 47 74 122 130 137 181 245 266 288 306 321 362 363 384 431 450 500 526 535 572 592 619 657 702 717; 7 6 3 7 5 3 3 13 2 15 8 5 4 3 2 4 7 7 5 6
3.99e+05; 9.53e-16; True; 5 33 74 114 122 130 158 177 181 203 266 306 353 363 388 393 431 440 450 483 500 535 543 592 619 688 702 717 726; 6 7 3 5 6 3 3 9 3 11 7 3 4 3 3 5 6 9 4 9
4e+05; 9.807e-16; True; 5 33 74 122 130 158 177 181 203 232 266 306 353 363 388 393 431 440 450 483 500 535 543 592 619 688 702 717 726; 5 6 3 5 6 3 3 9 3 10 8 3 4 3 3 5 6 9 5 9
4.27e+05; 1.334e-15; True; 2 5 33 35 47 74 122 130 137 181 245 266 288 306 321 362 363 384 385 431 450 500 526 535 572 592 619 657 702 717; 7 6 3 7 5 3 3 14 2 15 8 5 4 3 3 4 7 7 5 6
4.55e+05; 1.36e-15; True; 2 3 5 33 35 47 74 122 130 137 181 245 266 288 306 321 362 363 384 385 431 450 500 526 535 572 592 619 657 702 717; 7 6 3 7 5 3 3 15 2 15 8 5 4 3 3 4 7 7 5 6
4.56e+05; 1.432e-15; True; 2 5 33 35 47 74 122 130 137 181 245 266 288 306 321 362 363 384 385 431 450 500 526 527 535 572 592 619 657 702 717; 8 6 3 7 5 3 3 14 2 15 8 5 4 3 3 4 7 7 5 6
4.57e+05; 1.801e-15; True; 2 5 33 35 47 74 122 130 137 181 245 266 288 306 321 362 363 384 385 431 450 467 500 526 535 572 592 619 657 702 717; 7 6 4 7 5 3 3 15 2 15 8 5 4 3 3 4 7 7 5 6
4.86e+05; 2.121e-15; True; 2 3 5 33 35 47 74 122 130 137 181 245 266 288 292 306 321 362 363 384 385 431 450 500 526 535 572 592 619 657 702 717; 7 6 3 7 5 3 3 16 3 15 8 5 4 3 3 4 7 8 5 6
4.87e+05; 2.244e-15; True; 5 33 74 114 122 130 158 177 181 203 232 266 283 306 353 363 388 393 431 440 450 483 500 535 543 592 619 688 702 717 719 726; 6 7 3 5 6 3 3 9 4 11 8 3 4 4 3 5 6 9 5 9
4.89e+05; 2.475e-15; True; 5 33 74 114 122 130 158 177 181 203 232 266 306 326 353 363 388 393 431 440 450 455 483 500 535 543 592 619 688 702 717 726; 7 7 3 5 6 3 3 10 3 11 8 3 5 4 3 5 6 9 5 10
5.19e+05; 3e-15; True; 5 33 74 114 122 129 130 158 177 181 203 232 266 283 306 353 363 388 393 431 440 450 483 500 535 543 592 619 688 702 717 719 726; 6 7 3 5 6 3 3 9 4 12 8 4 4 4 3 5 6 10 5 10
5.52e+05; 3.066e-15; True; 5 33 74 114 122 129 130 158 177 181 203 232 266 283 289 306 353 363 388 393 431 440 450 483 500 535 543 592 619 688 702 717 719 726; 6 7 3 5 6 3 3 9 4 12 8 4 4 4 3 5 6 10 5 11
5.86e+05; 3.268e-15; True; 5 33 74 114 122 129 130 158 177 181 203 232 266 283 289 306 353 363 388 393 431 440 450 483 500 535 543 592 619 663 688 702 717 719 726; 6 7 3 5 6 3 3 10 4 13 8 4 4 4 3 5 6 10 5 11
6.9e+05; 3.349e-15; True; 5 33 74 101 112 122 130 158 177 181 191 232 266 306 322 353 363 388 393 422 423 431 435 440 450 500 535 543 544 581 590 592 661 688 702 717 721 726; 10 7 3 5 6 3 4 9 3 11 10 7 4 3 2 5 6 10 5 11
7.28e+05; 3.957e-15; True; 5 33 74 101 112 122 130 158 177 181 191 232 266 306 322 353 363 388 393 422 423 431 435 440 450 500 509 535 543 544 581 590 592 661 688 702 717 721 726; 10 7 3 5 6 3 4 9 3 11 10 7 4 3 2 5 6 10 6 11
7.72e+05; 4.413e-15; True; 5 6 33 47 74 81 101 122 130 177 181 185 205 207 245 270 283 284 297 341 363 367 385 388 431 450 462 467 485 535 571 583 621 647 687 689 702 703 717 726; 7 6 3 5 6 4 4 10 3 12 6 7 5 4 2 6 8 7 4 9
