M: 6
Instance: 1
Algorithm: NSGA-II
Iteration: 300
Population Size: 100
Required Skills: 11 12 15 23 55 56
Distance; Skill Score; isValid; Team; Skill Counts
2001; 1.467e-05; True; 6 27 87; 1 1 1 1 1 1
3003; 2.821e-05; True; 27 79 87 106; 1 1 1 2 1 1
5001; 4.556e-05; True; 6 27 79 87; 1 2 1 2 1 1
5005; 5.142e-05; True; 27 38 79 87 106; 1 1 1 2 1 2
6004; 5.251e-05; True; 26 27 79 87 106; 1 1 1 2 2 1
7003; 8.482e-05; True; 6 27 79 87 106; 1 2 2 2 1 1
9001; 0.0001047; True; 6 27 79 87 99; 1 3 1 2 2 1
1e+04; 0.0001546; True; 27 38 79 87 99 106; 1 2 1 2 2 2
1.1e+04; 0.0001579; True; 26 27 78 79 87 106; 1 2 2 2 2 1
1.2e+04; 0.0001949; True; 6 27 79 87 99 106; 1 3 2 2 2 1
1.4e+04; 0.0002177; True; 6 27 78 79 87 99; 1 4 2 2 2 1
1.401e+04; 0.0002208; True; 26 27 28 35 79 87 106; 1 2 2 2 3 1
1.501e+04; 0.0002927; True; 18 27 79 87 88 99 106; 2 2 2 2 2 1
1.6e+04; 0.0003553; True; 6 27 38 79 87 99 106; 1 3 2 2 2 2
1.7e+04; 0.0003613; True; 18 27 35 78 79 87 88; 2 3 2 2 2 1
1.8e+04; 0.0003969; True; 6 27 38 78 79 87 99; 1 4 2 2 2 2
1.9e+04; 0.0004035; True; 6 27 35 78 79 87 88; 2 4 2 2 2 1
2e+04; 0.0004224; True; 6 27 33 78 79 87 99; 1 5 2 2 2 2
2.001e+04; 0.0005336; True; 18 27 38 79 87 88 99 106; 2 2 2 2 2 2
2.201e+04; 0.0006587; True; 18 27 38 78 79 87 88 99; 2 3 2 2 2 2
2.4e+04; 0.0007357; True; 18 27 33 78 79 87 88 99; 2 4 2 2 2 2
2.6e+04; 0.0007831; True; 6 27 33 35 78 79 87 88; 2 5 2 2 2 2
2.801e+04; 0.0009214; True; 18 26 27 35 38 78 79 87 88; 2 3 2 2 3 2
2.901e+04; 0.0009506; True; 18 27 38 76 78 79 87 88 99; 2 3 2 3 2 2
3.001e+04; 0.001029; True; 6 26 27 35 38 78 79 87 88; 2 4 2 2 3 2
3.1e+04; 0.001062; True; 18 27 33 35 76 78 79 87 88; 2 4 2 3 2 2
3.2e+04; 0.001095; True; 18 27 33 35 78 79 87 88 99; 2 5 2 2 3 2
3.4e+04; 0.001136; True; 6 27 33 35 78 79 87 88 99; 2 6 2 2 3 2
3.501e+04; 0.001289; True; 18 26 27 35 38 78 79 87 88 106; 2 3 3 2 3 2
3.601e+04; 0.00133; True; 18 26 27 35 38 76 78 79 87 88; 2 3 2 3 3 2
3.701e+04; 0.001439; True; 18 26 27 33 35 78 79 87 88 106; 2 4 3 2 3 2
3.801e+04; 0.001485; True; 18 26 27 33 35 76 78 79 87 88; 2 4 2 3 3 2
3.901e+04; 0.001532; True; 6 18 27 35 38 78 79 87 88 99; 2 5 3 2 3 2
4e+04; 0.001581; True; 18 27 33 35 76 78 79 87 88 99; 2 5 2 3 3 2
4.1e+04; 0.001589; True; 6 18 27 33 35 78 79 87 88 99; 2 6 3 2 3 2
4.3e+04; 0.001639; True; 6 27 33 35 76 78 79 87 88 99; 2 6 2 3 3 2
4.401e+04; 0.00186; True; 18 26 27 35 38 76 78 79 87 88 106; 2 3 3 3 3 2
4.501e+04; 0.001974; True; 18 26 27 33 35 38 78 79 87 88 106; 2 4 3 2 3 3
4.601e+04; 0.002077; True; 18 27 35 38 76 78 79 87 88 99 106; 2 4 3 3 3 2
4.701e+04; 0.002101; True; 18 27 33 35 38 78 79 87 88 99 106; 2 5 3 2 3 3
4.801e+04; 0.002211; True; 6 18 27 35 38 76 78 79 87 88 99; 2 5 3 3 3 2
5e+04; 0.002293; True; 6 18 27 33 35 76 78 79 87 88 99; 2 6 3 3 3 2
5.301e+04; 0.002316; True; 6 18 26 27 28 35 38 76 79 87 88 106; 2 3 4 3 3 2
5.501e+04; 0.002849; True; 6 18 26 27 33 35 38 76 79 87 88 106; 2 4 3 3 3 3
5.601e+04; 0.002894; True; 18 27 34 35 38 39 76 78 79 87 88 99; 3 4 3 3 3 2
5.701e+04; 0.003032; True; 18 27 33 35 38 76 78 79 87 88 99 106; 2 5 3 3 3 3
5.901e+04; 0.00308; True; 6 18 27 35 38 69 76 78 79 87 88 99; 3 5 3 3 3 2
6.001e+04; 0.003145; True; 6 18 27 33 35 76 78 79 87 88 97 99; 2 6 3 3 3 3
6.1e+04; 0.003195; True; 6 18 27 33 35 76 78 79 86 87 88 99; 3 6 3 3 3 2
