M: 8
Instance: 1
Algorithm: NSGA-II
Iteration: 400
Population Size: 100
Required Skills: 8 22 23 27 37 41 47 50
Distance; Skill Score; isValid; Team; Skill Counts
7003; 5.912e-08; True; 0 32 33 34 122; 1 1 1 1 2 1 1 1
8002; 1.086e-07; True; 0 32 34 110 122; 1 1 1 1 2 1 2 1
1e+04; 1.11e-07; True; 0 32 33 34 37 122; 1 2 1 1 2 1 1 1
1.1e+04; 2.071e-07; True; 3 34 110 114 122 127; 1 1 1 1 2 2 2 1
1.2e+04; 2.82e-07; True; 0 1 34 106 110 122; 1 1 2 1 3 1 2 1
1.3e+04; 2.949e-07; True; 0 32 34 110 122 133; 2 1 1 1 2 1 3 1
1.501e+04; 3.772e-07; True; 0 1 8 34 63 122 147; 2 1 1 2 2 1 2 1
1.6e+04; 5.378e-07; True; 3 34 110 114 122 125 127; 1 1 2 1 3 2 2 1
1.7e+04; 6.172e-07; True; 0 1 32 34 106 110 122; 1 1 2 1 4 1 2 2
1.8e+04; 7.656e-07; True; 0 1 34 106 110 122 133; 2 1 2 1 3 1 3 1
2.101e+04; 9.795e-07; True; 0 1 8 34 63 106 122 147; 2 1 2 2 3 1 2 1
2.201e+04; 1.171e-06; True; 0 1 3 34 102 122 125 133; 2 1 2 2 4 1 2 1
2.3e+04; 1.46e-06; True; 3 34 110 114 122 125 127 133; 2 1 2 1 3 2 3 1
2.4e+04; 1.676e-06; True; 0 1 32 34 106 110 122 133; 2 1 2 1 4 1 3 2
2.5e+04; 1.798e-06; True; 3 34 42 110 114 122 125 133; 2 1 2 1 3 2 4 1
2.801e+04; 2.232e-06; True; 0 1 3 34 63 102 122 125 147; 2 1 2 2 4 2 2 1
2.901e+04; 2.581e-06; True; 0 1 8 34 63 106 110 122 133; 2 1 2 2 3 2 3 1
3.001e+04; 3.084e-06; True; 0 1 3 34 102 110 122 125 147; 2 1 2 2 4 2 3 1
3.1e+04; 3.292e-06; True; 3 16 34 110 114 122 125 127 147; 2 1 2 1 3 2 4 2
3.2e+04; 3.646e-06; True; 0 1 32 34 106 110 122 131 133; 2 1 2 2 4 1 4 2
3.3e+04; 3.934e-06; True; 0 3 32 34 42 110 122 125 147; 2 1 2 1 4 2 4 2
3.601e+04; 4.726e-06; True; 0 1 34 63 71 102 110 122 125 133; 2 1 2 2 3 2 3 2
3.701e+04; 5.791e-06; True; 0 1 3 34 102 110 114 122 125 133; 2 2 2 2 4 2 3 1
3.801e+04; 6.36e-06; True; 0 1 3 32 34 102 110 122 125 147; 2 1 2 2 5 2 3 2
3.901e+04; 6.953e-06; True; 0 1 3 34 42 102 110 122 125 147; 2 1 2 2 4 2 4 2
4e+04; 7.388e-06; True; 0 3 32 34 42 110 114 122 125 147; 2 2 2 1 4 2 4 2
4.1e+04; 7.831e-06; True; 0 1 3 32 34 110 112 122 125 133; 2 1 2 2 5 2 4 2
4.2e+04; 8.046e-06; True; 0 3 32 34 42 110 112 122 125 147; 2 1 2 2 4 2 5 2
4.501e+04; 1.061e-05; True; 0 1 3 34 102 110 114 122 125 127 133; 2 2 2 2 4 2 3 2
4.601e+04; 1.194e-05; True; 0 1 3 32 34 102 110 114 122 125 147; 2 2 2 2 5 2 3 2
4.701e+04; 1.306e-05; True; 0 1 3 34 42 102 110 114 122 125 147; 2 2 2 2 4 2 4 2
4.901e+04; 1.471e-05; True; 0 1 3 32 34 110 112 114 122 125 133; 2 2 2 2 5 2 4 2
5e+04; 1.511e-05; True; 0 3 32 34 42 110 112 114 122 125 147; 2 2 2 2 4 2 5 2
5.401e+04; 1.545e-05; True; 0 1 3 34 102 103 110 114 122 125 127 147; 2 2 3 2 4 2 3 2
5.501e+04; 1.74e-05; True; 0 1 3 34 71 102 106 110 114 122 125 147; 2 2 3 2 5 2 3 2
5.601e+04; 1.902e-05; True; 0 1 3 16 34 102 103 110 114 122 125 147; 2 2 3 2 4 2 4 2
5.701e+04; 2.168e-05; True; 0 1 3 32 34 102 110 114 122 125 133 147; 3 2 2 2 5 2 4 2
5.801e+04; 2.227e-05; True; 0 1 3 34 42 102 110 114 122 125 133 147; 3 2 2 2 4 2 5 2
5.901e+04; 2.328e-05; True; 0 1 3 32 34 106 110 112 114 122 125 133; 2 2 3 2 6 2 4 2
6.001e+04; 2.508e-05; True; 0 1 3 32 34 106 110 112 114 122 133 147; 3 2 2 2 5 2 5 2
6.601e+04; 2.706e-05; True; 0 1 3 32 34 63 102 106 110 114 122 125 147; 2 2 3 2 6 3 3 2
6.701e+04; 3.158e-05; True; 0 1 3 32 34 102 103 110 114 122 125 133 147; 3 2 3 2 5 2 4 2
6.801e+04; 3.431e-05; True; 0 1 3 32 34 102 106 110 114 122 125 133 147; 3 2 3 2 6 2 4 2
7.001e+04; 3.654e-05; True; 0 1 3 34 42 102 106 110 122 125 133 147 169; 3 2 3 2 5 2 5 2
7.101e+04; 3.971e-05; True; 0 1 3 32 34 106 110 112 114 122 125 133 147; 3 2 3 2 6 2 5 2
7.201e+04; 4.07e-05; True; 0 1 3 16 34 106 110 112 114 122 125 133 147; 3 2 3 2 5 2 6 2
7.801e+04; 4.224e-05; True; 0 1 3 34 42 63 71 102 106 110 114 122 125 147; 2 2 3 2 5 3 4 3
7.901e+04; 4.59e-05; True; 0 1 3 32 34 42 63 102 106 110 114 122 125 147; 2 2 3 2 6 3 4 3
8.001e+04; 5.23e-05; True; 0 1 3 16 34 63 102 106 110 114 122 125 133 147; 3 2 3 2 5 3 5 2
8.101e+04; 5.469e-05; True; 0 1 3 16 32 34 102 106 110 114 122 125 133 147; 3 2 3 2 6 2 5 3
8.201e+04; 5.606e-05; True; 0 1 3 16 34 42 102 106 110 114 122 125 133 147; 3 2 3 2 5 2 6 3
8.401e+04; 5.825e-05; True; 0 1 3 16 34 63 106 110 112 114 122 125 133 147; 3 2 3 2 5 3 6 2
8.6e+04; 6.085e-05; True; 0 1 3 16 34 42 106 108 110 122 125 131 133 147; 3 2 3 2 5 2 7 3
8.7e+04; 6.092e-05; True; 1 3 32 34 42 106 110 114 122 125 131 133 147 159; 3 2 3 2 6 2 6 3
9.201e+04; 6.304e-05; True; 0 1 3 16 34 91 102 103 110 114 122 125 127 133 147; 3 3 3 2 4 2 5 3
9.301e+04; 7.205e-05; True; 1 3 34 42 63 71 102 106 110 114 122 125 133 147 169; 3 2 3 2 5 3 5 3
9.401e+04; 7.377e-05; True; 0 1 3 34 42 63 102 106 110 114 122 125 133 147 150; 3 3 3 2 5 3 5 2
9.501e+04; 7.907e-05; True; 0 1 3 16 34 42 102 106 110 114 122 125 133 147 169; 3 3 3 2 5 2 6 3
9.701e+04; 8.113e-05; True; 0 1 3 16 34 42 102 106 108 110 122 125 131 133 147; 3 2 3 3 5 2 7 3
9.801e+04; 8.592e-05; True; 0 1 3 32 34 42 51 106 110 112 122 125 133 147 169; 3 3 3 2 6 2 6 3
9.901e+04; 8.719e-05; True; 1 3 32 34 42 106 110 112 114 122 125 126 133 136 147; 3 2 3 2 6 3 6 3
1.06e+05; 9.023e-05; True; 1 3 16 34 51 63 102 103 110 114 122 125 127 133 147 169; 3 3 3 2 4 3 5 3
1.07e+05; 9.605e-05; True; 0 1 3 10 16 34 63 102 106 107 110 114 122 125 133 147; 3 2 3 3 5 3 5 3
1.08e+05; 0.0001024; True; 0 1 3 16 34 42 102 103 106 110 114 122 125 133 147 169; 3 3 4 2 5 2 6 3
1.09e+05; 0.0001054; True; 0 1 3 16 34 42 102 106 107 108 110 114 122 125 133 147; 3 3 3 3 5 2 6 3
1.1e+05; 0.0001132; True; 0 1 3 16 34 42 63 102 106 110 122 125 133 137 147 169; 3 3 3 2 5 3 6 3
1.11e+05; 0.0001162; True; 1 3 16 34 42 63 102 106 110 114 122 125 133 145 147 168; 3 2 3 3 6 3 6 3
1.14e+05; 0.0001262; True; 1 3 32 34 42 106 110 112 114 122 125 126 131 133 136 147; 3 2 3 3 6 3 7 3
