M: 10
Instance: 1
Algorithm: MOSA
Iteration: 500
Population Size: 1000
Required Skills: 0 1 4 9 10 14 16 18 23 24
Distance; Skill Score; isValid; Team; Skill Counts
11.84; 3.505e-10; True; 20 303 546; 1 1 1 2 1 1 1 1 1 1
12.82; 3.942e-10; True; 303 374 420; 1 1 1 1 1 1 2 1 1 1
15.84; 7.25e-10; True; 168 303 420; 1 1 1 1 1 1 2 2 1 1
19.57; 1.095e-09; True; 112 303 374 546; 2 1 1 2 1 1 2 1 1 1
19.6; 3.636e-09; True; 130 303 480 546; 2 1 1 2 1 2 2 1 1 2
21.59; 5.616e-09; True; 303 420 480 664; 1 1 1 2 1 3 2 2 2 1
23.46; 8.911e-09; True; 303 374 420 594; 2 1 1 2 2 2 3 1 1 2
31.35; 1.639e-08; True; 168 303 420 594; 2 1 1 2 2 2 3 2 1 2
35.39; 3.596e-08; True; 24 303 420 480 664; 2 1 1 3 1 4 3 2 2 2
41.35; 4.226e-08; True; 56 168 303 420 474; 2 1 1 2 2 2 3 3 2 2
49.16; 4.416e-08; True; 69 303 420 480 636 664; 2 1 1 2 2 3 2 2 3 2
51.18; 7.583e-08; True; 69 303 420 480 518 664; 3 1 1 2 3 3 2 2 2 3
54.07; 7.633e-08; True; 69 303 420 480 586 664; 3 1 1 2 3 3 3 2 2 2
54.28; 1.088e-07; True; 303 320 390 420 480 664; 2 1 1 3 2 4 4 3 2 2
60.87; 1.292e-07; True; 56 168 259 303 420 474; 3 1 1 3 3 3 3 3 2 2
72; 1.743e-07; True; 303 322 327 420 437 546 578; 3 1 1 4 4 3 3 3 2 2
84.74; 2.043e-07; True; 110 252 255 303 341 377 480 546; 4 1 1 3 2 3 3 3 2 5
91.3; 4.65e-07; True; 11 165 168 303 420 480 546; 3 1 2 3 3 3 5 3 2 3
113.1; 5.613e-07; True; 24 119 168 303 313 480 578 664; 4 1 3 4 2 3 4 2 2 5
116.6; 8e-07; True; 11 165 168 303 420 480 481 546; 4 1 2 4 3 3 6 3 2 4
140.4; 1.026e-06; True; 20 100 182 185 202 303 420 480 637 664; 3 1 2 6 3 6 4 2 4 3
163.7; 1.145e-06; True; 0 54 138 142 254 303 322 420 480 675 693; 4 1 3 4 3 4 5 3 3 2
175.4; 1.201e-06; True; 121 200 265 303 315 333 420 480 546 658; 5 1 1 5 4 4 4 3 5 4
188.1; 1.327e-06; True; 20 24 199 241 248 303 390 420 423 669; 2 1 2 6 3 5 5 5 2 6
193.9; 1.495e-06; True; 121 130 225 267 303 374 420 472 555 664; 5 1 2 5 3 4 5 3 3 4
199.5; 1.528e-06; True; 110 170 202 303 341 373 408 420 578 662 689; 3 1 3 4 6 3 8 2 2 6
215.6; 1.714e-06; True; 168 184 202 210 269 303 332 341 374 546 623; 4 1 3 3 3 5 4 3 3 4
221.2; 1.884e-06; True; 20 77 97 128 303 341 451 546 594 621 633; 4 1 2 5 6 5 6 3 2 4
256.8; 1.901e-06; True; 20 59 99 235 255 303 330 420 502 518 537 664; 4 1 2 5 5 3 3 4 4 5
262.1; 1.984e-06; True; 41 142 173 177 203 303 374 377 420 448 475 558 582; 4 1 2 5 3 3 4 5 5 4
262.5; 2.039e-06; True; 0 24 259 303 307 367 377 420 423 486 531 568 689; 3 1 2 5 4 5 4 5 3 4
263.7; 2.045e-06; True; 13 56 78 130 254 303 307 358 372 449 518 669; 5 1 2 5 5 3 4 4 3 5
278; 2.278e-06; True; 100 185 202 227 303 343 398 420 480 502 538 637 664; 3 1 3 7 3 7 4 4 3 3
283.8; 2.509e-06; True; 256 285 301 303 374 420 475 561 660 664 669 679; 4 1 4 3 3 2 5 5 4 5
300.9; 2.62e-06; True; 0 3 24 74 91 303 414 436 546 620 641 669 689; 5 1 4 3 4 4 6 2 3 5
306.8; 3.567e-06; True; 0 20 26 289 303 358 408 420 480 515 522 582 622 679; 3 1 4 4 4 3 7 4 3 6
345.4; 4.107e-06; True; 29 202 303 341 365 420 436 513 567 576 600 623 641; 4 1 2 4 5 6 4 5 4 5
371; 4.525e-06; True; 254 281 303 341 372 420 424 473 512 520 524 526 563 578 689; 4 1 4 7 5 4 5 3 5 3
380.1; 4.538e-06; True; 89 164 225 259 293 301 303 341 353 387 399 420 424 475; 5 1 3 6 5 5 6 3 3 5
390.1; 6.556e-06; True; 40 47 97 245 279 303 320 358 420 438 474 480 538 584 664; 5 1 3 7 5 6 6 5 3 4
405.4; 7.514e-06; True; 32 203 233 303 343 367 374 420 479 512 563 578 594 633 640 689; 4 1 4 3 6 5 7 3 5 5
414.7; 7.757e-06; True; 78 145 202 233 265 303 413 513 555 578 582 594 601 664 678; 5 1 2 6 7 5 5 6 4 7
442.5; 7.99e-06; True; 78 202 209 303 322 339 373 408 420 449 480 521 641 653 689 694; 4 1 4 5 8 4 7 3 4 6
455.6; 8.324e-06; True; 20 35 54 89 168 225 251 303 387 436 457 582 594 605 664; 4 1 4 6 4 6 5 6 4 4
474.1; 1.044e-05; True; 24 32 113 168 250 276 280 303 341 390 420 425 558 623 664; 6 1 2 8 7 7 7 5 4 6
525.1; 1.299e-05; True; 24 67 259 303 321 374 479 480 513 518 544 546 576 590 600 650 672 689; 8 1 4 7 3 7 6 4 5 7
602.2; 1.316e-05; True; 69 119 239 303 320 341 353 386 449 479 480 507 538 552 558 573 576 597 694; 6 1 4 6 6 4 5 5 5 7
636.4; 1.372e-05; True; 32 77 96 166 172 203 233 303 343 374 399 420 512 563 578 594 633 647 689; 4 1 5 7 6 4 7 5 4 7
648.6; 1.72e-05; True; 157 236 265 303 341 374 377 390 420 463 521 572 587 596 599 623 669 688; 6 1 5 6 5 4 8 6 5 5
710.3; 1.776e-05; True; 93 107 254 303 307 319 353 392 420 421 442 493 505 513 515 593 594 599 664 666; 7 1 3 6 5 7 7 8 8 3
720; 2.177e-05; True; 169 181 182 259 265 303 380 420 421 468 480 481 524 534 546 558 582 596 600 610; 9 1 4 8 6 7 6 4 6 6
