M: 20
Instance: 1
Algorithm: MOSA
Iteration: 1000
Population Size: 1000
Required Skills: 0 1 2 4 5 7 9 10 11 12 13 14 15 16 18 20 22 23 24 26
Distance; Skill Score; isValid; Team; Skill Counts
56.87; 1.011e-19; True; 20 389 638 727 737 890; 2 1 5 1 5 1 4 1 2 1 1 2 2 1 1 2 2 1 2 1
76.39; 1.903e-19; True; 1 164 389 396 541 727 737; 3 1 6 1 6 1 5 2 1 2 1 1 1 4 1 1 2 1 3 1
88.52; 7.618e-19; True; 164 360 389 431 549 836 879; 2 1 2 2 4 2 2 3 1 2 2 1 1 4 2 1 2 1 3 1
100.6; 1.119e-18; True; 25 102 257 261 307 389 727 871; 3 1 5 1 3 1 5 3 1 2 2 2 1 2 1 2 1 2 4 1
109.9; 9.494e-18; True; 1 20 113 389 431 603 786 890; 3 1 6 1 6 1 3 4 2 3 2 1 3 4 1 2 2 1 4 1
117.6; 1.325e-17; True; 30 164 245 389 539 687 727 787; 4 1 5 1 5 1 4 3 1 3 1 3 1 4 2 2 4 2 3 1
136.2; 6.284e-17; True; 164 355 360 389 431 549 636 788 879; 3 1 3 2 6 2 3 5 1 2 3 3 1 5 2 2 3 2 3 1
164.6; 9.33e-17; True; 145 307 330 389 555 638 694 713 879 892; 4 1 4 2 5 2 4 3 2 2 3 2 1 4 2 4 1 3 4 1
176.3; 1.371e-16; True; 164 238 355 360 389 431 549 636 788 879; 4 1 3 2 7 2 3 5 1 2 3 4 1 5 2 2 3 3 3 1
181.4; 1.542e-16; True; 113 164 389 431 507 607 691 716 884 890; 4 1 4 1 8 4 5 4 1 2 3 1 2 3 4 3 3 2 5 1
201.4; 2.61e-16; True; 20 42 44 87 111 174 330 389 549 594 837; 4 1 5 1 8 3 5 4 4 3 2 4 3 3 2 1 2 2 3 1
213.3; 5.473e-16; True; 20 111 238 359 389 431 509 594 636 679 879; 6 1 5 2 8 3 4 4 1 4 3 2 2 3 2 4 2 2 5 1
229.7; 1.128e-15; True; 1 20 113 389 431 486 675 683 686 786 890; 5 1 9 2 8 2 3 4 2 4 2 2 3 4 3 2 3 2 5 1
247.2; 3.686e-15; True; 30 106 145 307 330 389 539 555 638 694 879 892; 4 1 5 2 7 2 5 3 2 3 4 3 2 6 2 4 3 4 6 1
274.4; 4.289e-15; True; 20 30 174 261 389 443 549 562 676 727 868 906; 5 1 9 2 8 2 7 4 3 3 4 5 3 6 2 1 3 3 4 1
325; 8.207e-15; True; 20 30 113 300 389 496 549 658 679 686 792 861 890; 4 1 8 1 10 2 5 4 4 4 3 4 4 3 5 3 3 3 4 1
414.7; 9.384e-15; True; 4 8 20 30 174 219 311 320 331 334 359 389 416 549 773; 7 1 7 2 11 4 7 6 2 4 4 5 2 6 3 4 2 1 6 1
453.8; 2.73e-14; True; 30 42 69 100 128 164 191 210 284 389 481 577 653 868 906; 5 1 7 3 9 4 7 5 2 5 4 5 2 4 3 3 3 3 5 1
482.6; 3.265e-14; True; 20 30 42 54 128 389 465 577 611 652 697 727 774 777 779 879; 5 1 8 3 9 4 5 3 4 4 4 5 2 3 4 4 4 2 5 1
584.9; 5.94e-14; True; 20 25 33 68 69 83 164 389 410 418 481 547 549 578 792 866 868; 8 1 13 3 12 2 10 5 3 4 4 4 2 5 3 2 3 4 6 2
622.9; 6.144e-14; True; 4 10 20 27 69 303 330 389 440 470 507 549 577 579 692 798 856 879; 6 1 10 2 10 4 6 5 3 5 3 6 2 5 5 3 3 4 5 1
623.7; 8.431e-14; True; 20 54 113 172 257 326 389 416 487 524 551 558 633 636 687 727 786 868; 5 1 11 3 9 4 8 5 3 4 4 4 3 5 3 3 3 5 5 1
654.1; 1.761e-13; True; 30 114 120 127 164 241 333 389 407 502 636 681 755 774 785 790 822 906; 3 1 8 4 13 4 10 5 4 6 2 7 4 5 4 3 3 5 5 1
775.3; 1.857e-13; True; 1 4 48 164 262 341 366 389 502 507 518 539 549 577 670 673 744 774 868 904; 4 1 8 4 15 5 9 7 3 4 4 6 3 7 4 4 3 2 7 1
871.4; 3.17e-13; True; 20 30 61 113 122 164 172 184 284 288 330 334 389 402 457 596 599 694 868 890; 7 1 9 4 12 8 6 5 4 6 3 4 2 5 4 3 3 3 7 2
991.2; 3.529e-13; True; 30 47 146 172 233 301 307 389 417 502 515 549 559 636 702 713 790 835 868 872 902 913; 8 1 9 3 13 4 11 6 3 4 2 5 4 8 4 7 4 4 6 1
1005; 5.387e-13; True; 20 25 40 100 113 146 283 302 315 332 362 389 502 537 547 636 637 658 694 727 779 810 879; 5 1 10 2 16 6 8 9 5 5 5 3 3 6 6 4 3 6 6 1
1074; 6.44e-13; True; 11 20 25 113 127 137 151 171 307 334 335 389 411 490 619 636 638 705 712 714 727 778 804 879; 5 1 9 4 15 4 10 5 5 6 4 5 2 7 6 6 2 4 4 2
1086; 1.154e-12; True; 1 4 24 30 164 186 246 262 276 309 341 366 389 502 507 539 549 577 670 744 774 868 904 912; 8 1 9 4 17 5 8 7 3 5 5 8 3 9 4 6 4 2 12 1
1334; 1.476e-12; True; 20 30 81 113 139 157 232 267 389 391 431 436 507 593 616 617 618 672 692 694 697 713 754 770 836 863 883; 5 1 6 5 19 9 11 9 4 6 5 3 5 6 6 7 3 2 9 1
1369; 1.628e-12; True; 1 13 20 25 33 105 113 154 209 217 273 307 324 339 389 423 485 541 549 687 695 723 760 782 798 829; 5 1 10 3 15 5 10 6 6 5 3 5 3 10 6 5 4 3 7 2
1410; 1.684e-12; True; 1 20 21 25 30 56 71 83 105 113 136 145 203 366 389 404 502 507 509 540 555 588 627 699 833 841 894; 6 1 13 2 21 5 12 8 7 6 7 7 3 11 4 5 3 3 8 1
1431; 2.123e-12; True; 20 30 100 111 145 183 236 273 335 337 341 342 379 389 457 485 507 546 624 688 704 810 821 849 879 892 912; 7 1 8 3 16 7 8 6 6 5 6 4 2 7 6 6 4 6 10 1
1484; 4.267e-12; True; 18 25 30 59 105 113 130 147 221 270 307 335 356 389 453 578 590 614 629 646 716 833 861 868 879 890 911; 12 1 12 4 17 7 12 6 4 7 5 6 3 12 4 5 6 3 11 1
1541; 6.051e-12; True; 10 20 22 30 179 212 257 389 430 440 486 502 555 577 581 629 687 694 695 716 735 770 774 779 786 868 892; 11 1 14 5 17 8 10 11 3 6 6 5 2 9 7 7 6 3 12 1
2034; 6.819e-12; True; 20 30 121 130 141 169 174 219 296 307 330 368 389 508 516 521 537 546 594 614 638 643 650 687 695 697 728 744 786 801 833 850; 10 1 10 4 17 5 11 5 5 5 3 8 3 11 5 6 6 4 11 2
2036; 6.968e-12; True; 14 17 20 59 66 83 84 111 145 168 219 249 307 315 328 330 389 457 538 553 636 638 672 684 696 699 725 755 774 778 782 883; 7 1 12 5 17 10 12 5 4 5 5 6 3 6 7 6 3 6 8 2
2098; 1.011e-11; True; 8 17 67 71 85 89 128 164 179 241 254 291 300 307 335 359 366 389 392 415 423 431 440 481 500 577 672 716 786 790 819 837 855; 10 1 9 4 25 8 17 11 6 6 3 8 2 6 9 6 5 4 9 2
2260; 1.281e-11; True; 4 7 17 20 25 30 32 35 43 69 113 118 206 232 241 260 270 301 326 389 416 431 529 539 549 558 572 605 619 685 735 819 856 907; 9 1 12 3 23 5 10 10 6 8 6 6 4 7 5 8 5 6 8 1
2373; 1.817e-11; True; 7 20 30 49 102 113 164 267 333 339 351 356 359 389 396 417 433 443 456 479 507 524 564 696 701 738 766 768 785 815 833 866 892 913; 10 1 17 3 27 7 14 9 5 6 3 5 4 9 6 6 6 8 11 2
2388; 2.022e-11; True; 42 100 105 106 160 188 219 253 257 258 261 272 295 307 365 389 418 431 473 485 536 539 567 590 653 716 745 750 774 787 822 842 856 876 892; 7 1 8 4 23 9 16 8 5 6 5 7 6 10 7 5 5 7 9 1
2470; 2.5e-11; True; 20 25 30 42 61 113 126 154 157 203 247 253 307 315 388 389 423 476 576 638 639 678 697 701 705 727 770 773 798 800 807 839 845 884 894 902 905; 10 1 10 4 26 8 13 7 9 8 5 9 4 8 4 7 3 5 8 2
2783; 2.797e-11; True; 1 19 33 42 128 129 202 214 232 246 282 301 307 328 331 339 344 377 389 416 481 485 486 507 511 549 565 578 582 664 669 685 740 770 774 782 791 861 907; 8 1 14 6 24 8 10 10 4 9 4 10 5 10 5 8 4 6 9 1
2991; 2.95e-11; True; 25 32 87 134 139 174 228 263 307 312 317 341 358 386 389 401 460 485 516 549 551 614 636 645 671 683 697 714 719 727 770 781 785 791 799 840 842 868 886; 11 1 9 6 24 9 13 8 4 7 4 9 4 9 6 6 8 6 10 1
3059; 3.13e-11; True; 1 6 20 104 139 162 185 220 238 249 252 258 279 312 344 389 398 446 453 502 553 554 556 577 613 713 716 722 727 736 778 788 793 863 866 879 884 890 892; 11 1 14 3 29 6 18 10 10 4 6 7 6 6 9 6 6 6 11 1
3060; 3.661e-11; True; 1 9 25 30 145 148 191 224 235 257 307 349 365 366 389 425 456 457 466 475 485 502 526 531 536 555 611 653 683 688 793 797 804 855 894 900 906 908 912; 9 1 11 4 24 10 11 8 7 9 8 8 3 11 7 5 5 7 8 1
3165; 4.239e-11; True; 4 20 39 42 81 131 164 167 191 199 260 284 330 332 360 389 417 457 482 507 546 553 554 583 626 638 641 659 683 685 694 712 713 716 745 769 788 829 862 895; 9 1 14 6 29 9 17 12 5 6 3 8 4 10 6 6 6 6 8 2
