M: 4
Instance: 1
Algorithm: MOSA
Iteration: 200
Population Size: 1000
Required Skills: 0 10 23 24
Distance; Skill Score; isValid; Team; Skill Counts
0.952; 0.01386; True; 80 212; 1 1 1 1
0.99; 0.02307; True; 150 293; 1 2 1 1
1.982; 0.03462; True; 80 372; 2 1 1 2
2.861; 0.05761; True; 46 145 202; 2 2 1 2
2.972; 0.07287; True; 150 248 293; 2 3 1 2
6.567; 0.08658; True; 138 150 160 231; 3 3 1 2
6.895; 0.09863; True; 149 150 184 293; 3 4 1 2
7.69; 0.1223; True; 45 166 181 369; 3 4 1 3
10.81; 0.1434; True; 150 187 231 248 394; 4 5 1 3
12.63; 0.1495; True; 63 236 313 340; 3 2 2 3
15.48; 0.1526; True; 148 150 181 293; 3 3 2 2
16.37; 0.1592; True; 73 150 283 369; 2 3 2 3
17.56; 0.1674; True; 6 120 215 285 372; 2 2 3 3
17.61; 0.1892; True; 150 181 248 372; 3 3 2 3
19.8; 0.2155; True; 149 240 248 262 283; 3 4 2 3
27.44; 0.2339; True; 150 184 248 372 394; 4 4 2 3
32.42; 0.2455; True; 12 42 236 291 349 372; 4 3 2 5
33.95; 0.2621; True; 113 120 283 366 369 383; 4 4 2 4
38.68; 0.2819; True; 108 236 237 340 372 390; 3 3 3 4
41.02; 0.3009; True; 42 43 63 64 120 340; 3 3 3 5
41.24; 0.3059; True; 120 215 240 248 266 372; 4 3 3 4
47.96; 0.3189; True; 181 231 313 366 372 386; 5 3 3 4
50.52; 0.3242; True; 166 222 240 372 377 394; 5 4 3 3
56.16; 0.3353; True; 73 93 166 192 196 212 268; 3 3 4 4
58.01; 0.3485; True; 73 80 113 192 291 333 385; 4 4 3 4
58.75; 0.3632; True; 72 150 172 181 196 313 369; 5 4 3 4
63.71; 0.4145; True; 73 120 148 150 231 236 282; 4 4 4 4
75.3; 0.4481; True; 63 93 103 120 150 176 189 385; 4 5 4 4
80.19; 0.4609; True; 72 120 150 172 196 283 313 369; 5 4 4 5
108.1; 0.4782; True; 149 150 175 265 289 310 372 383; 4 5 4 5
