M: 6
Instance: 1
Algorithm: MOSA
Iteration: 300
Population Size: 1000
Required Skills: 0 1 4 10 23 24
Distance; Skill Score; isValid; Team; Skill Counts
8.886; 2.484e-06; True; 83 190 414; 1 1 1 1 1 1
11.85; 4.087e-06; True; 13 190 395; 1 1 1 1 1 2
15.68; 6.393e-06; True; 188 190 345 395; 2 1 1 1 1 2
16.78; 6.902e-06; True; 190 345 395 414; 2 1 1 1 2 1
16.81; 1.136e-05; True; 83 190 395 414; 2 1 1 1 2 2
20.65; 1.383e-05; True; 190 349 395 414; 1 1 2 1 2 2
20.72; 1.526e-05; True; 190 225 349 395; 2 1 2 1 1 3
20.76; 1.642e-05; True; 13 190 349 395; 1 1 2 2 1 3
28.64; 1.655e-05; True; 156 190 258 311 414; 3 1 1 3 1 2
29.1; 2.05e-05; True; 13 155 165 190 225; 2 1 2 2 1 2
29.38; 2.569e-05; True; 44 190 251 287 414; 2 1 2 2 1 3
30.49; 2.603e-05; True; 190 207 225 395 414; 3 1 2 1 2 2
33.44; 2.903e-05; True; 44 190 287 349 395; 2 1 2 2 1 4
35.05; 3.092e-05; True; 13 190 209 225 401; 3 1 2 2 1 3
35.38; 3.641e-05; True; 44 190 265 314 414; 2 1 2 2 2 2
42.9; 3.673e-05; True; 118 190 225 287 345 349; 2 1 3 2 1 3
43.13; 3.687e-05; True; 33 188 190 225 251 395; 3 1 2 1 2 4
43.15; 4.524e-05; True; 13 75 129 190 349 395; 1 1 2 3 2 5
44.73; 4.562e-05; True; 13 126 190 230 288 414; 2 1 2 2 2 3
45.26; 4.576e-05; True; 13 83 190 270 349 395; 2 1 2 4 1 5
49.99; 4.8e-05; True; 190 207 225 258 395 414; 4 1 2 2 2 2
50.93; 5.157e-05; True; 13 124 126 190 225 251; 2 1 2 2 2 4
50.97; 5.598e-05; True; 107 190 264 301 314 414; 3 1 2 3 2 2
51.1; 6.799e-05; True; 107 190 225 246 395 414; 4 1 2 2 2 4
58.89; 7.851e-05; True; 130 190 225 287 345 349 401; 3 1 3 2 2 3
68; 8.055e-05; True; 48 157 190 265 271 392 414; 3 1 2 4 2 3
68.67; 9.105e-05; True; 13 156 157 190 200 287 395; 3 1 2 4 2 4
72.05; 0.0001003; True; 0 44 190 202 255 367 414; 3 1 3 3 2 3
78.53; 0.0001137; True; 13 75 118 190 251 270 349 395; 2 1 2 4 3 6
91.24; 0.0001152; True; 0 107 157 186 190 287 314 407; 3 1 3 4 2 3
95.91; 0.0001343; True; 65 186 190 246 287 314 345 414; 3 1 3 3 3 3
106.7; 0.0001426; True; 190 246 251 314 349 364 381 414; 4 1 3 4 2 4
113.5; 0.0001461; True; 13 17 190 251 286 287 309 349 389; 3 1 3 4 2 6
115.7; 0.0001478; True; 13 39 157 185 190 225 249 287 349; 2 1 4 4 2 5
118.8; 0.000169; True; 0 83 156 190 207 230 314 414 415; 4 1 3 4 3 3
119.7; 0.0001743; True; 13 129 144 190 246 314 332 349 386; 3 1 3 4 3 4
124.2; 0.0001842; True; 13 39 70 157 190 225 249 287 349; 2 1 4 4 3 4
129.9; 0.0001846; True; 44 140 190 207 251 338 349 410 414; 3 1 3 4 4 3
135; 0.0001873; True; 190 255 265 283 287 314 328 349 417; 3 1 3 4 3 5
136.3; 0.000191; True; 12 44 70 146 155 190 314 349 367; 4 1 3 4 3 4
141.6; 0.0001936; True; 0 54 156 190 225 255 256 283 349; 3 1 4 5 2 5
144.4; 0.0002086; True; 22 69 143 190 225 295 314 332 349 395; 3 1 3 4 4 4
162.9; 0.0002167; True; 44 160 185 188 190 297 386 389 395 414; 3 1 4 3 3 6
163.6; 0.0002217; True; 13 97 118 190 207 224 225 232 249 256 349; 3 1 4 4 3 4
166.8; 0.0002333; True; 75 83 134 190 230 255 297 301 349 367; 4 1 3 5 3 6
170.4; 0.0002476; True; 0 107 112 137 140 188 190 251 306 414; 3 1 5 3 3 5
174.5; 0.0003055; True; 59 68 190 193 225 284 287 314 349 395 414; 5 1 5 3 3 7
202.6; 0.0003136; True; 0 65 126 190 225 230 287 297 324 362 380 386 392; 4 1 4 5 3 9
211; 0.0003254; True; 41 75 176 190 216 226 265 287 297 311 395 414; 4 1 5 4 3 6
233.5; 0.0003423; True; 13 17 41 70 88 97 156 188 190 225 366 395; 5 1 4 4 4 6
247.2; 0.000366; True; 13 53 155 157 190 283 314 318 349 362 369 414; 6 1 4 5 4 5
285.8; 0.0004689; True; 165 190 193 205 225 284 287 314 320 343 349 395 414; 6 1 5 5 4 7
