M: 12
Instance: 1
Algorithm: SPEA2
Iteration: 600
Population Size: 100
Required Skills: 8 9 13 15 16 23 24 40 43 49 50 52
Distance; Skill Score; isValid; Team; Skill Counts
2e+04; 5.932e-14; True; 1 38 130 145 166 193 262; 1 2 1 1 2 1 1 2 1 1 1 1
2.6e+04; 5.22e-13; True; 23 38 39 44 130 166 193 199; 1 5 1 1 3 1 3 3 1 1 1 1
3.4e+04; 1.954e-12; True; 23 38 39 44 130 166 177 193 262; 1 5 1 1 3 1 3 3 1 2 2 1
4.1e+04; 3.561e-12; True; 1 23 38 39 44 130 135 193 199 262; 1 5 1 1 3 1 3 3 1 2 2 2
5e+04; 8.032e-12; True; 1 23 38 39 44 56 130 135 193 199 262; 1 5 1 1 3 2 4 3 1 2 2 2
5.1e+04; 8.923e-12; True; 1 23 38 39 44 130 166 168 177 193 262; 1 5 1 1 4 2 3 3 1 2 2 2
