M: 14
Instance: 1
Algorithm: SPEA2
Iteration: 700
Population Size: 100
Required Skills: 5 9 12 13 14 20 26 30 36 37 39 46 50 51
Distance; Skill Score; isValid; Team; Skill Counts
8002; 2.287e-16; True; 4 47 165 368 390; 1 1 1 1 1 1 1 1 1 2 1 1 1 1
9001; 7.863e-16; True; 4 235 297 368 390; 1 1 2 1 1 1 1 1 2 2 1 1 1 1
1.3e+04; 1.016e-14; True; 4 43 47 165 368 390; 1 2 1 1 1 2 2 1 2 2 1 2 2 1
1.4e+04; 2.627e-14; True; 4 43 235 297 368 390; 1 2 2 1 1 2 2 1 3 2 1 2 2 1
1.5e+04; 5.021e-14; True; 4 43 184 235 368 390; 1 2 2 1 2 2 2 1 3 2 1 2 2 1
2e+04; 2.004e-13; True; 4 43 47 105 235 368 390; 1 2 2 1 2 2 2 1 3 3 2 2 3 1
2.1e+04; 2.908e-13; True; 4 43 105 235 352 368 390; 1 2 2 1 2 2 2 1 3 3 3 2 3 1
2.8e+04; 1.187e-12; True; 4 5 43 105 235 352 368 390; 2 2 2 1 3 2 2 1 3 3 3 3 3 1
