M: 20
Instance: 1
Algorithm: SPEA2
Iteration: 1000
Population Size: 100
Required Skills: 0 2 13 16 20 22 23 26 29 34 36 38 41 42 43 46 47 48 56 57
Distance; Skill Score; isValid; Team; Skill Counts
1.9e+04; 3.517e-25; True; 0 5 122 130 181 363 431; 1 1 1 2 1 1 1 4 1 4 3 1 1 1 1 1 1 2 2 2
2e+04; 6.55e-25; True; 5 74 122 130 181 245 353; 1 1 1 2 1 1 1 4 1 4 2 1 1 1 1 2 1 2 2 3
2.1e+04; 1.376e-24; True; 5 74 122 130 181 245 431; 1 1 1 3 1 1 1 5 1 5 3 1 1 1 1 2 1 2 2 2
2.6e+04; 9.009e-24; True; 5 74 122 130 181 353 363 721; 1 2 1 2 2 1 1 4 1 4 4 1 1 1 1 2 2 2 2 3
2.7e+04; 1.875e-23; True; 5 74 122 130 181 353 363 619; 1 2 1 3 2 1 1 4 1 5 3 1 1 1 1 2 2 3 2 4
3.3e+04; 5.993e-23; True; 5 74 122 130 181 353 363 450 477; 2 2 1 2 2 1 1 4 1 4 3 1 2 1 1 2 3 3 2 4
3.4e+04; 1.254e-22; True; 5 74 122 130 181 363 431 450 477; 2 2 1 3 2 1 1 5 1 5 4 1 2 1 1 2 3 3 2 3
3.6e+04; 2.186e-22; True; 5 74 122 130 181 363 431 450 619; 2 2 1 4 2 1 1 5 1 6 4 1 2 1 1 2 3 3 2 4
4.2e+04; 6.268e-22; True; 5 33 74 122 130 181 363 431 450 477; 2 3 1 4 2 1 1 6 1 5 4 1 2 2 1 2 3 4 2 3
4.4e+04; 8.743e-22; True; 5 74 122 130 181 363 431 535 619 717; 2 2 1 4 3 1 2 5 1 6 4 2 1 1 1 3 3 4 2 3
4.5e+04; 1.05e-21; True; 5 74 122 130 181 266 363 431 450 619; 2 3 1 4 2 1 1 6 1 6 4 1 2 2 1 2 3 3 3 4
5.1e+04; 1.58e-21; True; 5 33 74 122 130 181 353 363 450 477 717; 3 3 1 3 3 1 2 5 1 4 3 1 2 2 1 2 3 5 2 4
5.4e+04; 3.705e-21; True; 5 33 74 122 130 181 245 363 431 450 726; 2 3 1 4 3 1 1 6 1 5 5 2 2 2 1 3 3 4 2 4
5.5e+04; 4.792e-21; True; 5 33 74 122 130 181 245 363 431 450 717; 3 3 1 4 3 1 2 6 1 5 4 2 2 2 1 2 3 4 2 3
7.5e+04; 3.408e-20; True; 5 47 74 122 130 181 245 266 363 431 450 521 726; 3 3 2 3 3 1 2 6 1 7 5 2 2 2 1 3 3 5 3 5
8.7e+04; 7.726e-20; True; 5 47 74 122 130 181 245 266 363 431 450 521 721 726; 3 3 2 3 3 2 2 6 1 7 6 2 2 2 1 3 3 5 3 5
