M: 8
Instance: 1
Algorithm: SPEA2
Iteration: 400
Population Size: 100
Required Skills: 8 22 23 27 37 41 47 50
Distance; Skill Score; isValid; Team; Skill Counts
8002; 1.086e-07; True; 0 32 34 110 122; 1 1 1 1 2 1 2 1
1.2e+04; 2.82e-07; True; 0 1 34 106 110 122; 1 1 2 1 3 1 2 1
1.3e+04; 2.949e-07; True; 0 32 34 110 122 133; 2 1 1 1 2 1 3 1
1.501e+04; 3.242e-07; True; 0 1 3 34 102 122 125; 1 1 2 2 4 1 1 1
1.7e+04; 6.172e-07; True; 0 1 32 34 106 110 122; 1 1 2 1 4 1 2 2
1.8e+04; 7.656e-07; True; 0 1 34 106 110 122 133; 2 1 2 1 3 1 3 1
2.201e+04; 1.171e-06; True; 0 1 3 34 102 122 125 133; 2 1 2 2 4 1 2 1
2.5e+04; 1.798e-06; True; 3 34 42 110 114 122 125 133; 2 1 2 1 3 2 4 1
3.2e+04; 3.376e-06; True; 3 34 42 110 114 122 125 133 169; 2 2 2 1 3 2 4 1
4.1e+04; 7.388e-06; True; 1 3 34 42 110 114 122 125 133 169; 2 2 2 1 4 2 4 2
