Iteration: 500
 Population Size: 1000
RUN 1:
Optimum Distance: 11.84
Optimal Team: 20,303,546,
Required Skills: 0 1 4 9 10 14 16 18 23 24 
Distance; Skill Score; isValid; Team; Skill Counts
15.84 ; 7.25e-10 ; True ; 168 303 420  ; 1 1 1 1 1 1 2 2 1 1 
19.6 ; 3.636e-09 ; True ; 130 303 480 546  ; 2 1 1 2 1 2 2 1 1 2 
31.25 ; 8.703e-09 ; True ; 110 130 182 303 480  ; 3 1 1 2 1 2 3 1 1 3 
31.35 ; 1.639e-08 ; True ; 168 303 420 594  ; 2 1 1 2 2 2 3 2 1 2 
47.87 ; 3.595e-08 ; True ; 0 254 303 307 515 594  ; 3 1 1 3 2 2 3 1 2 3 
51.7 ; 5.228e-08 ; True ; 0 111 254 303 420 594  ; 2 1 1 3 2 3 3 2 2 2 
53.95 ; 6.887e-08 ; True ; 20 303 341 481 546 582  ; 3 1 2 3 2 2 3 2 1 3 
68.16 ; 9.143e-08 ; True ; 168 267 303 307 578 664  ; 4 1 2 2 2 2 3 3 1 3 
78.54 ; 9.992e-08 ; True ; 20 94 121 303 408 438 546  ; 3 1 1 4 3 2 3 2 2 3 
84.13 ; 1.053e-07 ; True ; 21 78 110 202 281 303 664  ; 2 1 1 4 3 2 3 3 2 3 
97.24 ; 1.522e-07 ; True ; 224 303 415 420 480 481 546 658  ; 3 1 1 5 2 3 3 2 3 3 
102.1 ; 1.6e-07 ; True ; 199 303 374 420 519 546 558 620  ; 2 1 1 4 2 3 3 2 5 3 
112 ; 2.198e-07 ; True ; 17 303 438 480 538 594 615 658  ; 3 1 2 4 2 4 2 2 2 4 
124.9 ; 5.773e-07 ; True ; 177 303 374 408 420 480 512 595 605  ; 4 1 2 3 4 3 5 2 2 4 
177.2 ; 5.856e-07 ; True ; 3 4 11 102 110 303 408 420 574 578  ; 2 1 2 3 4 3 5 3 2 5 
186.2 ; 6.49e-07 ; True ; 78 232 303 371 390 438 576 578 669 673  ; 2 1 2 6 3 3 3 4 3 4 
189.9 ; 9.067e-07 ; True ; 66 81 87 91 168 256 303 449 546 593  ; 6 1 2 4 3 3 3 4 3 3 
219.9 ; 1.075e-06 ; True ; 169 303 341 387 390 417 420 427 502 628 693  ; 3 1 2 5 4 4 4 4 2 4 
230.6 ; 1.159e-06 ; True ; 168 264 289 303 373 406 420 578 594 658 682  ; 4 1 2 4 4 2 6 2 4 7 
253 ; 1.195e-06 ; True ; 75 78 146 232 303 353 374 529 537 594 598 664  ; 5 1 2 5 3 3 4 3 3 5 
257.9 ; 1.576e-06 ; True ; 0 54 117 202 254 303 449 502 546 596 614 685 692  ; 4 1 3 5 4 3 3 3 3 5 
271.5 ; 1.707e-06 ; True ; 0 106 107 268 303 374 405 420 513 518 544 557 594  ; 3 1 2 5 4 5 7 2 3 6 
279.4 ; 1.773e-06 ; True ; 69 88 142 303 341 356 420 471 481 502 546 577 672  ; 5 1 1 5 5 5 4 5 3 5 
287.1 ; 1.924e-06 ; True ; 77 96 106 128 232 239 275 303 335 408 420 438 480  ; 4 1 3 5 6 4 6 2 2 5 
289.7 ; 2.282e-06 ; True ; 0 20 69 120 126 166 241 254 277 303 377 390 420  ; 4 1 2 5 4 4 5 4 3 5 
317.1 ; 2.609e-06 ; True ; 45 49 81 236 303 390 480 520 533 593 594 669 678  ; 4 1 2 6 3 6 7 4 2 8 
337.3 ; 2.616e-06 ; True ; 6 19 20 56 59 187 201 209 303 341 480 563 567  ; 4 1 3 4 4 5 4 3 3 5 
346.7 ; 3.375e-06 ; True ; 41 257 259 281 293 303 380 397 480 481 546 576 578 682  ; 5 1 3 4 4 4 4 4 4 4 
392.5 ; 3.962e-06 ; True ; 20 41 119 259 289 303 374 379 403 515 517 518 550 664 669  ; 6 1 3 6 4 2 5 5 4 7 
397.8 ; 4.12e-06 ; True ; 11 19 20 56 59 79 80 81 187 201 303 480 563 567  ; 5 1 3 6 5 4 5 3 3 7 
398.6 ; 4.185e-06 ; True ; 228 303 319 380 408 420 437 472 481 507 515 612 648 660 664  ; 7 1 2 5 5 4 7 4 3 6 
432.9 ; 4.298e-06 ; True ; 20 200 271 273 303 307 343 377 417 424 475 546 594 596 630  ; 8 1 2 6 5 4 7 3 5 4 
441.4 ; 4.959e-06 ; True ; 89 130 152 199 303 374 381 396 480 512 513 519 530 578 610 658 686  ; 4 1 3 5 4 3 8 3 5 9 
450.9 ; 5.393e-06 ; True ; 14 98 107 187 235 274 291 303 327 341 364 420 426 480 521 675  ; 6 1 2 3 6 5 6 5 4 5 
474 ; 5.896e-06 ; True ; 20 79 91 128 187 202 214 303 374 408 467 468 483 515 582 651  ; 5 1 4 6 7 3 6 4 3 5 
509.6 ; 7.712e-06 ; True ; 21 133 159 258 287 303 307 374 386 412 420 480 502 512 546 590 600  ; 7 1 4 6 4 4 7 3 4 7 
598.4 ; 9.991e-06 ; True ; 54 89 130 199 273 303 309 374 396 480 512 513 515 519 530 578 605 658 686  ; 4 1 4 4 3 4 8 5 6 9 
604.8 ; 1.111e-05 ; True ; 20 110 167 255 303 363 373 390 420 462 480 546 561 576 577 578 680 686  ; 5 1 3 9 5 5 9 6 3 9 
644.8 ; 1.125e-05 ; True ; 20 42 48 78 81 127 200 229 248 303 371 374 387 521 532 578 644 658  ; 6 1 4 10 5 5 5 4 4 8 
685.1 ; 1.22e-05 ; True ; 1 20 56 98 117 118 275 277 280 303 422 480 512 546 559 578 584 634 650 658  ; 7 1 3 6 8 4 7 3 6 9 
712.7 ; 1.223e-05 ; True ; 20 97 114 137 187 267 301 303 336 357 371 451 459 508 519 528 546 601 658 669  ; 7 1 3 7 4 5 5 6 5 9 
738.2 ; 1.374e-05 ; True ; 152 236 281 303 320 331 391 399 408 420 440 480 507 509 521 545 582 588 664 685 694  ; 6 1 4 9 8 5 6 4 4 6 
739.8 ; 1.483e-05 ; True ; 20 35 141 176 187 202 267 301 303 341 357 425 451 513 525 546 601 631 669  ; 8 1 4 4 5 6 5 6 4 7 
849.9 ; 1.606e-05 ; True ; 112 184 199 212 254 303 322 362 384 410 424 457 468 470 521 538 546 567 594 669 677  ; 7 1 3 10 5 8 6 5 7 4 

RUN 2:
Optimum Distance: 11.84
Optimal Team: 20,303,546,
Required Skills: 0 1 4 9 10 14 16 18 23 24 
Distance; Skill Score; isValid; Team; Skill Counts
12.8 ; 2.192e-10 ; True ; 303 578 664  ; 1 1 1 1 1 1 1 1 1 1 
18.7 ; 4.075e-10 ; True ; 259 303 377 480  ; 1 1 1 1 1 2 1 1 1 1 
21.45 ; 2.093e-09 ; True ; 303 480 507 664  ; 1 1 1 2 1 2 2 1 1 2 
22.6 ; 3.904e-09 ; True ; 303 420 480 658  ; 1 1 1 2 1 2 2 1 2 2 
32.53 ; 5.633e-09 ; True ; 245 303 420 664 689  ; 1 1 1 2 1 2 2 2 3 1 
35.34 ; 6.251e-09 ; True ; 169 303 373 374 546  ; 3 1 1 2 2 1 2 1 1 3 
35.39 ; 3.596e-08 ; True ; 24 303 420 480 664  ; 2 1 1 3 1 4 3 2 2 2 
59.03 ; 8.507e-08 ; True ; 20 303 322 420 546 582  ; 2 1 2 4 3 2 3 3 2 1 
72 ; 1.743e-07 ; True ; 303 322 327 420 437 546 578  ; 3 1 1 4 4 3 3 3 2 2 
108.5 ; 1.767e-07 ; True ; 32 56 303 319 374 422 546 658  ; 3 1 2 2 2 2 3 2 3 4 
117.1 ; 1.921e-07 ; True ; 0 98 203 303 420 505 526 546 599  ; 3 1 1 5 3 3 3 2 4 2 
120.4 ; 2.567e-07 ; True ; 19 168 200 259 303 387 507 578  ; 3 1 2 4 4 3 4 2 1 4 
125.5 ; 3.958e-07 ; True ; 185 202 255 303 374 479 532 578 593  ; 3 1 2 5 3 4 4 1 3 4 
150.6 ; 5.522e-07 ; True ; 20 96 140 182 293 303 420 543 593  ; 3 1 2 4 3 3 4 2 3 4 
162.5 ; 6.519e-07 ; True ; 144 281 303 319 341 403 480 515 528 546 664  ; 3 1 3 4 3 4 2 3 4 2 
173.2 ; 7.173e-07 ; True ; 11 110 142 225 303 341 422 424 546 641  ; 5 1 1 6 5 3 5 3 2 5 
212.1 ; 1.139e-06 ; True ; 110 142 225 303 319 341 366 422 424 546 641  ; 5 1 2 5 4 4 4 3 2 4 
215.6 ; 1.714e-06 ; True ; 168 184 202 210 269 303 332 341 374 546 623  ; 4 1 3 3 3 5 4 3 3 4 
280.3 ; 1.909e-06 ; True ; 0 107 303 333 369 375 377 389 420 423 470 624 664  ; 4 1 2 4 4 3 5 4 4 4 
290.2 ; 2.003e-06 ; True ; 11 79 115 168 267 303 449 479 594 596 658 685  ; 6 1 2 7 6 4 4 3 2 6 
303.1 ; 2.043e-06 ; True ; 0 31 56 185 254 287 303 380 435 480 524 593 594 687  ; 4 1 2 7 4 6 5 2 4 4 
304.5 ; 2.23e-06 ; True ; 117 214 303 307 321 341 353 422 437 546 563 578 679  ; 5 1 3 4 6 3 5 3 2 6 
319.7 ; 2.3e-06 ; True ; 78 107 157 202 255 303 353 425 484 538 664 669 675  ; 5 1 3 7 5 2 4 5 3 4 
325.6 ; 2.991e-06 ; True ; 168 184 202 269 298 303 332 341 367 374 528 546 623 624  ; 4 1 3 4 5 5 4 3 3 5 
350.9 ; 3.177e-06 ; True ; 22 184 253 269 303 307 372 374 377 383 413 437 449 507 538  ; 4 1 3 5 7 3 4 4 3 5 
396.3 ; 3.671e-06 ; True ; 238 267 303 307 326 423 480 521 537 578 583 601 664 675 693  ; 5 1 3 6 3 5 5 4 3 5 
407.9 ; 4.818e-06 ; True ; 0 31 37 56 88 185 254 287 303 341 480 524 593 594 639 687  ; 4 1 2 7 4 7 7 3 5 5 
455.8 ; 5.673e-06 ; True ; 54 107 187 191 303 320 377 420 441 502 529 594 600 623 664  ; 6 1 3 4 4 3 5 6 5 5 
491.9 ; 6.11e-06 ; True ; 54 71 137 140 206 253 301 303 437 459 479 520 521 576 578 664 693  ; 7 1 3 4 4 4 5 3 6 7 
525.6 ; 7.388e-06 ; True ; 152 227 253 275 303 371 374 420 480 539 578 599 620 626 639 654 664 680  ; 5 1 3 5 4 8 5 3 5 6 
526.3 ; 8.834e-06 ; True ; 152 227 253 254 275 303 371 374 420 480 509 539 578 626 654 655 664 687  ; 6 1 3 5 4 9 5 4 4 6 
594.1 ; 9.026e-06 ; True ; 51 81 86 97 119 190 219 274 303 353 479 527 541 546 594 623 641 689  ; 7 1 4 6 4 5 4 5 4 6 
596.6 ; 1.125e-05 ; True ; 81 86 97 119 171 187 219 242 274 303 321 353 479 546 594 623 641 689  ; 6 1 4 5 4 5 5 6 4 7 
627.3 ; 1.125e-05 ; True ; 202 242 303 327 333 390 398 421 448 449 483 538 546 623 633 637 664 682  ; 4 1 4 8 4 5 6 7 4 6 
658.2 ; 1.272e-05 ; True ; 20 53 120 132 168 185 277 303 341 343 377 379 438 479 546 576 593 597 638  ; 8 1 2 5 4 7 6 7 8 5 
701.9 ; 1.42e-05 ; True ; 107 152 239 253 254 303 371 374 420 470 480 509 537 539 578 626 639 655 664 682 687  ; 6 1 3 6 3 8 8 4 7 8 
734.7 ; 1.487e-05 ; True ; 16 303 326 339 341 353 374 406 415 435 507 546 593 594 601 621 648 660 664  ; 7 1 3 8 6 7 7 5 4 6 


RUN 3:
Optimum Distance: 11.84
Optimal Team: 20,303,546,
Required Skills: 0 1 4 9 10 14 16 18 23 24 
Distance; Skill Score; isValid; Team; Skill Counts
11.9 ; 2.192e-10 ; True ; 303 546 578  ; 1 1 1 1 1 1 1 1 1 1 
15.84 ; 7.25e-10 ; True ; 168 303 420  ; 1 1 1 1 1 1 2 2 1 1 
21.58 ; 1.773e-09 ; True ; 303 420 480 612  ; 1 1 1 1 1 2 3 1 1 2 
22.51 ; 2.036e-09 ; True ; 303 424 480 664  ; 2 1 1 2 1 2 2 1 1 1 
23.49 ; 3.535e-09 ; True ; 20 259 303 420  ; 1 1 1 3 3 2 2 1 1 1 
29.41 ; 3.988e-09 ; True ; 20 303 480 481 515  ; 1 1 2 2 1 1 3 1 1 3 
31.64 ; 5.36e-09 ; True ; 20 303 420 660  ; 1 1 2 2 2 1 3 1 1 2 
37.31 ; 1.078e-08 ; True ; 303 389 420 424 480  ; 2 1 1 2 2 2 4 1 1 2 
37.48 ; 2.147e-08 ; True ; 202 303 420 578 658  ; 1 1 1 3 3 2 3 1 2 3 
48.94 ; 3.729e-08 ; True ; 98 254 303 413 420 502  ; 2 1 1 3 3 2 3 1 2 3 
60.15 ; 6.024e-08 ; True ; 303 390 448 474 664 669  ; 2 1 1 4 2 2 4 3 1 4 
61.09 ; 6.397e-08 ; True ; 71 168 303 390 436 546  ; 4 1 1 4 2 2 3 3 1 3 
69.09 ; 6.855e-08 ; True ; 22 303 389 480 546 578 678  ; 3 1 2 2 2 2 3 1 2 4 
70.46 ; 7.03e-08 ; True ; 168 303 353 594 664 685  ; 3 1 2 3 2 2 2 3 1 3 
76.61 ; 8.24e-08 ; True ; 303 319 371 512 578 593 594  ; 2 1 2 2 2 3 2 2 2 3 
81.03 ; 9.703e-08 ; True ; 93 303 413 448 594 664 669  ; 3 1 1 3 3 2 4 3 1 4 
85.03 ; 1.05e-07 ; True ; 20 110 303 408 546 638 678  ; 4 1 1 4 3 1 3 3 2 4 
90.44 ; 1.351e-07 ; True ; 6 142 303 371 512 578 593 594  ; 2 1 1 4 3 4 2 3 2 3 
90.6 ; 1.955e-07 ; True ; 61 121 303 341 343 420 669  ; 3 1 1 2 3 3 5 3 2 3 
98.12 ; 2.505e-07 ; True ; 23 140 254 301 303 322 341 420  ; 4 1 1 3 3 3 4 2 3 3 
105.8 ; 2.747e-07 ; True ; 0 110 256 303 480 507 509 664  ; 2 1 2 3 2 3 4 3 2 4 
112.8 ; 3.226e-07 ; True ; 17 78 81 110 303 369 420 502  ; 3 1 2 4 3 2 3 3 2 4 
133.4 ; 3.62e-07 ; True ; 20 24 45 142 238 303 420 554 578  ; 2 1 2 5 3 3 5 2 2 4 
142.8 ; 4.105e-07 ; True ; 22 81 91 267 303 420 529 578 594  ; 5 1 1 3 4 4 5 2 2 4 
150.9 ; 7.107e-07 ; True ; 202 296 303 307 449 453 479 480 546 689  ; 3 1 3 4 2 5 3 2 3 4 
193.4 ; 8.506e-07 ; True ; 20 56 78 113 280 303 425 530 582 664  ; 3 1 2 5 5 2 3 4 4 3 
198.3 ; 1.044e-06 ; True ; 89 168 177 265 303 341 448 509 558 578  ; 3 1 2 3 4 4 5 3 2 6 
209.6 ; 1.064e-06 ; True ; 19 20 24 303 380 387 408 479 669 678 682  ; 5 1 2 5 5 3 5 2 2 6 
214.9 ; 1.243e-06 ; True ; 17 78 81 110 195 303 369 420 502 545 689  ; 4 1 3 5 4 2 3 3 4 4 
224 ; 1.339e-06 ; True ; 0 71 200 224 303 374 387 593 594 626 679  ; 4 1 2 5 3 4 4 3 3 5 
244.6 ; 1.544e-06 ; True ; 20 74 128 248 303 341 397 420 527 554 669  ; 3 1 3 3 5 4 6 3 2 4 
262.1 ; 1.984e-06 ; True ; 41 142 173 177 203 303 374 377 420 448 475 558 582  ; 4 1 2 5 3 3 4 5 5 4 
296.4 ; 2.042e-06 ; True ; 81 107 177 241 279 303 374 467 506 582 593 611 664  ; 6 1 2 6 4 4 3 4 3 5 
302 ; 2.103e-06 ; True ; 3 77 159 202 265 303 333 371 393 467 532 578 664  ; 6 1 2 6 6 5 4 3 2 5 
304.8 ; 2.415e-06 ; True ; 19 121 303 366 371 377 389 420 449 462 474 582 593  ; 5 1 2 5 3 4 5 5 3 5 
314.5 ; 2.963e-06 ; True ; 89 202 303 449 479 480 493 546 566 576 610 633 689 693  ; 4 1 3 4 3 5 6 3 4 4 
361.6 ; 3.918e-06 ; True ; 5 54 303 330 341 449 481 502 509 546 578 592 594 685  ; 5 1 3 4 4 5 5 5 2 7 
376 ; 4.318e-06 ; True ; 141 155 303 369 515 531 565 576 578 593 594 600 633 664 689  ; 6 1 4 3 3 3 4 4 5 7 
413.2 ; 4.591e-06 ; True ; 78 98 117 168 177 185 238 298 303 374 390 513 555 664 688  ; 5 1 2 9 5 4 4 5 4 7 
425.9 ; 4.701e-06 ; True ; 20 107 166 175 253 254 303 343 408 420 463 471 473 572 660  ; 5 1 3 5 5 5 7 3 3 5 
447.5 ; 4.705e-06 ; True ; 9 54 78 179 254 256 279 303 369 377 420 437 480 626 655 683  ; 5 1 2 5 5 4 4 5 7 4 
450.9 ; 5.24e-06 ; True ; 168 258 280 303 330 420 421 479 513 546 563 586 624 626 675  ; 6 1 3 4 5 6 4 5 4 3 
477.4 ; 5.97e-06 ; True ; 52 89 102 113 209 248 259 303 341 524 538 546 578 586 595 664  ; 7 1 2 9 7 6 6 4 3 5 
488.2 ; 8.424e-06 ; True ; 77 97 107 145 149 182 262 279 303 319 327 330 479 578 594 664  ; 5 1 3 6 5 8 4 6 4 4 
624.9 ; 9.581e-06 ; True ; 68 170 225 275 303 357 390 420 425 446 512 578 600 643 648 660 664  ; 6 1 4 5 4 4 6 4 5 7 
641.8 ; 1.093e-05 ; True ; 11 96 100 119 136 219 254 303 313 343 353 380 420 423 474 546 567 630  ; 7 1 3 10 5 6 4 5 7 4 
712.8 ; 1.117e-05 ; True ; 71 116 154 264 303 420 422 458 471 502 507 521 544 578 581 664 669 670 690  ; 5 1 4 6 6 4 8 4 4 7 
730.2 ; 1.123e-05 ; True ; 39 69 108 200 303 386 420 445 453 455 478 479 480 505 528 546 563 593 622 624 669  ; 4 1 3 7 5 6 6 4 8 5 
774.9 ; 1.507e-05 ; True ; 46 81 88 164 303 336 362 364 371 422 436 491 502 546 553 582 593 600 664 689  ; 7 1 4 8 3 5 7 6 6 6 

RUN 4:
Optimum Distance: 11.84
Optimal Team: 20,303,546,
Required Skills: 0 1 4 9 10 14 16 18 23 24 
Distance; Skill Score; isValid; Team; Skill Counts
11.84 ; 3.505e-10 ; True ; 20 303 546  ; 1 1 1 2 1 1 1 1 1 1 
15.84 ; 7.25e-10 ; True ; 168 303 420  ; 1 1 1 1 1 1 2 2 1 1 
21.55 ; 2.274e-09 ; True ; 303 413 480 546  ; 2 1 1 1 1 2 2 1 1 2 
21.56 ; 2.395e-09 ; True ; 20 303 481 664  ; 2 1 1 3 1 1 2 1 1 2 
21.59 ; 5.616e-09 ; True ; 303 420 480 664  ; 1 1 1 2 1 3 2 2 2 1 
32.34 ; 6.781e-09 ; True ; 184 303 374 448 664  ; 2 1 1 2 1 2 2 1 2 2 
35.14 ; 9.189e-09 ; True ; 303 341 423 594 689  ; 2 1 1 2 2 3 2 1 1 2 
35.4 ; 3.152e-08 ; True ; 69 303 420 480 546  ; 2 1 1 2 2 3 2 2 2 2 
41.35 ; 4.226e-08 ; True ; 56 168 303 420 474  ; 2 1 1 2 2 2 3 3 2 2 
49.16 ; 4.416e-08 ; True ; 69 303 420 480 636 664  ; 2 1 1 2 2 3 2 2 3 2 
51.18 ; 7.583e-08 ; True ; 69 303 420 480 518 664  ; 3 1 1 2 3 3 2 2 2 3 
54.07 ; 7.633e-08 ; True ; 69 303 420 480 586 664  ; 3 1 1 2 3 3 3 2 2 2 
54.28 ; 1.088e-07 ; True ; 303 320 390 420 480 664  ; 2 1 1 3 2 4 4 3 2 2 
60.87 ; 1.292e-07 ; True ; 56 168 259 303 420 474  ; 3 1 1 3 3 3 3 3 2 2 
79.28 ; 1.294e-07 ; True ; 69 82 303 420 480 546 683  ; 3 1 1 3 2 3 3 2 3 3 
79.52 ; 1.601e-07 ; True ; 77 81 303 374 480 546 599  ; 3 1 2 4 1 5 3 2 2 3 
94.14 ; 1.757e-07 ; True ; 41 168 303 420 463 474 578  ; 3 1 2 2 3 1 5 3 2 4 
100.3 ; 1.783e-07 ; True ; 20 182 303 420 480 578 607 663  ; 2 1 3 3 3 3 4 1 2 3 
104 ; 2.623e-07 ; True ; 108 202 303 374 435 546 669 689  ; 3 1 3 3 2 2 3 2 3 3 
106.8 ; 3.277e-07 ; True ; 167 200 301 303 420 481 594 669  ; 3 1 2 4 2 3 4 2 2 5 
113.1 ; 5.613e-07 ; True ; 24 119 168 303 313 480 578 664  ; 4 1 3 4 2 3 4 2 2 5 
160.8 ; 6.572e-07 ; True ; 97 98 130 175 303 420 421 499 578 664  ; 2 1 2 4 6 4 4 3 2 3 
176.9 ; 7.217e-07 ; True ; 20 111 254 303 413 420 436 594 626 666  ; 6 1 1 5 5 3 6 3 2 4 
180.6 ; 7.515e-07 ; True ; 71 168 185 202 280 303 408 532 638 689  ; 5 1 2 5 4 2 4 2 3 5 
193.8 ; 8.203e-07 ; True ; 96 303 322 341 413 420 500 582 585 605 689  ; 4 1 3 4 4 3 4 2 2 4 
194.9 ; 1.124e-06 ; True ; 10 20 120 219 303 394 437 480 515 594 664  ; 3 1 3 4 4 4 3 3 2 5 
199.1 ; 1.193e-06 ; True ; 11 225 303 420 454 538 546 578 594 630  ; 2 1 3 7 4 3 4 3 4 3 
233.6 ; 1.281e-06 ; True ; 32 184 190 200 303 374 422 438 480 512 538 586  ; 3 1 3 3 3 4 5 2 4 4 
249.2 ; 1.389e-06 ; True ; 11 134 208 303 413 420 520 537 538 594 660  ; 3 1 2 5 4 3 6 3 3 5 
257.2 ; 1.444e-06 ; True ; 41 110 112 121 281 303 319 343 408 420 576 636  ; 4 1 2 4 4 2 6 5 4 3 
268.1 ; 1.827e-06 ; True ; 20 120 182 260 303 389 420 480 512 555 578 614 663  ; 3 1 3 3 4 3 5 3 3 7 
284 ; 1.912e-06 ; True ; 20 66 130 254 276 303 400 420 438 623 662 678  ; 4 1 3 7 6 4 3 3 3 3 
293.1 ; 2.052e-06 ; True ; 55 110 114 202 225 241 248 281 303 474 664 669  ; 4 1 3 6 3 3 5 5 2 6 
314.8 ; 2.121e-06 ; True ; 0 120 168 259 303 310 330 506 519 571 664 679 689  ; 4 1 3 5 4 3 3 4 3 6 
338.2 ; 2.703e-06 ; True ; 20 54 104 184 208 257 303 341 422 466 475 478 480 531 546  ; 4 1 2 5 5 4 6 3 3 7 
370.9 ; 2.808e-06 ; True ; 20 51 170 188 280 303 321 341 420 510 582 601 608 689  ; 3 1 4 5 4 3 7 3 3 5 
378.5 ; 2.812e-06 ; True ; 0 11 48 168 259 303 330 344 506 519 571 664 679 689  ; 4 1 3 6 4 3 4 5 3 5 
385.4 ; 3.009e-06 ; True ; 20 54 75 83 199 241 242 303 422 475 501 546 600 622 664  ; 4 1 2 4 3 5 5 4 4 7 
386.8 ; 3.098e-06 ; True ; 0 78 182 267 303 307 315 413 468 521 528 529 546 650 653  ; 8 1 2 4 5 4 3 3 6 5 
391.1 ; 4.053e-06 ; True ; 58 63 77 169 202 296 303 305 320 457 479 480 578 593 658  ; 4 1 3 5 5 6 5 3 3 5 
402.4 ; 4.177e-06 ; True ; 22 78 202 209 303 322 381 408 420 422 449 480 521 653 689  ; 2 1 4 6 6 4 6 3 5 4 
428.8 ; 5.178e-06 ; True ; 0 78 81 112 126 201 303 333 406 413 518 546 664 669 671  ; 8 1 2 6 5 3 6 5 4 7 
434.2 ; 5.973e-06 ; True ; 82 110 202 225 241 248 281 303 384 474 660 664 669 675  ; 6 1 4 8 4 4 5 4 3 6 
442.5 ; 7.99e-06 ; True ; 78 202 209 303 322 339 373 408 420 449 480 521 641 653 689 694  ; 4 1 4 5 8 4 7 3 4 6 
561.2 ; 9.188e-06 ; True ; 20 40 68 78 110 199 298 303 307 359 379 380 480 487 497 513 593 680  ; 5 1 3 7 5 4 5 5 5 8 
562.4 ; 9.473e-06 ; True ; 190 193 199 202 303 307 353 383 387 408 479 518 521 558 588 612 669 674  ; 8 1 3 6 5 5 6 4 4 7 
615 ; 1.162e-05 ; True ; 0 61 199 235 238 253 303 341 349 359 369 374 420 424 461 507 649 650 664  ; 7 1 3 6 7 4 7 4 5 7 
644.3 ; 1.303e-05 ; True ; 20 140 185 206 262 293 301 303 310 333 341 359 420 436 449 452 480 576 695  ; 5 1 5 6 6 4 10 4 3 10 
710.3 ; 1.776e-05 ; True ; 93 107 254 303 307 319 353 392 420 421 442 493 505 513 515 593 594 599 664 666  ; 7 1 3 6 5 7 7 8 8 3 

RUN 5:
Optimum Distance: 11.84
Optimal Team: 20,303,546,
Required Skills: 0 1 4 9 10 14 16 18 23 24 
Distance; Skill Score; isValid; Team; Skill Counts
11.9 ; 2.192e-10 ; True ; 303 546 578  ; 1 1 1 1 1 1 1 1 1 1 
12.82 ; 3.942e-10 ; True ; 303 374 420  ; 1 1 1 1 1 1 2 1 1 1 
15.84 ; 7.25e-10 ; True ; 168 303 420  ; 1 1 1 1 1 1 2 2 1 1 
21.62 ; 8.541e-10 ; True ; 39 303 374 420  ; 1 1 1 2 1 1 3 1 1 1 
21.69 ; 2.249e-09 ; True ; 56 121 168 303  ; 2 1 1 1 1 1 2 2 1 2 
23.46 ; 8.911e-09 ; True ; 303 374 420 594  ; 2 1 1 2 2 2 3 1 1 2 
36.26 ; 1.468e-08 ; True ; 11 303 474 480 546  ; 2 1 1 3 2 2 3 1 1 3 
41.14 ; 1.651e-08 ; True ; 56 303 374 420 480  ; 1 1 2 1 1 3 3 2 2 2 
41.89 ; 3.254e-08 ; True ; 89 202 303 374 480 546  ; 2 1 2 2 1 4 4 1 1 4 
50.83 ; 4.051e-08 ; True ; 168 187 303 420 594  ; 3 1 1 2 3 2 3 3 1 2 
63.05 ; 5.986e-08 ; True ; 81 121 225 303 480 664  ; 3 1 2 4 1 3 3 1 2 3 
64.72 ; 6.714e-08 ; True ; 303 341 380 420 480 614 658  ; 3 1 1 2 3 3 3 1 2 4 
67.48 ; 7.41e-08 ; True ; 20 168 280 303 420 596  ; 3 1 2 3 4 1 4 2 1 3 
72.31 ; 7.641e-08 ; True ; 110 254 303 305 374 436 546  ; 5 1 2 4 1 2 3 2 2 2 
78.87 ; 9.332e-08 ; True ; 303 341 420 614 658 669 685  ; 2 1 1 3 3 2 3 2 2 5 
92.05 ; 1.571e-07 ; True ; 64 110 254 303 305 374 436 546  ; 6 1 2 5 2 2 3 2 2 2 
97.88 ; 1.643e-07 ; True ; 0 88 181 303 480 594 611 664  ; 2 1 2 3 2 3 3 2 2 4 
112.2 ; 1.789e-07 ; True ; 81 128 303 515 544 545 546 578  ; 3 1 2 4 2 3 4 2 2 2 
113.3 ; 2.212e-07 ; True ; 112 254 303 474 520 546 594 660  ; 5 1 1 5 3 4 4 1 3 3 
117.1 ; 3.28e-07 ; True ; 41 112 254 303 305 374 546 594 614  ; 4 1 2 4 2 3 3 2 3 3 
125.8 ; 5.075e-07 ; True ; 41 112 254 303 374 474 520 546 594  ; 5 1 1 5 3 4 4 2 4 3 
144.6 ; 1.006e-06 ; True ; 68 248 303 364 420 438 480 546 578  ; 3 1 2 5 3 4 4 3 3 4 
188.1 ; 1.327e-06 ; True ; 20 24 199 241 248 303 390 420 423 669  ; 2 1 2 6 3 5 5 5 2 6 
199.5 ; 1.528e-06 ; True ; 110 170 202 303 341 373 408 420 578 662 689  ; 3 1 3 4 6 3 8 2 2 6 
257.5 ; 1.766e-06 ; True ; 93 151 202 286 301 303 341 437 524 584 593 664 689  ; 3 1 2 5 3 4 5 3 4 6 
288.3 ; 2.175e-06 ; True ; 12 168 289 303 420 436 475 480 517 658 677 689  ; 5 1 3 5 3 3 6 3 3 5 
300.9 ; 2.62e-06 ; True ; 0 3 24 74 91 303 414 436 546 620 641 669 689  ; 5 1 4 3 4 4 6 2 3 5 
323.6 ; 2.909e-06 ; True ; 77 168 200 265 289 303 364 420 436 475 516 658 689  ; 4 1 2 7 3 3 6 6 5 4 
342.4 ; 3.137e-06 ; True ; 3 110 200 301 303 313 420 436 438 452 461 480 610 679  ; 4 1 3 7 4 5 4 3 5 3 
345.4 ; 4.107e-06 ; True ; 29 202 303 341 365 420 436 513 567 576 600 623 641  ; 4 1 2 4 5 6 4 5 4 5 
439.4 ; 4.378e-06 ; True ; 20 22 47 81 160 165 298 303 387 403 420 480 502 521 681  ; 3 1 4 8 6 4 6 3 3 5 
446.8 ; 5.764e-06 ; True ; 97 112 140 182 236 298 303 333 413 472 480 537 546 582 584 684 687  ; 5 1 2 6 6 5 9 4 3 7 
493.5 ; 6.633e-06 ; True ; 29 66 131 202 303 365 420 436 513 567 576 595 600 623 660  ; 5 1 3 7 5 5 5 5 4 4 
520.7 ; 7.432e-06 ; True ; 74 87 88 96 106 115 168 234 303 420 450 507 515 546 633 634 658  ; 6 1 2 7 4 5 5 5 6 7 
567.4 ; 9.788e-06 ; True ; 41 120 165 255 303 374 387 390 427 436 451 520 577 578 648 658 689  ; 6 1 4 5 6 4 6 3 5 7 
577.5 ; 9.844e-06 ; True ; 141 168 176 227 303 322 330 413 416 420 479 505 509 594 600 689 693  ; 8 1 4 5 5 6 7 4 3 5 
617.6 ; 1.046e-05 ; True ; 20 90 139 179 185 293 303 305 374 377 408 472 502 519 546 582 610 623 627  ; 6 1 6 6 4 3 6 5 4 6 
650.7 ; 1.376e-05 ; True ; 0 14 54 81 119 172 199 202 255 303 327 335 343 353 397 436 462 480 576  ; 5 1 3 6 4 6 6 7 5 8 
700.7 ; 1.411e-05 ; True ; 24 168 176 187 227 248 303 330 398 413 416 420 479 509 594 600 669 693  ; 8 1 4 7 6 7 8 6 2 7 
735.6 ; 1.472e-05 ; True ; 75 110 185 187 209 233 249 303 307 327 413 449 480 515 578 586 600 625 665 679  ; 6 1 4 4 6 5 7 6 4 6 
800.3 ; 1.532e-05 ; True ; 23 41 75 120 165 255 303 374 387 390 427 436 451 505 520 560 578 648 658 689  ; 7 1 4 5 7 5 5 4 6 6 
808 ; 1.659e-05 ; True ; 3 40 141 155 179 303 333 387 408 429 449 480 510 524 546 572 593 599 638 679  ; 5 1 5 6 3 7 5 6 7 5 

RUN 6:
Optimum Distance: 11.84
Optimal Team: 20,303,546,
Required Skills: 0 1 4 9 10 14 16 18 23 24 
Distance; Skill Score; isValid; Team; Skill Counts
20.66 ; 3.914e-10 ; True ; 301 303 414 546  ; 1 1 1 1 1 1 1 1 1 2 
22.56 ; 6.848e-10 ; True ; 303 374 420 426  ; 2 1 1 1 1 1 2 1 1 1 
22.56 ; 7.277e-10 ; True ; 169 303 480 593  ; 1 1 1 1 1 2 1 1 1 2 
23.38 ; 1.773e-09 ; True ; 13 303 420 480  ; 1 1 1 1 1 2 3 1 1 2 
24.6 ; 2.494e-09 ; True ; 20 87 303 420  ; 1 1 1 3 2 1 2 1 1 2 
25.48 ; 2.759e-09 ; True ; 20 104 303 420  ; 1 1 1 2 2 1 3 1 1 2 
28.63 ; 4.722e-09 ; True ; 168 303 307 546  ; 3 1 1 2 1 1 2 2 1 2 
33.47 ; 8.054e-09 ; True ; 6 121 303 480 546  ; 2 1 1 3 2 2 2 1 1 2 
39.44 ; 1.423e-08 ; True ; 303 420 574 578 664  ; 1 1 1 2 2 3 2 2 3 1 
40.11 ; 1.547e-08 ; True ; 130 303 305 420 664  ; 2 1 1 3 2 2 2 2 2 1 
41.41 ; 1.747e-08 ; True ; 303 335 420 664 669  ; 2 1 1 2 2 2 2 3 2 1 
43.15 ; 2.377e-08 ; True ; 20 254 303 361 448 546  ; 2 1 1 5 2 2 2 1 2 3 
56.7 ; 2.808e-08 ; True ; 20 81 110 303 479 658  ; 3 1 1 5 1 2 3 1 2 4 
59.82 ; 3.238e-08 ; True ; 40 202 303 307 664 689  ; 2 1 2 4 2 2 2 1 2 2 
60.46 ; 4.025e-08 ; True ; 130 221 303 420 600 664  ; 3 1 1 4 2 2 2 2 2 2 
62.74 ; 4.082e-08 ; True ; 81 144 303 420 669 678  ; 2 1 1 4 3 2 3 2 1 3 
64.54 ; 4.461e-08 ; True ; 152 168 303 420 474 507  ; 2 1 1 3 3 1 4 2 2 3 
64.82 ; 8.089e-08 ; True ; 130 303 420 578 608 664  ; 3 1 1 3 3 2 4 2 2 2 
79.39 ; 1.182e-07 ; True ; 81 144 303 420 480 520 664  ; 2 1 1 4 2 5 3 2 3 2 
83.49 ; 1.214e-07 ; True ; 280 303 420 519 546 578 597  ; 3 1 1 4 4 2 3 2 2 3 
89.67 ; 1.46e-07 ; True ; 14 168 182 236 303 341 594  ; 4 1 1 2 3 3 4 2 2 3 
100.3 ; 3.244e-07 ; True ; 0 138 142 254 303 322 420 480 661  ; 3 1 3 4 2 4 4 2 2 2 
122.3 ; 3.379e-07 ; True ; 182 268 303 341 475 515 578 595 664  ; 5 1 1 3 4 3 4 2 3 3 
131.4 ; 3.814e-07 ; True ; 0 138 142 254 303 322 420 470 480 661  ; 4 1 3 4 2 4 4 2 2 2 
135.4 ; 6.463e-07 ; True ; 81 121 144 255 303 420 480 520 664  ; 4 1 1 6 4 5 4 2 3 4 
140.4 ; 1.026e-06 ; True ; 20 100 182 185 202 303 420 480 637 664  ; 3 1 2 6 3 6 4 2 4 3 
163.7 ; 1.145e-06 ; True ; 0 54 138 142 254 303 322 420 480 675 693  ; 4 1 3 4 3 4 5 3 3 2 
217.3 ; 1.46e-06 ; True ; 91 93 303 330 374 389 420 497 538 546 584 689  ; 4 1 3 3 2 3 5 5 4 3 
246.4 ; 1.79e-06 ; True ; 40 47 97 245 279 303 320 371 420 438 474 480  ; 5 1 2 6 5 5 5 3 2 4 
256.8 ; 1.901e-06 ; True ; 20 59 99 235 255 303 330 420 502 518 537 664  ; 4 1 2 5 5 3 3 4 4 5 
278 ; 2.278e-06 ; True ; 100 185 202 227 303 343 398 420 480 502 538 637 664  ; 3 1 3 7 3 7 4 4 3 3 
288.9 ; 2.409e-06 ; True ; 42 78 112 137 199 303 341 420 480 486 512 623 694  ; 3 1 2 3 5 4 5 5 4 4 
306.8 ; 3.567e-06 ; True ; 0 20 26 289 303 358 408 420 480 515 522 582 622 679  ; 3 1 4 4 4 3 7 4 3 6 
370.1 ; 3.596e-06 ; True ; 78 145 202 265 303 413 513 555 578 581 582 664 678 684  ; 5 1 2 5 5 3 4 6 4 6 
371 ; 4.525e-06 ; True ; 254 281 303 341 372 420 424 473 512 520 524 526 563 578 689  ; 4 1 4 7 5 4 5 3 5 3 
390.1 ; 6.556e-06 ; True ; 40 47 97 245 279 303 320 358 420 438 474 480 538 584 664  ; 5 1 3 7 5 6 6 5 3 4 
405.4 ; 7.514e-06 ; True ; 32 203 233 303 343 367 374 420 479 512 563 578 594 633 640 689  ; 4 1 4 3 6 5 7 3 5 5 
414.7 ; 7.757e-06 ; True ; 78 145 202 233 265 303 413 513 555 578 582 594 601 664 678  ; 5 1 2 6 7 5 5 6 4 7 
474.1 ; 1.044e-05 ; True ; 24 32 113 168 250 276 280 303 341 390 420 425 558 623 664  ; 6 1 2 8 7 7 7 5 4 6 
626.4 ; 1.054e-05 ; True ; 24 185 204 259 303 327 357 390 420 435 436 451 480 546 558 559 589 669 676  ; 7 1 2 10 4 9 6 5 6 5 
627.1 ; 1.129e-05 ; True ; 107 142 167 177 252 285 303 320 341 369 419 436 448 468 480 502 508 574 593 638  ; 5 1 3 6 6 6 6 3 6 8 
636.4 ; 1.372e-05 ; True ; 32 77 96 166 172 203 233 303 343 374 399 420 512 563 578 594 633 647 689  ; 4 1 5 7 6 4 7 5 4 7 
663.6 ; 1.559e-05 ; True ; 227 281 303 310 341 361 367 374 420 430 546 558 573 621 623 664 683 685 689 692  ; 6 1 4 10 5 8 5 4 5 6 
731.5 ; 1.808e-05 ; True ; 11 87 112 202 233 269 303 374 429 449 453 469 474 492 515 576 594 623 638 664 665  ; 7 1 3 8 7 5 7 6 5 7 


RUN 7:
Optimum Distance: 11.84
Optimal Team: 20,303,546,
Required Skills: 0 1 4 9 10 14 16 18 23 24 
Distance; Skill Score; isValid; Team; Skill Counts
14.78 ; 2.192e-10 ; True ; 303 420 600  ; 1 1 1 1 1 1 1 1 1 1 
19.83 ; 3.505e-10 ; True ; 303 390 573 689  ; 1 1 1 2 1 1 1 1 1 1 
22.64 ; 6.259e-10 ; True ; 96 121 303 593  ; 1 1 1 2 1 1 1 1 1 2 
22.66 ; 1.326e-09 ; True ; 253 303 374 420  ; 1 1 1 1 2 2 2 1 1 1 
23.48 ; 2.037e-09 ; True ; 20 21 303 546  ; 1 1 1 2 2 1 2 1 1 2 
25.67 ; 3.538e-09 ; True ; 79 303 374 420  ; 2 1 1 2 2 1 2 1 1 2 
31.36 ; 3.718e-09 ; True ; 93 303 437 480 664  ; 2 1 1 2 1 2 1 2 1 2 
37.13 ; 3.798e-09 ; True ; 98 303 414 521 546  ; 1 1 1 2 2 1 2 1 2 2 
37.24 ; 6.598e-09 ; True ; 119 235 303 374 420  ; 2 1 1 2 2 1 2 1 2 2 
39.16 ; 6.781e-09 ; True ; 20 104 254 303 593  ; 2 1 1 2 1 2 2 1 2 2 
39.22 ; 8.598e-09 ; True ; 301 303 420 545 546  ; 2 1 1 3 2 2 1 2 2 1 
40.27 ; 1.21e-08 ; True ; 202 303 333 449 546  ; 2 1 1 2 2 2 2 2 1 2 
43.31 ; 2.206e-08 ; True ; 202 303 408 546 669  ; 2 1 1 2 2 2 3 2 1 3 
54.18 ; 3.019e-08 ; True ; 121 151 303 377 420 480  ; 1 1 1 3 2 2 3 2 3 2 
59.21 ; 3.288e-08 ; True ; 88 303 322 420 475 578  ; 2 1 1 2 4 1 4 2 2 2 
61.03 ; 7.425e-08 ; True ; 79 303 374 420 621 664  ; 3 1 1 4 3 2 3 2 2 2 
77.69 ; 7.947e-08 ; True ; 119 303 341 389 473 480 515 573  ; 3 1 1 3 2 2 3 2 2 4 
90.27 ; 1.297e-07 ; True ; 275 303 420 459 538 594 669  ; 3 1 2 3 3 2 3 3 1 3 
100.2 ; 1.471e-07 ; True ; 303 333 420 428 469 480 578 658  ; 2 1 2 3 3 3 4 1 2 4 
102 ; 1.513e-07 ; True ; 78 139 254 303 480 519 546 584  ; 2 1 1 4 2 3 3 3 3 3 
106 ; 1.662e-07 ; True ; 20 301 303 414 546 567 635 664  ; 2 1 2 5 2 3 2 2 3 3 
111.1 ; 2.069e-07 ; True ; 54 80 119 184 303 341 374 437 480  ; 3 1 2 2 3 3 3 1 3 5 
118.8 ; 2.25e-07 ; True ; 6 20 259 303 383 420 669 683  ; 2 1 2 4 4 3 4 3 1 3 
120.8 ; 2.423e-07 ; True ; 20 96 130 303 387 420 474 613  ; 2 1 2 6 5 2 4 3 1 4 
138.4 ; 3.746e-07 ; True ; 19 79 303 320 374 420 513 585 623  ; 5 1 2 2 3 2 4 3 2 4 
140.4 ; 3.983e-07 ; True ; 303 343 371 390 474 480 507 610 689  ; 4 1 2 4 3 4 5 2 1 5 
150.9 ; 5.463e-07 ; True ; 19 110 130 135 303 341 449 480 508 599  ; 4 1 2 3 2 3 5 3 2 5 
175.4 ; 1.201e-06 ; True ; 121 200 265 303 315 333 420 480 546 658  ; 5 1 1 5 4 4 4 3 5 4 
196 ; 1.359e-06 ; True ; 20 35 254 303 307 330 361 374 420 425 628  ; 4 1 2 6 4 3 5 3 3 4 
246.3 ; 1.66e-06 ; True ; 78 88 169 254 303 324 341 442 594 600 669  ; 5 1 2 5 5 3 4 3 3 5 
258.9 ; 1.711e-06 ; True ; 19 110 130 135 184 203 303 341 449 480 508 599 615  ; 4 1 2 3 2 5 5 4 4 5 
263.7 ; 2.045e-06 ; True ; 13 56 78 130 254 303 307 358 372 449 518 669  ; 5 1 2 5 5 3 4 4 3 5 
281.7 ; 2.152e-06 ; True ; 69 142 196 303 319 341 414 420 480 497 620 658 679 682  ; 3 1 2 4 4 4 4 3 6 5 
324.3 ; 2.261e-06 ; True ; 0 184 264 303 319 377 402 473 546 578 594 669 682  ; 3 1 4 3 3 3 4 4 4 5 
338.8 ; 2.816e-06 ; True ; 32 101 200 260 303 365 420 424 427 437 574 578 594  ; 4 1 2 6 6 5 5 3 3 5 
359.3 ; 2.952e-06 ; True ; 78 89 188 216 225 258 280 301 303 313 374 389 420 537  ; 4 1 4 5 4 3 5 2 4 7 
370.6 ; 3.713e-06 ; True ; 19 36 70 71 88 110 130 135 227 303 341 449 480 508 599  ; 5 1 2 5 5 4 7 4 3 6 
448.1 ; 4.491e-06 ; True ; 32 65 112 142 182 210 303 376 420 435 481 502 572 578 593 685  ; 3 1 3 8 6 5 5 3 4 5 
457.9 ; 4.792e-06 ; True ; 68 166 254 303 307 361 374 385 387 421 422 501 521 537 546 558 689  ; 5 1 4 7 3 5 4 2 6 7 
461.8 ; 4.833e-06 ; True ; 20 46 255 291 303 353 387 420 438 513 554 572 594 646 667  ; 2 1 3 6 5 6 5 5 4 5 
462.2 ; 5.343e-06 ; True ; 42 225 285 303 307 332 343 420 578 615 623 651 664 667 689  ; 3 1 4 7 4 5 5 6 4 3 
463.7 ; 5.457e-06 ; True ; 87 97 165 181 203 254 303 408 429 474 515 521 546 613 669 679  ; 6 1 2 4 4 4 5 6 6 5 
479.8 ; 6.064e-06 ; True ; 6 79 128 191 303 320 352 374 390 480 513 558 574 585 599 623  ; 4 1 4 5 3 6 6 3 5 5 
480.7 ; 6.69e-06 ; True ; 35 71 81 201 303 361 390 420 519 521 599 605 621 631 664 669  ; 5 1 2 10 4 6 6 4 5 7 
496.1 ; 1.023e-05 ; True ; 3 69 254 276 303 374 420 438 507 545 641 646 649 669 674 689  ; 7 1 4 6 6 5 5 4 4 5 
582.9 ; 1.079e-05 ; True ; 54 121 177 179 185 202 232 301 303 327 353 377 383 420 478 491 532 578  ; 4 1 3 8 6 5 6 6 5 5 
663.8 ; 1.081e-05 ; True ; 39 69 145 177 196 276 303 365 374 420 507 524 545 546 646 649 669 674 689  ; 8 1 3 9 6 4 8 6 3 7 
694.4 ; 1.117e-05 ; True ; 0 74 164 165 210 267 268 277 303 349 387 438 449 480 502 586 594 622 630  ; 5 1 4 4 6 7 8 3 4 6 
707 ; 1.412e-05 ; True ; 35 71 81 303 361 374 390 420 502 507 519 521 599 605 621 630 631 669 671  ; 4 1 4 9 5 5 8 4 5 9 
792.3 ; 1.914e-05 ; True ; 3 7 39 69 77 276 303 309 374 420 438 507 545 546 641 646 649 669 674 689  ; 9 1 4 8 7 6 6 6 4 5 

RUN 8:
Optimum Distance: 11.84
Optimal Team: 20,303,546,
Required Skills: 0 1 4 9 10 14 16 18 23 24 
Distance; Skill Score; isValid; Team; Skill Counts
12.82 ; 3.942e-10 ; True ; 303 374 420  ; 1 1 1 1 1 1 2 1 1 1 
20.69 ; 7.352e-10 ; True ; 303 420 626 689  ; 1 1 1 1 1 1 2 1 2 1 
21.72 ; 1.135e-09 ; True ; 303 474 546 689  ; 2 1 1 2 1 1 1 1 2 1 
22.41 ; 1.223e-09 ; True ; 303 373 374 664  ; 2 1 1 1 1 1 2 1 1 2 
22.54 ; 1.326e-09 ; True ; 303 420 480 505  ; 1 1 1 1 2 2 2 1 1 1 
22.72 ; 2.759e-09 ; True ; 20 303 379 420  ; 1 1 1 2 2 1 3 1 1 2 
23.65 ; 4.332e-09 ; True ; 20 303 474 546  ; 2 1 1 3 2 1 2 1 1 2 
23.71 ; 6.983e-09 ; True ; 303 374 420 546  ; 2 1 1 2 1 2 2 2 2 1 
33.39 ; 8.957e-09 ; True ; 255 303 420 480 505  ; 2 1 1 2 3 2 2 1 1 2 
35.4 ; 1.486e-08 ; True ; 20 303 474 515 546  ; 2 1 1 3 2 1 2 2 2 2 
36.38 ; 2.218e-08 ; True ; 145 303 374 420 546  ; 3 1 1 2 1 2 3 2 2 2 
45.9 ; 3.729e-08 ; True ; 20 254 303 414 422 546  ; 2 1 1 3 3 2 3 1 2 3 
52.09 ; 3.83e-08 ; True ; 303 374 573 578 599 664  ; 3 1 2 3 2 2 2 1 2 2 
55.6 ; 4.156e-08 ; True ; 202 294 303 420 480 546  ; 1 1 1 4 2 4 3 2 2 2 
55.86 ; 5.098e-08 ; True ; 98 303 307 420 578 594  ; 2 1 1 4 5 2 5 1 1 4 
60.86 ; 5.605e-08 ; True ; 24 168 299 303 420 468  ; 3 1 1 2 2 3 3 2 2 2 
61.84 ; 5.743e-08 ; True ; 20 110 303 420 588 593  ; 2 1 1 4 2 2 3 3 2 2 
66.08 ; 8.018e-08 ; True ; 168 220 303 374 420 546  ; 3 1 2 2 1 2 3 3 2 3 
67.97 ; 8.909e-08 ; True ; 24 168 265 303 387 420  ; 2 1 1 3 2 3 3 4 2 2 
84.74 ; 2.043e-07 ; True ; 110 252 255 303 341 377 480 546  ; 4 1 1 3 2 3 3 3 2 5 
112.2 ; 2.413e-07 ; True ; 46 303 313 341 374 420 509 521  ; 3 1 2 2 3 3 4 2 2 3 
117.5 ; 2.517e-07 ; True ; 202 204 235 303 349 420 472 480 546  ; 3 1 1 3 3 5 5 2 2 3 
120.2 ; 2.615e-07 ; True ; 81 303 341 519 623 662 664 689  ; 3 1 3 3 2 3 3 2 2 3 
136.8 ; 3.195e-07 ; True ; 0 78 107 303 305 437 480 594 671  ; 2 1 3 3 3 2 4 2 2 5 
138.8 ; 5.022e-07 ; True ; 254 303 330 336 420 422 449 480 594  ; 2 1 2 4 3 5 4 3 2 3 
156.9 ; 9.818e-07 ; True ; 24 168 265 303 319 374 387 420 425  ; 4 1 3 3 3 3 5 4 2 3 
219.1 ; 1.157e-06 ; True ; 56 105 130 303 343 435 438 515 578 594 678  ; 5 1 1 5 5 4 4 4 3 4 
228.9 ; 1.461e-06 ; True ; 168 245 252 254 303 412 420 438 544 578 594  ; 4 1 2 6 3 5 6 2 3 5 
280.8 ; 1.936e-06 ; True ; 78 79 107 177 259 303 320 333 377 392 576 664 669  ; 7 1 1 5 7 2 5 5 5 5 
283.8 ; 2.509e-06 ; True ; 256 285 301 303 374 420 475 561 660 664 669 679  ; 4 1 4 3 3 2 5 5 4 5 
313.5 ; 2.51e-06 ; True ; 56 138 254 259 303 330 373 437 493 531 538 594 660  ; 5 1 3 5 5 5 4 3 2 5 
341 ; 2.708e-06 ; True ; 202 280 291 303 305 340 371 416 420 435 480 506 599 623  ; 4 1 3 8 5 6 4 3 2 5 
381.4 ; 2.809e-06 ; True ; 51 130 303 330 341 374 431 463 476 480 516 519 521 664 681  ; 6 1 3 6 3 4 8 3 2 7 
382.2 ; 3.157e-06 ; True ; 145 298 303 377 420 502 537 542 546 549 600 615 650 660  ; 6 1 3 4 3 3 4 4 4 7 
397.1 ; 4.116e-06 ; True ; 20 89 168 225 255 303 317 387 389 436 444 502 582 664  ; 6 1 5 7 4 3 5 4 2 6 
424.3 ; 4.532e-06 ; True ; 120 170 264 303 340 341 373 374 406 538 578 580 594 620 636 664  ; 5 1 3 6 5 3 6 3 4 7 
445.8 ; 5.66e-06 ; True ; 20 54 89 97 168 210 225 303 387 389 436 444 493 502 582  ; 3 1 5 5 4 4 6 5 3 5 
455.6 ; 8.324e-06 ; True ; 20 35 54 89 168 225 251 303 387 436 457 582 594 605 664  ; 4 1 4 6 4 6 5 6 4 4 
510.6 ; 8.812e-06 ; True ; 118 142 151 170 181 296 303 327 341 374 406 437 502 538 578 593 636 664  ; 4 1 4 6 3 6 4 5 6 6 
511.9 ; 9.046e-06 ; True ; 20 54 89 168 192 225 251 303 387 436 444 493 502 582 594 664  ; 4 1 5 8 4 5 6 5 3 6 
578.3 ; 1.025e-05 ; True ; 78 115 184 207 225 303 382 458 480 513 519 520 546 587 633 664 669  ; 5 1 3 8 4 7 4 6 7 4 
621.6 ; 1.1e-05 ; True ; 118 233 276 303 305 327 335 347 374 422 437 468 502 509 512 582 594 664 678  ; 6 1 4 4 7 6 3 6 4 6 
632.8 ; 1.249e-05 ; True ; 12 27 265 303 374 377 390 403 420 422 463 521 572 587 596 599 612 669  ; 6 1 4 4 6 3 8 6 5 6 
648.6 ; 1.72e-05 ; True ; 157 236 265 303 341 374 377 390 420 463 521 572 587 596 599 623 669 688  ; 6 1 5 6 5 4 8 6 5 5 
720 ; 2.177e-05 ; True ; 169 181 182 259 265 303 380 420 421 468 480 481 524 534 546 558 582 596 600 610  ; 9 1 4 8 6 7 6 4 6 6 


RUN 9:
Optimum Distance: 11.84
Optimal Team: 20,303,546,
Required Skills: 0 1 4 9 10 14 16 18 23 24 
Distance; Skill Score; isValid; Team; Skill Counts
11.84 ; 3.505e-10 ; True ; 20 303 546  ; 1 1 1 2 1 1 1 1 1 1 
19.57 ; 1.095e-09 ; True ; 112 303 374 546  ; 2 1 1 2 1 1 2 1 1 1 
21.53 ; 2.475e-09 ; True ; 20 303 371 664  ; 2 1 1 3 1 2 1 1 1 2 
28.6 ; 4.926e-09 ; True ; 24 303 420 660  ; 2 1 1 2 1 2 3 1 1 2 
32.34 ; 5.473e-09 ; True ; 20 303 480 546 654  ; 1 1 2 2 1 2 2 1 1 3 
33.94 ; 1.205e-08 ; True ; 20 69 303 513 594  ; 2 1 1 2 3 2 2 1 1 3 
47.81 ; 3.367e-08 ; True ; 110 112 303 480 537 546  ; 2 1 1 3 1 2 4 2 2 3 
55.99 ; 1.019e-07 ; True ; 20 303 420 480 520 546  ; 1 1 2 3 2 4 3 2 3 2 
70.72 ; 1.286e-07 ; True ; 168 200 202 303 307 420  ; 2 1 1 4 3 3 4 2 2 3 
83.72 ; 1.302e-07 ; True ; 110 303 423 573 578 664 669  ; 3 1 2 4 2 2 3 4 1 3 
94.91 ; 1.428e-07 ; True ; 19 169 187 203 303 319 420 480  ; 3 1 2 2 3 2 3 2 2 3 
99.46 ; 1.465e-07 ; True ; 0 130 276 277 303 502 546 593  ; 3 1 2 2 2 3 3 2 2 3 
99.88 ; 2.878e-07 ; True ; 20 102 200 303 420 480 526 546  ; 2 1 2 5 2 4 3 3 3 2 
114 ; 2.955e-07 ; True ; 20 77 128 303 341 451 546 633  ; 3 1 2 3 3 3 4 2 2 3 
116.7 ; 3.19e-07 ; True ; 20 89 202 303 340 479 481 546 678  ; 3 1 1 7 3 4 4 2 2 5 
128 ; 3.554e-07 ; True ; 20 102 200 303 389 420 480 512 526  ; 2 1 2 4 2 3 4 3 3 3 
146.2 ; 3.919e-07 ; True ; 65 200 293 303 374 505 508 546 578 594  ; 5 1 2 4 3 3 4 1 3 4 
150.4 ; 4.498e-07 ; True ; 21 24 188 303 390 420 453 512 594  ; 3 1 1 4 3 4 5 3 2 5 
162.4 ; 4.89e-07 ; True ; 45 71 200 280 303 424 480 491 546 593  ; 5 1 1 5 3 4 4 2 3 4 
171.3 ; 6.976e-07 ; True ; 20 89 107 202 303 340 451 546 623 678  ; 2 1 2 5 3 3 4 3 3 5 
181.7 ; 6.992e-07 ; True ; 24 29 63 78 298 303 307 421 437 480 664  ; 5 1 2 6 4 3 3 2 2 6 
193.9 ; 1.495e-06 ; True ; 121 130 225 267 303 374 420 472 555 664  ; 5 1 2 5 3 4 5 3 3 4 
221.2 ; 1.884e-06 ; True ; 20 77 97 128 303 341 451 546 594 621 633  ; 4 1 2 5 6 5 6 3 2 4 
262.5 ; 2.039e-06 ; True ; 0 24 259 303 307 367 377 420 423 486 531 568 689  ; 3 1 2 5 4 5 4 5 3 4 
294.7 ; 2.192e-06 ; True ; 3 13 97 110 138 303 420 463 469 481 595 664 667  ; 6 1 2 5 3 5 7 4 2 5 
329.6 ; 2.409e-06 ; True ; 8 41 106 107 110 201 254 303 330 424 480 513 578 648  ; 4 1 2 5 2 5 6 4 4 6 
341.8 ; 2.455e-06 ; True ; 21 26 133 179 208 303 341 392 480 537 546 567 578 638  ; 4 1 2 5 5 4 6 2 5 5 
367.2 ; 2.606e-06 ; True ; 75 128 140 259 273 303 343 365 420 474 529 567 669  ; 5 1 3 4 3 6 6 4 2 4 
381.5 ; 2.88e-06 ; True ; 119 177 184 254 266 303 390 421 425 449 515 518 520 546 573  ; 6 1 2 6 4 6 2 4 6 4 
382.2 ; 3.027e-06 ; True ; 50 78 97 202 255 303 344 349 421 424 435 500 578 664 689  ; 4 1 3 8 7 3 4 3 4 4 
399.1 ; 5.258e-06 ; True ; 39 97 142 177 185 254 301 303 374 379 383 417 420 623 628 631  ; 5 1 3 7 3 6 4 6 4 4 
403.8 ; 5.512e-06 ; True ; 24 130 165 224 225 255 274 303 449 480 481 513 515 622 689  ; 6 1 4 6 4 3 6 3 4 7 
490.1 ; 6.49e-06 ; True ; 88 153 179 242 259 276 302 303 394 420 423 480 505 538 578 669  ; 2 1 4 6 7 5 5 6 4 4 
497.3 ; 8.08e-06 ; True ; 0 168 210 267 281 293 303 330 341 363 468 479 519 546 558 586  ; 6 1 3 5 3 8 6 4 5 5 
512.6 ; 8.295e-06 ; True ; 69 119 142 239 303 341 386 410 449 474 479 480 507 538 558 597 628 694  ; 5 1 3 8 5 5 5 4 4 9 
525 ; 9.713e-06 ; True ; 11 38 107 142 154 199 259 303 321 360 369 374 379 423 480 528 546 582 658  ; 5 1 4 7 2 6 7 5 5 8 
602.2 ; 1.316e-05 ; True ; 69 119 239 303 320 341 353 386 449 479 480 507 538 552 558 573 576 597 694  ; 6 1 4 6 6 4 5 5 5 7 
677.3 ; 1.503e-05 ; True ; 179 303 367 404 420 437 453 455 468 480 515 537 571 573 578 582 584 594 603 615 641  ; 6 1 3 5 6 7 7 4 5 8 
735.6 ; 1.922e-05 ; True ; 20 62 78 166 185 202 303 305 333 352 420 423 430 537 546 578 636 664 667 695  ; 3 1 3 10 7 7 8 5 8 7 

RUN 10:
Optimum Distance: 11.84
Optimal Team: 20,303,546,
Required Skills: 0 1 4 9 10 14 16 18 23 24 
Distance; Skill Score; isValid; Team; Skill Counts
11.84 ; 3.505e-10 ; True ; 20 303 546  ; 1 1 1 2 1 1 1 1 1 1 
12.82 ; 3.942e-10 ; True ; 303 374 420  ; 1 1 1 1 1 1 2 1 1 1 
19.75 ; 6.34e-10 ; True ; 77 130 303 521  ; 1 1 1 2 2 1 1 1 1 1 
20.68 ; 2.093e-09 ; True ; 0 202 303 546  ; 1 1 1 2 1 2 2 1 1 2 
21.68 ; 2.759e-09 ; True ; 0 303 307 420  ; 1 1 1 2 2 1 3 1 1 2 
24.71 ; 3.746e-09 ; True ; 169 303 420 669  ; 1 1 1 2 2 1 2 2 1 2 
28.62 ; 3.85e-09 ; True ; 303 371 420 669  ; 1 1 1 2 1 2 2 2 1 2 
28.69 ; 4.069e-09 ; True ; 168 303 420 518  ; 2 1 1 1 2 1 2 2 1 2 
30.68 ; 4.477e-09 ; True ; 20 303 371 415 546  ; 2 1 1 3 2 2 1 1 1 2 
34.53 ; 4.788e-09 ; True ; 110 130 182 303 521  ; 3 1 1 2 1 1 2 1 2 2 
35.3 ; 5.08e-09 ; True ; 161 202 303 480 546  ; 2 1 1 2 1 3 2 1 1 2 
36.33 ; 1.09e-08 ; True ; 121 200 303 374 546  ; 3 1 1 3 1 2 2 1 2 2 
45.09 ; 1.666e-08 ; True ; 130 168 303 424 664  ; 4 1 1 3 2 1 3 2 1 2 
47.42 ; 1.938e-08 ; True ; 20 303 371 413 415 546  ; 3 1 1 3 3 2 2 1 1 3 
48 ; 2.444e-08 ; True ; 20 97 254 303 380 594  ; 3 1 1 3 4 3 2 1 1 2 
53.1 ; 4.268e-08 ; True ; 78 119 259 303 480 594  ; 2 1 1 4 3 3 2 1 2 3 
54.65 ; 4.402e-08 ; True ; 20 24 130 254 303 538  ; 3 1 2 5 2 2 3 1 1 3 
64.9 ; 8.176e-08 ; True ; 20 202 303 371 415 546 582  ; 2 1 2 4 3 3 2 2 1 3 
74.74 ; 9.302e-08 ; True ; 202 254 303 335 353 420 678  ; 3 1 1 4 4 3 2 2 2 2 
91.3 ; 4.65e-07 ; True ; 11 165 168 303 420 480 546  ; 3 1 2 3 3 3 5 3 2 3 
116.6 ; 8e-07 ; True ; 11 165 168 303 420 480 481 546  ; 4 1 2 4 3 3 6 3 2 4 
189.8 ; 1.232e-06 ; True ; 11 27 91 165 168 284 303 420 480 546  ; 5 1 2 3 5 4 7 3 2 3 
263.4 ; 1.257e-06 ; True ; 24 96 97 113 233 303 420 431 466 480 612 615  ; 3 1 2 5 4 5 4 4 2 4 
265.4 ; 1.307e-06 ; True ; 77 123 130 168 303 391 425 480 515 603 615 658  ; 5 1 2 3 3 5 5 4 2 4 
282.5 ; 1.442e-06 ; True ; 3 20 130 151 303 373 386 420 423 503 515 532 631  ; 3 1 2 6 4 3 5 3 4 4 
288.4 ; 2.099e-06 ; True ; 69 113 142 229 303 325 369 374 420 455 546 638 669  ; 3 1 3 5 3 3 4 5 4 4 
302.8 ; 2.228e-06 ; True ; 119 251 303 322 341 379 436 457 480 520 578 583 584 664  ; 5 1 2 5 4 5 7 2 3 6 
308 ; 3.054e-06 ; True ; 0 121 142 185 253 303 353 383 392 404 508 578 599 658  ; 4 1 3 5 4 5 4 3 4 4 
326.8 ; 3.093e-06 ; True ; 61 118 202 251 303 341 371 390 538 578 595 649 660  ; 5 1 3 6 4 5 6 3 2 6 
330 ; 3.102e-06 ; True ; 22 39 110 280 303 379 386 427 480 497 513 594 600 664  ; 6 1 3 5 2 4 5 3 5 6 
350.9 ; 4.014e-06 ; True ; 32 110 124 303 349 353 354 408 419 420 546 578 599 689  ; 3 1 3 6 5 3 6 4 4 6 
380.1 ; 4.538e-06 ; True ; 89 164 225 259 293 301 303 341 353 387 399 420 424 475  ; 5 1 3 6 5 5 6 3 3 5 
418.7 ; 4.756e-06 ; True ; 17 56 77 115 138 189 195 303 374 390 543 578 584 658 689  ; 3 1 4 5 5 5 4 3 4 6 
432.9 ; 4.972e-06 ; True ; 32 110 124 303 353 354 408 420 433 546 568 574 578 599 694  ; 4 1 2 5 6 4 6 5 4 6 
449.1 ; 5.628e-06 ; True ; 77 119 225 303 322 379 436 457 480 520 578 583 584 607 658 664  ; 5 1 3 9 4 4 6 3 5 6 
475.7 ; 8.76e-06 ; True ; 104 184 200 303 325 374 414 420 438 475 501 502 513 536 546 578 647 657  ; 4 1 3 7 3 7 7 4 6 6 
525.1 ; 1.299e-05 ; True ; 24 67 259 303 321 374 479 480 513 518 544 546 576 590 600 650 672 689  ; 8 1 4 7 3 7 6 4 5 7 
686.1 ; 1.332e-05 ; True ; 51 149 170 301 303 327 333 380 387 420 449 475 479 502 506 513 527 567 655  ; 5 1 3 6 6 7 6 6 4 6 
719.4 ; 1.655e-05 ; True ; 24 67 151 259 303 325 374 425 479 480 513 518 544 546 555 576 590 599 600 672 689  ; 8 1 4 10 3 8 6 4 7 6 

