Iteration: 600
 Population Size: 1000
RUN 1:
Optimum Distance: 11.84
Optimal Team: 23,367,684,
Required Skills: 0 1 4 5 9 10 11 14 16 18 23 24 
Distance; Skill Score; isValid; Team; Skill Counts
15.84 ; 4.59e-12 ; True ; 204 367 519  ; 1 1 1 1 1 1 1 1 2 2 1 1 
21.78 ; 9.95e-12 ; True ; 160 367 656 684  ; 2 1 1 2 2 1 1 1 1 1 2 1 
22.72 ; 1.239e-11 ; True ; 1 223 367 519  ; 1 1 1 3 1 1 1 2 2 1 2 1 
26.71 ; 2.377e-11 ; True ; 367 593 684 817  ; 3 1 1 2 2 1 1 1 2 1 1 2 
28.52 ; 4.606e-11 ; True ; 204 367 519 524  ; 2 1 1 2 2 2 1 1 3 2 1 1 
28.59 ; 8.598e-11 ; True ; 28 204 367 519  ; 2 1 1 2 2 1 1 2 3 2 1 2 
33.45 ; 2.195e-10 ; True ; 28 367 374 519 850  ; 2 1 1 3 3 2 1 2 3 1 2 2 
43.44 ; 2.283e-10 ; True ; 28 63 204 367 519  ; 2 1 1 2 2 1 1 2 3 3 2 2 
50.05 ; 2.638e-10 ; True ; 310 347 367 415 432 601  ; 2 1 2 3 2 1 2 3 3 1 1 2 
54.24 ; 6.409e-10 ; True ; 22 367 469 519 544 723  ; 2 1 1 4 2 3 2 2 3 2 1 3 
75.07 ; 6.683e-10 ; True ; 28 45 117 367 416 519 723  ; 1 1 1 6 4 3 2 3 4 2 1 2 
77.67 ; 9.431e-10 ; True ; 203 367 407 459 480 519 639  ; 4 1 1 6 2 3 1 2 4 2 1 5 
78.25 ; 1.516e-09 ; True ; 246 338 367 459 559 673 684  ; 3 1 2 4 3 2 1 2 3 2 2 3 
82.3 ; 1.607e-09 ; True ; 367 454 459 519 545 707 740  ; 3 1 1 5 4 2 2 3 4 1 2 3 
93.47 ; 1.812e-09 ; True ; 7 23 204 310 367 432 746  ; 2 1 3 3 3 1 3 2 3 3 1 3 
93.59 ; 1.843e-09 ; True ; 98 174 242 367 422 674 684 739  ; 3 1 1 6 5 1 2 4 2 3 2 3 
94.12 ; 2.429e-09 ; True ; 136 143 186 204 243 367 723  ; 2 1 2 3 4 2 2 2 3 2 2 3 
103.5 ; 2.608e-09 ; True ; 23 367 454 459 545 707 740 821  ; 4 1 2 6 5 2 1 3 4 1 2 4 
104.3 ; 2.718e-09 ; True ; 63 337 345 367 519 639 684 723  ; 3 1 1 6 3 4 2 2 2 3 3 2 
105.9 ; 3.105e-09 ; True ; 94 132 226 274 310 367 394 407  ; 3 1 1 5 5 3 3 2 3 1 5 2 
112.4 ; 3.853e-09 ; True ; 1 83 85 367 469 480 684 852  ; 3 1 1 7 3 2 3 3 2 3 2 4 
120.3 ; 6.646e-09 ; True ; 84 136 143 204 226 243 367 723  ; 2 1 2 3 5 2 3 3 4 2 2 3 
158.4 ; 1.141e-08 ; True ; 37 138 262 340 367 426 459 519 668 684  ; 3 1 2 8 5 3 2 3 6 2 2 3 
168.8 ; 1.228e-08 ; True ; 37 106 186 189 367 432 454 519 579 739  ; 2 1 1 7 5 4 3 4 3 3 3 3 
170.6 ; 1.317e-08 ; True ; 172 215 226 367 384 519 545 593 684 850  ; 5 1 1 7 5 3 4 4 2 2 5 2 
183.4 ; 1.906e-08 ; True ; 1 83 85 367 415 469 480 684 765 852  ; 4 1 1 8 3 3 3 5 3 4 2 5 
199.4 ; 2.195e-08 ; True ; 367 415 475 482 519 535 539 656 684 727  ; 4 1 2 6 4 4 3 4 4 4 3 1 
216.2 ; 3.648e-08 ; True ; 1 28 45 63 161 178 226 338 367 374 519 559  ; 4 1 2 9 7 3 2 3 6 3 3 4 
271.6 ; 9.737e-08 ; True ; 69 169 267 367 432 459 475 519 578 655 673 684  ; 3 1 4 7 4 2 4 4 4 5 4 3 
364.9 ; 1.17e-07 ; True ; 10 77 106 266 285 367 459 463 519 542 545 601 632 689 798  ; 4 1 3 11 7 5 4 4 3 3 4 3 
433.7 ; 1.353e-07 ; True ; 23 25 98 106 165 310 320 364 367 373 392 475 536 646 838  ; 4 1 2 11 5 4 4 4 4 5 5 3 
443.7 ; 1.927e-07 ; True ; 106 149 190 204 246 288 310 367 418 475 601 719 721 824 850 851  ; 3 1 3 11 6 4 3 5 5 4 5 4 
520.9 ; 2.003e-07 ; True ; 58 92 106 132 206 231 292 315 367 459 475 479 545 601 640 684 694 808  ; 3 1 2 14 9 4 4 6 5 4 4 5 
527.2 ; 2.784e-07 ; True ; 6 28 117 218 322 352 367 482 519 561 653 656 746 777 792 817  ; 5 1 2 12 4 5 5 5 4 5 4 5 
541.9 ; 3.126e-07 ; True ; 1 26 64 128 234 367 426 519 524 547 601 644 723 739 780 792 821  ; 4 1 3 15 6 5 2 4 8 6 4 7 
614.6 ; 3.413e-07 ; True ; 53 124 164 260 367 459 463 493 519 558 590 594 600 601 708 731 815 850 852  ; 5 1 3 12 5 5 3 3 7 4 6 6 
628.7 ; 6.651e-07 ; True ; 18 106 109 190 204 246 288 310 367 417 418 475 601 721 824 850 851 857  ; 5 1 3 11 7 6 4 5 8 5 4 5 
854.2 ; 8.463e-07 ; True ; 37 63 94 310 313 336 367 369 480 482 511 520 524 531 603 674 723 745 750 784 850  ; 6 1 5 16 6 7 4 4 7 4 5 4 
854.6 ; 8.888e-07 ; True ; 60 114 225 298 310 367 384 432 465 466 499 519 531 653 679 684 723 741 780 830 833 840  ; 8 1 2 13 6 9 5 7 6 5 5 4 
971.7 ; 9.04e-07 ; True ; 132 178 292 328 367 415 458 459 481 488 516 526 601 619 624 654 659 684 727 746 804 806 848  ; 6 1 3 14 8 5 4 6 9 6 3 8 
1016 ; 9.058e-07 ; True ; 31 203 255 367 374 425 459 465 523 525 538 593 616 619 650 659 666 674 684 727 740 773 840 850  ; 8 1 5 17 8 4 3 4 8 6 4 7 
1020 ; 9.261e-07 ; True ; 171 176 231 301 315 344 367 399 415 452 508 510 523 586 601 610 632 646 677 726 773 792 805  ; 5 1 4 15 3 4 5 10 7 6 3 7 
1034 ; 9.943e-07 ; True ; 26 169 184 193 204 216 226 260 306 334 367 394 454 475 480 539 562 639 734 744 745 827  ; 7 1 4 15 6 4 4 7 5 6 4 7 
1054 ; 1.201e-06 ; True ; 43 53 187 222 226 255 339 364 367 429 438 477 487 508 519 639 684 685 727 761 784 815 819 827  ; 6 1 4 16 8 4 5 5 5 5 6 8 
1120 ; 1.492e-06 ; True ; 23 117 125 181 362 367 399 423 459 469 506 524 546 582 654 684 707 717 719 723 738 778 820 844  ; 8 1 4 16 6 7 4 6 8 7 3 7 
1185 ; 1.861e-06 ; True ; 47 51 94 216 246 286 334 364 367 450 475 506 508 599 684 723 746 786 787 792 823 829 840 850  ; 7 1 3 15 7 6 6 7 5 8 5 6 

RUN 2:
Optimum Distance: 11.84
Optimal Team: 23,367,684,
Required Skills: 0 1 4 5 9 10 11 14 16 18 23 24 
Distance; Skill Score; isValid; Team; Skill Counts
21.66 ; 3.169e-12 ; True ; 169 367 640 684  ; 1 1 1 3 2 1 1 1 1 1 1 1 
22.52 ; 1.068e-11 ; True ; 169 367 684 739  ; 2 1 1 3 2 1 1 2 1 1 1 1 
22.58 ; 2.431e-11 ; True ; 106 367 601 684  ; 1 1 1 3 1 1 2 2 1 2 2 1 
23.74 ; 2.539e-11 ; True ; 367 674 684 739  ; 2 1 1 3 3 1 1 2 1 2 1 1 
24.7 ; 4.708e-11 ; True ; 367 374 519 827  ; 1 1 1 2 2 2 1 1 3 2 1 2 
34.42 ; 4.949e-11 ; True ; 367 459 465 519 583  ; 2 1 1 4 2 2 1 1 3 1 1 2 
36.41 ; 1.03e-10 ; True ; 367 480 510 601 684  ; 1 1 1 4 2 1 1 3 3 2 1 3 
39.51 ; 1.745e-10 ; True ; 367 374 519 784 827  ; 2 1 1 3 2 2 2 1 3 2 1 2 
42.56 ; 1.836e-10 ; True ; 106 147 367 739 827  ; 1 1 1 3 2 2 2 1 2 2 2 3 
46.86 ; 2.606e-10 ; True ; 367 459 572 601 684 739  ; 3 1 2 5 2 1 1 3 3 1 1 3 
49.82 ; 3.684e-10 ; True ; 28 93 117 226 367 601  ; 1 1 1 5 3 2 2 5 2 2 1 2 
55.65 ; 4.916e-10 ; True ; 367 374 458 459 519 591  ; 2 1 1 5 2 3 2 2 5 1 1 3 
58.74 ; 4.927e-10 ; True ; 94 284 367 378 459 519  ; 2 1 1 4 4 3 2 1 2 2 2 2 
62.79 ; 7.018e-10 ; True ; 367 415 519 727 731 739  ; 3 1 1 4 2 4 1 3 4 2 1 2 
67.76 ; 9.063e-10 ; True ; 28 93 117 226 333 367 601  ; 2 1 1 6 3 2 2 5 2 2 1 3 
68.48 ; 1.065e-09 ; True ; 117 367 475 684 817 821  ; 3 1 1 4 3 2 3 4 1 4 2 1 
68.62 ; 1.104e-09 ; True ; 178 310 367 407 519 581 601  ; 3 1 1 5 2 2 2 3 4 1 2 3 
76.85 ; 2.354e-09 ; True ; 23 28 106 132 367 727 739  ; 2 1 2 4 3 3 1 2 4 2 2 4 
87.77 ; 2.5e-09 ; True ; 113 367 459 572 601 684 739 821  ; 4 1 2 7 3 1 1 4 3 3 2 3 
98.34 ; 3.414e-09 ; True ; 23 136 315 367 488 519 700  ; 2 1 1 3 5 3 2 4 3 3 2 2 
114.4 ; 3.439e-09 ; True ; 20 367 591 601 684 700 723 857  ; 2 1 2 7 2 3 2 4 4 1 2 4 
127.6 ; 4.968e-09 ; True ; 136 367 459 519 523 745 760 782  ; 4 1 2 5 3 2 2 2 3 3 2 3 
136.9 ; 6.699e-09 ; True ; 85 243 274 367 519 546 739 746  ; 2 1 1 6 6 4 3 4 3 2 3 2 
151.5 ; 9.135e-09 ; True ; 1 93 109 243 246 367 556 684 806  ; 3 1 1 3 5 3 3 4 3 3 2 3 
151.9 ; 1.257e-08 ; True ; 119 174 199 367 459 543 684 707 762 821  ; 5 1 1 7 5 2 2 3 5 3 3 4 
190 ; 1.657e-08 ; True ; 1 26 93 109 243 246 367 556 684 806  ; 3 1 1 4 5 3 3 4 3 4 3 3 
202.9 ; 1.871e-08 ; True ; 37 52 106 192 204 367 417 519 746 795  ; 4 1 1 6 3 4 3 3 5 5 2 3 
211.4 ; 2.266e-08 ; True ; 93 204 296 298 310 367 394 415 545 744 833  ; 5 1 1 6 5 4 2 5 4 3 3 3 
251.6 ; 5.454e-08 ; True ; 89 106 310 319 322 367 407 459 503 739 746  ; 5 1 2 8 3 4 4 3 4 3 3 4 
299.1 ; 9.924e-08 ; True ; 204 230 246 310 311 361 367 466 519 642 827 857  ; 4 1 3 4 5 6 2 4 5 4 2 6 
354.7 ; 1.073e-07 ; True ; 226 367 458 553 586 640 646 674 723 728 739 740 790 820 821  ; 4 1 2 11 8 5 2 5 5 3 5 4 
379.3 ; 1.708e-07 ; True ; 44 98 106 226 243 347 367 656 723 739 740 760 803 827  ; 4 1 3 10 6 5 3 4 6 3 4 4 
467.6 ; 1.801e-07 ; True ; 85 147 246 252 367 407 440 478 487 519 570 609 646 666 727 821  ; 5 1 1 7 7 4 4 4 6 7 4 6 
489.2 ; 2.344e-07 ; True ; 44 53 117 147 249 312 325 364 367 453 519 545 631 650 659 674 817  ; 3 1 3 13 6 3 4 5 4 5 5 5 
535.8 ; 2.802e-07 ; True ; 28 320 359 367 432 448 463 511 519 591 601 656 698 708 732 739 746  ; 3 1 3 10 6 5 4 8 6 5 3 3 
606.4 ; 4.126e-07 ; True ; 44 98 106 113 177 226 243 347 367 397 519 656 689 739 740 760 803 827  ; 5 1 2 14 9 6 5 5 6 5 5 3 
661.2 ; 4.264e-07 ; True ; 85 147 168 236 246 252 317 367 407 440 487 519 609 631 646 666 727 821 850  ; 4 1 2 9 7 4 4 5 7 7 5 5 
684 ; 5.086e-07 ; True ; 119 172 200 238 246 367 389 432 459 487 519 599 613 673 684 738 753 781 811 845  ; 5 1 2 13 8 5 6 4 6 5 4 7 
746.5 ; 5.294e-07 ; True ; 63 98 117 194 274 310 367 521 522 546 591 626 651 653 729 814 821 827 836  ; 5 1 3 12 6 5 3 6 7 5 4 6 
758.7 ; 5.324e-07 ; True ; 112 147 216 238 246 367 426 432 458 459 465 475 489 519 547 552 571 601 636 727 787  ; 4 1 4 14 6 5 5 5 7 5 2 8 
793.6 ; 7.078e-07 ; True ; 17 34 143 186 200 251 289 310 315 339 367 505 519 564 571 592 596 601 631 723 732 763  ; 7 1 2 14 8 7 5 7 5 4 4 7 
830.3 ; 7.563e-07 ; True ; 119 172 200 234 238 303 367 389 432 459 475 487 519 599 673 674 684 738 781 811 845  ; 4 1 3 14 11 5 6 4 5 7 4 7 
877.2 ; 7.608e-07 ; True ; 31 143 237 340 342 347 367 415 422 425 432 456 475 482 663 722 723 778 821 838 857  ; 6 1 3 14 5 7 6 4 7 4 4 6 
934.2 ; 9.649e-07 ; True ; 0 1 35 98 106 108 116 117 175 237 302 338 367 459 519 580 653 681 804 807 814 827  ; 6 1 4 15 11 7 5 4 6 5 3 8 
951.2 ; 1.375e-06 ; True ; 79 147 174 298 340 362 367 391 405 415 480 519 527 538 658 667 684 695 723 765 770 814 815 855  ; 6 1 3 14 9 5 5 6 6 5 6 8 
1159 ; 1.617e-06 ; True ; 57 94 131 147 172 226 296 367 370 396 405 452 459 475 481 508 670 714 723 727 745 817 828 838  ; 5 1 6 15 7 4 7 3 7 6 5 8 
1168 ; 1.638e-06 ; True ; 15 28 38 40 42 131 133 200 204 302 313 316 322 367 372 488 519 600 730 817 840 841 850  ; 7 1 3 15 7 5 6 5 8 6 6 6 

RUN 3:
Optimum Distance: 11.84
Optimal Team: 23,367,684,
Required Skills: 0 1 4 5 9 10 11 14 16 18 23 24 
Distance; Skill Score; isValid; Team; Skill Counts
12.82 ; 3.231e-12 ; True ; 367 459 519  ; 1 1 1 2 1 1 1 1 2 1 1 1 
22.67 ; 1.134e-11 ; True ; 367 459 519 665  ; 2 1 1 3 1 1 1 1 2 1 1 2 
23.58 ; 1.908e-11 ; True ; 23 367 684 796  ; 2 1 1 3 2 2 1 1 1 1 1 2 
25.71 ; 2.035e-11 ; True ; 367 519 639 827  ; 1 1 1 2 1 2 1 1 2 2 1 2 
29.63 ; 2.722e-11 ; True ; 204 367 519 762  ; 2 1 1 2 1 1 1 1 3 2 1 2 
29.66 ; 9.552e-11 ; True ; 94 204 367 519  ; 1 1 1 2 2 2 2 1 2 3 2 1 
39.2 ; 1.112e-10 ; True ; 23 132 367 519 543  ; 1 1 1 3 3 3 1 1 4 1 2 2 
39.37 ; 1.783e-10 ; True ; 46 367 415 459 519  ; 2 1 2 3 2 2 1 2 3 1 1 2 
49.23 ; 4.03e-10 ; True ; 367 415 426 601 684 838  ; 2 1 1 5 1 1 2 3 3 2 2 3 
64.63 ; 7.74e-10 ; True ; 204 295 310 367 475 593  ; 3 1 1 3 3 2 2 2 3 2 1 3 
65.01 ; 9.403e-10 ; True ; 23 93 367 399 519 745  ; 1 1 2 5 3 3 2 3 2 3 1 2 
69.45 ; 1.227e-09 ; True ; 147 245 246 367 415 432 601  ; 2 1 2 4 3 2 2 3 3 1 1 5 
85.94 ; 2.184e-09 ; True ; 171 322 350 367 415 432 519  ; 2 1 1 4 2 2 3 2 4 3 2 3 
89.14 ; 2.516e-09 ; True ; 204 310 367 475 558 593 788  ; 3 1 1 3 4 3 3 3 3 2 1 3 
92.07 ; 3.885e-09 ; True ; 57 367 519 601 673 684 821 852  ; 2 1 1 7 3 1 3 4 3 3 6 2 
101.5 ; 5.331e-09 ; True ; 94 119 204 367 417 519 654  ; 2 1 1 3 4 4 2 2 5 4 2 3 
117.7 ; 1.031e-08 ; True ; 57 367 519 601 640 658 673 684 821  ; 2 1 1 7 4 2 2 4 4 3 5 4 
165.3 ; 1.23e-08 ; True ; 23 65 117 131 350 367 503 544 684 687  ; 4 1 1 8 4 4 2 3 4 3 2 5 
171.3 ; 1.318e-08 ; True ; 204 367 391 399 519 591 593 620 653 790  ; 3 1 2 7 2 3 3 3 5 3 2 3 
172.9 ; 1.642e-08 ; True ; 23 242 367 374 519 529 545 645 788 827  ; 1 1 2 7 5 3 3 3 4 3 4 4 
178.5 ; 1.824e-08 ; True ; 171 367 413 458 459 519 601 684 726 786 807  ; 6 1 2 7 2 3 2 3 7 2 2 6 
184.7 ; 2.179e-08 ; True ; 367 397 519 601 640 641 658 673 684 689 821  ; 3 1 1 9 5 2 3 4 4 3 5 4 
198.2 ; 3.901e-08 ; True ; 28 302 367 513 519 601 640 658 673 684 821  ; 4 1 1 9 6 3 2 5 5 3 4 6 
238.6 ; 4.262e-08 ; True ; 103 204 367 391 399 475 519 591 593 653 790  ; 3 1 2 7 3 4 4 4 4 5 2 3 
266.1 ; 7.355e-08 ; True ; 8 131 177 322 367 415 519 578 591 684 745 815 846  ; 5 1 1 12 5 4 4 4 5 3 4 5 
319.7 ; 8.237e-08 ; True ; 23 26 82 310 347 367 443 459 519 522 583 703 744 814  ; 4 1 2 9 7 4 3 3 6 3 4 4 
329.5 ; 1.289e-07 ; True ; 26 96 143 218 226 367 394 452 475 593 601 827 855  ; 5 1 3 10 7 6 3 4 5 3 2 5 
379.9 ; 1.593e-07 ; True ; 4 136 150 301 339 367 472 510 519 640 674 684 695 745  ; 5 1 3 10 7 5 2 3 6 4 3 8 
399.7 ; 1.664e-07 ; True ; 1 223 225 291 367 407 480 519 544 683 783 792 827 851 852  ; 4 1 2 13 4 4 3 4 6 4 5 6 
448.8 ; 2.228e-07 ; True ; 1 63 266 323 367 374 394 445 519 567 586 601 699 790 821 852 856  ; 4 1 2 12 5 4 4 6 6 3 6 4 
494.8 ; 3.206e-07 ; True ; 4 15 43 106 160 205 305 313 339 367 519 601 663 697 792 827  ; 3 1 3 12 7 6 4 4 5 5 4 5 
562.2 ; 3.637e-07 ; True ; 1 63 158 266 323 367 394 445 519 567 586 601 790 821 827 833 852 856  ; 4 1 4 11 4 4 3 5 7 4 6 4 
620.4 ; 3.688e-07 ; True ; 160 217 226 308 364 367 415 515 583 602 644 661 684 739 746 821 828 846 852  ; 7 1 2 16 9 5 4 6 5 4 4 5 
621.2 ; 4.014e-07 ; True ; 117 132 188 243 339 350 367 437 503 519 522 563 585 646 656 718 721 727 778  ; 4 1 2 12 7 7 3 4 6 5 6 7 
629.8 ; 4.051e-07 ; True ; 23 34 65 104 158 239 242 280 312 367 459 475 524 545 645 658 665 709  ; 4 1 3 10 6 4 4 5 4 4 6 7 
635.3 ; 4.378e-07 ; True ; 4 23 28 59 132 186 200 340 361 367 417 472 519 540 545 721 727 732 762  ; 5 1 4 13 7 5 2 5 7 4 5 6 
648.5 ; 5.116e-07 ; True ; 1 6 168 310 348 361 367 438 469 508 528 575 586 591 601 661 684 687 779 821  ; 8 1 3 14 7 3 6 8 5 3 4 5 
775.3 ; 7.296e-07 ; True ; 37 93 110 174 204 252 288 310 353 367 432 452 479 586 593 627 712 739 806 852  ; 5 1 3 12 8 5 7 5 5 6 4 4 
790.1 ; 7.414e-07 ; True ; 77 104 150 162 204 333 362 367 374 391 405 519 601 670 684 703 709 753 756 856  ; 10 1 3 12 9 6 6 4 6 4 3 7 
808.5 ; 1.106e-06 ; True ; 106 114 116 136 169 238 255 309 310 325 367 472 480 519 562 577 642 667 684 740 837  ; 6 1 2 12 10 5 6 8 4 7 6 6 
999.3 ; 1.535e-06 ; True ; 4 12 16 94 116 124 134 136 160 361 367 374 407 487 539 601 638 684 792 840 843 852  ; 8 1 3 16 7 5 6 4 8 6 5 9 

RUN 4:
Optimum Distance: 11.84
Optimal Team: 23,367,684,
Required Skills: 0 1 4 5 9 10 11 14 16 18 23 24 
Distance; Skill Score; isValid; Team; Skill Counts
20.64 ; 8.406e-11 ; True ; 23 367 684 739  ; 2 1 1 3 3 2 1 2 2 1 1 2 
42.21 ; 1.217e-10 ; True ; 23 367 379 684 739  ; 2 1 1 4 3 2 1 3 2 1 1 2 
44.47 ; 1.979e-10 ; True ; 204 367 593 654 684  ; 3 1 1 2 3 2 1 1 3 2 1 3 
50.98 ; 2.466e-10 ; True ; 367 519 602 684 749 850  ; 2 1 1 4 3 1 2 2 2 2 3 1 
54.2 ; 4.783e-10 ; True ; 94 136 367 459 545 718  ; 3 1 1 4 4 2 2 1 2 2 2 2 
61.82 ; 7.047e-10 ; True ; 80 246 340 367 519 684  ; 2 1 1 3 4 3 2 3 2 2 2 1 
68.64 ; 8.586e-10 ; True ; 155 367 519 601 602 684  ; 2 1 1 5 3 1 2 3 3 2 2 3 
74.59 ; 1.125e-09 ; True ; 117 136 150 367 524 838 850  ; 3 1 1 4 3 3 2 1 3 3 2 2 
80.99 ; 2.124e-09 ; True ; 53 106 116 302 367 684 739  ; 3 1 1 6 4 3 2 2 2 2 2 4 
89.76 ; 3.052e-09 ; True ; 150 310 316 367 432 684 827  ; 3 1 2 3 4 1 4 2 2 4 2 2 
89.83 ; 1.112e-08 ; True ; 28 93 106 204 310 367 519  ; 3 1 1 4 4 3 3 4 3 4 3 2 
161.5 ; 1.125e-08 ; True ; 49 136 246 310 367 432 437 519 657 771  ; 3 1 1 3 5 3 3 4 4 3 2 3 
165 ; 1.403e-08 ; True ; 23 104 218 226 291 367 432 449 505 519  ; 2 1 2 7 5 3 4 3 3 2 2 5 
171 ; 1.629e-08 ; True ; 24 226 333 367 432 503 519 707 790 821  ; 3 1 1 7 3 3 3 3 4 3 4 4 
189.1 ; 1.777e-08 ; True ; 1 22 23 118 361 367 722 739 788 821 838  ; 4 1 2 8 4 3 2 3 5 2 2 6 
202.9 ; 1.87e-08 ; True ; 23 75 226 367 475 558 617 656 661 684 843  ; 4 1 2 7 6 3 3 3 3 2 3 3 
204 ; 2.938e-08 ; True ; 174 314 315 367 431 459 519 593 731 750 827  ; 4 1 2 7 4 4 2 5 5 3 2 3 
205.9 ; 3.009e-08 ; True ; 173 246 319 367 394 432 480 519 739 792  ; 2 1 2 6 5 4 3 4 5 4 2 3 
226 ; 3.772e-08 ; True ; 1 22 23 178 307 361 367 722 739 788 821 838  ; 5 1 2 9 4 4 2 4 6 2 2 7 
234 ; 4.448e-08 ; True ; 116 174 243 246 367 508 535 544 586 593 684 774  ; 5 1 1 7 8 5 4 5 3 2 3 5 
275.3 ; 4.984e-08 ; True ; 64 94 310 367 392 454 508 519 528 576 739 843  ; 6 1 1 9 5 5 3 4 5 3 3 4 
277.2 ; 8.519e-08 ; True ; 65 106 110 136 169 204 310 315 367 443 480 684  ; 6 1 2 5 5 2 3 5 4 6 4 3 
330.7 ; 9.68e-08 ; True ; 5 295 315 367 432 439 459 519 556 617 650 684 739 786  ; 5 1 2 10 4 3 3 4 5 5 3 5 
381.1 ; 1.204e-07 ; True ; 20 23 204 324 367 510 519 568 646 770 796 806 850  ; 4 1 3 7 4 5 4 2 4 4 4 5 
395.5 ; 1.274e-07 ; True ; 106 126 160 183 265 350 367 432 478 503 601 721 751 821 840  ; 5 1 2 11 6 3 4 3 5 6 3 5 
409.2 ; 1.405e-07 ; True ; 3 16 31 106 107 226 246 367 414 650 656 746 817 821  ; 4 1 2 8 5 3 3 5 4 5 6 4 
423.8 ; 1.982e-07 ; True ; 28 315 367 432 439 459 519 556 581 617 650 684 711 739 786 796  ; 7 1 2 12 5 4 3 5 5 5 3 6 
437.2 ; 2.339e-07 ; True ; 117 150 367 438 481 503 516 519 583 626 674 684 817 823 850  ; 5 1 3 9 5 5 3 5 5 5 4 3 
486.7 ; 2.58e-07 ; True ; 5 200 295 315 367 432 439 459 503 519 524 556 617 629 650 684 739  ; 7 1 2 12 5 7 3 4 7 5 3 5 
561.7 ; 2.583e-07 ; True ; 223 339 367 394 399 432 459 475 499 519 544 641 650 717 760 776 846  ; 6 1 3 13 5 6 4 4 3 5 5 3 
608.3 ; 2.722e-07 ; True ; 4 14 23 65 106 327 367 412 543 561 592 684 709 741 770 827 829  ; 3 1 3 12 7 5 4 4 5 6 5 3 
630.7 ; 3.828e-07 ; True ; 23 178 243 315 367 394 470 507 519 523 545 580 627 668 674 718 764 792 818  ; 7 1 2 15 13 5 5 6 5 4 5 3 
659.1 ; 3.983e-07 ; True ; 20 71 81 243 246 277 347 367 465 519 559 580 632 684 730 763 774 799 827  ; 4 1 3 11 8 4 4 5 5 5 4 6 
693.4 ; 4.175e-07 ; True ; 10 23 178 243 315 367 470 507 519 523 545 574 668 674 718 745 761 792 818  ; 7 1 3 14 13 4 5 6 4 4 5 3 
717.2 ; 6.128e-07 ; True ; 26 28 132 136 250 335 361 367 384 459 519 542 559 585 655 709 717 786 788  ; 6 1 3 11 6 5 3 6 6 4 6 6 
738.6 ; 6.351e-07 ; True ; 117 184 220 262 284 367 413 431 475 504 559 601 670 673 684 760 762 807 817 819  ; 6 1 4 13 5 5 4 5 6 4 4 6 
768.5 ; 1.205e-06 ; True ; 94 203 243 262 292 310 367 374 386 407 432 440 475 478 514 519 524 674 687 723  ; 7 1 3 15 10 7 6 5 6 6 4 5 
1011 ; 1.462e-06 ; True ; 104 146 306 339 367 407 417 475 503 510 519 521 540 591 601 671 772 792 802 804 806 817  ; 8 1 3 14 8 8 5 5 9 6 3 9 
1046 ; 1.67e-06 ; True ; 14 42 106 117 150 209 303 322 367 398 438 481 493 503 519 606 626 674 684 744 817 823 850  ; 6 1 3 17 7 6 5 6 8 7 6 5 

RUN 5:
Optimum Distance: 11.84
Optimal Team: 23,367,684,
Required Skills: 0 1 4 5 9 10 11 14 16 18 23 24 
Distance; Skill Score; isValid; Team; Skill Counts
11.84 ; 2.946e-12 ; True ; 23 367 684  ; 1 1 1 2 2 1 1 1 1 1 1 1 
15.84 ; 4.59e-12 ; True ; 204 367 519  ; 1 1 1 1 1 1 1 1 2 2 1 1 
20.68 ; 1.124e-11 ; True ; 367 391 415 519  ; 1 1 1 2 1 2 1 2 2 1 1 1 
20.71 ; 1.352e-11 ; True ; 23 367 659 684  ; 1 1 1 3 3 1 1 1 2 1 1 2 
22.75 ; 2.093e-11 ; True ; 106 367 459 739  ; 2 1 1 3 1 2 1 1 2 1 1 2 
32.32 ; 5.943e-11 ; True ; 367 508 519 601 667  ; 1 1 1 4 1 3 1 2 3 1 1 3 
32.61 ; 1.25e-10 ; True ; 1 311 367 415 684  ; 3 1 1 4 2 2 1 2 2 1 1 3 
34.39 ; 1.266e-10 ; True ; 367 374 391 415 519  ; 2 1 1 3 2 3 1 2 3 1 1 2 
37.52 ; 1.271e-10 ; True ; 83 367 519 674 821  ; 2 1 1 4 3 2 1 2 1 3 2 1 
38.36 ; 4.563e-10 ; True ; 367 374 415 432 519  ; 2 1 1 3 2 3 2 2 3 2 1 2 
49.06 ; 1.727e-09 ; True ; 367 508 519 601 667 684  ; 2 1 1 5 2 3 2 3 3 2 2 3 
64.7 ; 2.61e-09 ; True ; 131 367 508 519 601 667 684  ; 2 1 1 6 2 3 2 3 4 2 2 4 
100.3 ; 2.661e-09 ; True ; 28 46 136 288 367 381 519 523  ; 3 1 1 5 7 3 2 3 4 3 1 2 
105 ; 3.815e-09 ; True ; 218 246 367 432 455 508 519 673  ; 2 1 1 4 4 5 2 2 4 2 2 4 
115.5 ; 3.821e-09 ; True ; 131 169 184 367 508 519 579 601 684  ; 2 1 2 8 3 2 2 3 4 2 2 3 
117.8 ; 5.168e-09 ; True ; 77 119 367 440 519 559 684 827  ; 2 1 2 4 4 3 2 2 3 5 2 2 
124.9 ; 5.213e-09 ; True ; 98 226 274 311 367 381 519 806  ; 4 1 1 6 7 3 3 3 2 2 3 2 
127.9 ; 7.256e-09 ; True ; 41 174 242 310 367 591 684 760 827  ; 3 1 1 5 3 2 4 4 3 3 3 2 
133.4 ; 1.157e-08 ; True ; 325 367 459 519 523 602 684 687 845  ; 5 1 1 7 5 2 3 4 3 4 2 3 
164 ; 1.353e-08 ; True ; 1 147 226 316 367 407 448 632 732 739  ; 3 1 2 8 4 3 3 3 3 2 2 5 
171.2 ; 1.684e-08 ; True ; 117 160 174 189 367 426 432 510 601 760 815  ; 3 1 2 8 3 4 3 4 4 3 1 5 
194.2 ; 4.226e-08 ; True ; 138 310 340 367 519 641 654 684 709 739 741  ; 4 1 1 6 7 5 4 5 5 2 5 2 
264.8 ; 4.848e-08 ; True ; 40 204 302 310 367 384 397 430 508 519 684 738  ; 6 1 1 7 6 4 3 4 3 4 5 3 
266.9 ; 5.96e-08 ; True ; 23 117 147 160 336 367 459 475 662 677 709 710  ; 4 1 2 8 6 5 4 3 5 3 2 4 
297.7 ; 6.753e-08 ; True ; 14 94 367 445 459 519 550 684 709 718 794 827  ; 3 1 2 9 6 4 4 3 4 4 4 3 
306.3 ; 6.924e-08 ; True ; 226 260 322 367 434 459 466 512 593 731 788 817 821  ; 6 1 2 9 5 3 4 3 5 3 3 4 
306.6 ; 9.992e-08 ; True ; 204 226 260 322 335 367 434 459 512 593 731 788 821  ; 5 1 2 10 5 3 4 4 5 4 3 4 
375 ; 1.217e-07 ; True ; 23 117 147 176 238 367 459 475 588 593 662 709 723 734  ; 4 1 3 9 6 6 5 4 5 2 2 5 
378.6 ; 1.224e-07 ; True ; 46 51 117 218 367 394 407 452 474 656 668 684 729 740 838  ; 6 1 3 10 7 5 3 2 6 3 4 4 
390.9 ; 1.233e-07 ; True ; 94 98 254 333 367 394 520 523 601 645 656 686 721 772 821  ; 4 1 2 12 5 3 3 5 4 5 5 4 
414.1 ; 2.16e-07 ; True ; 138 174 310 339 340 367 435 493 519 639 641 654 684 709 739 741  ; 6 1 1 11 10 7 5 6 5 3 5 4 
485.1 ; 2.408e-07 ; True ; 8 23 147 176 356 367 459 519 593 642 662 670 677 709 710 723  ; 4 1 3 10 8 6 4 3 8 3 3 6 
520.3 ; 2.509e-07 ; True ; 23 106 117 147 176 367 459 475 539 593 662 677 709 710 715 723  ; 3 1 3 12 7 7 5 3 6 4 3 5 
524.8 ; 2.599e-07 ; True ; 6 97 99 117 177 188 313 367 459 503 519 567 623 674 739 741 815 850  ; 5 1 3 15 9 9 3 3 6 3 4 5 
597.3 ; 2.895e-07 ; True ; 18 23 24 84 93 140 204 218 236 367 448 449 545 563 646 684 686 718  ; 4 1 2 12 9 5 4 6 6 5 3 5 
623.9 ; 3.234e-07 ; True ; 23 33 61 174 232 332 359 367 415 459 519 555 586 637 684 728 780 796 833  ; 6 1 3 15 6 5 4 6 4 4 3 5 
653.3 ; 4.137e-07 ; True ; 6 174 178 277 367 375 410 411 437 519 632 644 684 699 727 739 753 773 815 850  ; 4 1 4 14 6 3 5 6 3 5 4 7 
668.9 ; 4.98e-07 ; True ; 91 160 190 194 226 310 367 472 519 595 601 627 655 658 670 684 727 744 807 852  ; 6 1 2 12 8 3 6 8 4 3 8 6 
764 ; 5.898e-07 ; True ; 77 82 90 118 134 174 267 310 367 482 508 519 523 558 571 601 651 653 703 784 832  ; 9 1 2 14 6 6 6 5 6 5 3 6 
790.2 ; 5.977e-07 ; True ; 20 51 58 65 185 205 243 365 367 392 432 454 503 519 559 708 746 760 795 823  ; 7 1 2 12 7 8 4 5 5 6 4 6 
846.2 ; 8.817e-07 ; True ; 109 119 137 246 367 432 459 464 475 493 504 510 519 653 659 684 691 696 757 783 832 850  ; 7 1 3 13 6 7 5 4 9 5 3 8 
871.3 ; 9.934e-07 ; True ; 81 147 162 186 284 310 359 367 392 394 425 439 459 469 519 528 558 632 667 711 739 765 856  ; 8 1 3 16 10 8 4 6 6 4 4 7 
924.3 ; 1.288e-06 ; True ; 1 7 12 94 136 234 243 254 274 284 367 440 510 534 545 601 654 674 709 770 784  ; 3 1 4 12 10 4 7 6 6 5 6 7 
986.7 ; 1.403e-06 ; True ; 49 138 147 148 202 229 310 316 319 367 378 384 415 440 459 561 575 591 646 650 666 723 732 850  ; 6 1 4 15 5 7 5 5 6 5 5 7 
1045 ; 1.484e-06 ; True ; 94 119 129 130 137 160 367 432 459 464 475 504 519 526 653 659 684 691 696 757 783 832 837 850  ; 9 1 3 16 8 8 6 3 8 7 4 8 

RUN 6:
Optimum Distance: 11.84
Optimal Team: 23,367,684,
Required Skills: 0 1 4 5 9 10 11 14 16 18 23 24 
Distance; Skill Score; isValid; Team; Skill Counts
16.79 ; 2.499e-12 ; True ; 117 136 367 850  ; 1 1 1 1 1 1 1 1 1 2 1 1 
18.69 ; 1.071e-11 ; True ; 174 310 367 723  ; 1 1 1 2 2 1 2 2 1 1 1 1 
22.39 ; 2.005e-11 ; True ; 28 94 367 601  ; 1 1 1 3 2 1 1 2 2 1 1 2 
27.46 ; 2.216e-11 ; True ; 367 459 519 745  ; 2 1 2 3 1 1 1 1 2 1 1 2 
27.56 ; 2.811e-11 ; True ; 367 407 519 827  ; 1 1 1 2 1 2 1 1 3 2 1 2 
35.38 ; 4.149e-11 ; True ; 1 367 393 415 684  ; 2 1 1 4 1 1 1 2 3 1 1 3 
36.32 ; 5.278e-11 ; True ; 24 361 367 459 519  ; 1 1 1 4 2 3 1 1 3 1 1 3 
36.33 ; 9.874e-11 ; True ; 1 367 407 519 600  ; 1 1 1 4 2 2 1 2 3 1 2 2 
42.2 ; 1.646e-10 ; True ; 367 432 519 602 815  ; 2 1 1 3 3 1 2 1 2 2 2 2 
44.05 ; 1.773e-10 ; True ; 23 242 367 510 600 684  ; 1 1 1 4 3 2 1 2 2 1 3 3 
51.04 ; 3.546e-10 ; True ; 1 119 367 519 543 601  ; 1 1 2 5 3 3 1 2 5 1 1 3 
55.32 ; 3.646e-10 ; True ; 174 310 322 367 482 723  ; 2 1 1 4 2 2 3 2 2 2 2 1 
63.39 ; 6.606e-10 ; True ; 367 432 519 602 740 815  ; 3 1 1 4 4 2 2 1 3 2 2 2 
70.58 ; 1.163e-09 ; True ; 94 204 310 367 458 746  ; 2 1 1 3 3 2 3 2 2 3 2 2 
77.32 ; 1.321e-09 ; True ; 315 367 434 519 593 601 763  ; 2 1 1 4 4 3 2 3 3 2 1 3 
85.33 ; 1.41e-09 ; True ; 98 361 367 432 522 523 684  ; 2 1 1 5 4 2 3 3 2 3 1 3 
86.55 ; 1.565e-09 ; True ; 94 247 367 480 508 519 727  ; 1 1 1 4 3 3 2 2 3 4 3 2 
89.34 ; 3.188e-09 ; True ; 322 367 407 519 559 600 739  ; 2 1 1 5 3 3 2 3 3 3 3 2 
110.5 ; 3.315e-09 ; True ; 38 205 247 310 367 458 465 601 684  ; 4 1 1 6 3 3 2 3 3 1 3 4 
114.1 ; 4.476e-09 ; True ; 96 106 136 321 367 391 459 519  ; 4 1 2 5 3 3 2 1 3 3 2 4 
118.3 ; 6.314e-09 ; True ; 116 203 204 284 310 367 482 519  ; 5 1 2 4 4 3 2 2 3 2 2 3 
125.4 ; 1.075e-08 ; True ; 23 226 367 459 645 684 731 811 838  ; 3 1 2 8 3 2 3 2 3 3 4 3 
132 ; 1.279e-08 ; True ; 106 174 364 367 519 521 611 739 821  ; 2 1 2 6 5 3 3 4 2 4 3 2 
154.8 ; 1.291e-08 ; True ; 94 106 174 291 367 508 601 684 769  ; 2 1 1 7 3 3 4 3 3 4 4 3 
172.7 ; 1.318e-08 ; True ; 106 116 117 147 174 310 367 492 594 602 624  ; 3 1 1 8 5 2 5 3 2 4 3 4 
181.7 ; 1.461e-08 ; True ; 106 129 243 367 531 640 739 773 815 821  ; 3 1 1 7 5 3 2 4 3 4 4 3 
183.2 ; 1.513e-08 ; True ; 147 367 374 394 450 480 586 601 683 720 838  ; 3 1 1 8 6 3 3 4 4 2 3 4 
190.5 ; 1.919e-08 ; True ; 70 174 237 339 350 367 391 519 673 739 786  ; 3 1 1 7 5 3 3 3 5 2 4 5 
206.7 ; 2.317e-08 ; True ; 116 136 160 226 333 367 416 469 519 632 757  ; 4 1 2 9 6 2 3 3 4 3 2 5 
222 ; 3.074e-08 ; True ; 147 162 182 312 367 407 459 496 519 673 739 821  ; 5 1 1 11 5 5 2 3 5 2 5 5 
222.8 ; 3.821e-08 ; True ; 106 174 367 519 587 640 739 773 805 815 821  ; 3 1 1 10 6 4 3 5 3 5 4 3 
278 ; 7.503e-08 ; True ; 106 150 283 305 310 367 475 486 670 723 792 817  ; 3 1 2 8 5 4 5 3 4 4 3 4 
322.6 ; 8.468e-08 ; True ; 45 94 109 116 204 339 367 444 519 591 663 671 723  ; 4 1 3 9 6 6 3 2 6 3 3 4 
337.9 ; 8.57e-08 ; True ; 57 103 160 205 221 293 310 367 409 522 601 674 684 772  ; 5 1 2 10 5 6 2 4 4 4 3 5 
364.1 ; 8.728e-08 ; True ; 243 256 367 394 415 469 519 523 527 626 666 674 715 723  ; 3 1 2 10 6 4 5 5 6 4 2 3 
419.6 ; 1.477e-07 ; True ; 105 147 190 367 432 459 470 486 508 519 542 558 590 594 640 821  ; 6 1 2 12 8 6 3 3 6 3 3 7 
433 ; 1.501e-07 ; True ; 23 34 148 164 238 311 360 367 519 544 583 673 738 817 850  ; 4 1 3 11 6 6 3 3 4 3 4 6 
445.9 ; 2.655e-07 ; True ; 63 105 147 367 432 459 470 508 510 519 558 590 594 640 667 701 821  ; 4 1 2 13 6 7 3 3 7 4 5 8 
460.4 ; 2.85e-07 ; True ; 23 39 84 160 253 367 415 459 601 610 627 642 654 721 725 792 815  ; 4 1 3 13 7 4 3 4 7 4 4 7 
515.5 ; 2.881e-07 ; True ; 23 286 310 348 367 452 480 508 562 594 684 699 799 806 821 823  ; 8 1 2 9 7 3 5 5 4 5 5 4 
625.9 ; 3.046e-07 ; True ; 23 81 130 150 310 357 366 367 415 459 578 594 665 666 700 746 763 796 821  ; 9 1 2 14 9 4 3 5 7 3 4 9 
654.5 ; 3.362e-07 ; True ; 43 52 124 253 334 340 367 399 414 474 519 522 523 558 632 673 718 727 755 786  ; 5 1 3 15 8 5 4 3 7 5 3 6 
659.7 ; 4.343e-07 ; True ; 41 47 68 96 226 362 367 374 393 459 519 545 555 647 735 740 748 827 838  ; 6 1 2 14 6 6 4 3 8 5 6 5 
725.8 ; 5.091e-07 ; True ; 23 39 160 237 253 323 367 459 527 581 601 610 627 642 654 721 725 738 792 795 815  ; 4 1 3 16 6 4 4 5 5 5 6 6 
740.9 ; 5.218e-07 ; True ; 1 310 367 393 452 460 472 523 579 601 623 626 636 738 741 792 827 830 838 856  ; 4 1 4 14 6 4 4 4 6 6 4 6 
743.9 ; 5.393e-07 ; True ; 109 174 204 218 310 311 325 367 409 519 524 532 558 582 594 627 632 696 702 788 793  ; 10 1 2 12 8 7 4 5 6 5 3 7 
749.1 ; 6.141e-07 ; True ; 1 196 226 266 267 315 367 394 463 475 487 512 519 540 601 602 683 684 702 800  ; 7 1 3 14 11 5 5 6 6 5 4 3 
858.3 ; 6.765e-07 ; True ; 4 83 94 143 160 185 221 223 307 336 367 454 458 482 571 592 643 667 684 739 773  ; 9 1 2 18 7 10 3 7 5 4 5 7 
889.8 ; 6.837e-07 ; True ; 79 148 211 238 307 310 312 367 399 413 417 432 475 483 521 545 548 653 674 715 739 746  ; 5 1 3 15 9 7 7 8 3 6 3 4 
892.3 ; 1.055e-06 ; True ; 36 93 133 147 225 306 362 367 415 434 464 519 520 523 527 555 584 601 709 723 815 827 842  ; 5 1 3 16 7 6 4 7 5 4 7 8 
922.3 ; 1.171e-06 ; True ; 132 160 226 253 281 289 323 367 459 469 524 542 581 601 610 625 627 654 659 670 721 723 738 762 795  ; 5 1 3 19 9 6 5 5 10 4 5 8 
946 ; 1.358e-06 ; True ; 36 132 133 147 225 362 367 415 434 464 503 519 520 523 555 562 601 686 709 723 815 827 831 842  ; 5 1 3 16 7 6 5 6 7 3 9 9 
1160 ; 1.402e-06 ; True ; 143 193 223 243 311 327 364 367 394 443 463 469 491 513 519 562 646 656 674 717 730 746 794 843  ; 6 1 4 15 8 4 6 8 4 6 7 4 
1176 ; 2.096e-06 ; True ; 1 114 226 242 261 315 367 394 463 475 487 488 512 519 540 601 602 653 683 684 702 800 828 856  ; 8 1 2 16 11 7 7 8 7 7 5 6 

RUN 7:
Optimum Distance: 11.84
Optimal Team: 23,367,684,
Required Skills: 0 1 4 5 9 10 11 14 16 18 23 24 
Distance; Skill Score; isValid; Team; Skill Counts
11.9 ; 1.759e-12 ; True ; 367 684 723  ; 1 1 1 2 1 1 1 1 1 1 1 1 
20.78 ; 6.108e-12 ; True ; 367 519 786 850  ; 1 1 1 2 1 1 1 1 2 1 2 1 
21.48 ; 2.666e-11 ; True ; 315 367 519 601  ; 1 1 1 2 2 2 1 3 2 1 1 1 
28.58 ; 5.023e-11 ; True ; 204 367 508 519  ; 2 1 1 2 1 2 1 1 3 2 1 2 
28.69 ; 9.049e-11 ; True ; 204 367 519 821  ; 2 1 1 2 2 1 1 2 2 3 2 1 
31.34 ; 1.922e-10 ; True ; 1 367 601 684 739  ; 2 1 2 4 2 1 1 3 3 1 1 3 
45.21 ; 4.945e-10 ; True ; 94 367 432 519 739  ; 1 1 1 3 3 3 3 2 2 3 2 1 
62.42 ; 8.168e-10 ; True ; 367 519 601 739 745 796  ; 3 1 2 5 2 3 1 3 3 1 1 4 
67.87 ; 1.323e-09 ; True ; 204 367 381 407 519 821  ; 4 1 1 4 3 3 1 2 3 3 2 2 
83.67 ; 2.006e-09 ; True ; 204 298 310 367 519 601 849  ; 2 1 2 3 3 1 2 3 4 2 2 3 
87.65 ; 2.978e-09 ; True ; 204 252 298 310 367 519 601  ; 2 1 2 2 2 1 3 3 4 3 2 3 
87.72 ; 3.626e-09 ; True ; 85 367 519 593 632 684 857  ; 3 1 1 6 4 4 2 2 3 2 2 4 
112.6 ; 4.422e-09 ; True ; 81 225 246 288 310 367 374 432 601  ; 2 1 2 5 5 3 2 4 4 1 2 3 
124.8 ; 5.15e-09 ; True ; 154 204 310 352 367 519 601 683  ; 3 1 2 3 3 3 2 4 3 2 2 2 
128 ; 5.313e-09 ; True ; 41 204 367 480 519 586 745 754  ; 2 1 2 4 3 2 2 3 4 3 2 3 
128.9 ; 8.301e-09 ; True ; 154 204 252 310 367 519 601 683  ; 3 1 2 3 3 3 3 3 3 3 2 2 
148.3 ; 9.448e-09 ; True ; 28 255 367 432 480 519 618 723 811  ; 2 1 2 5 4 2 2 4 4 3 2 4 
148.5 ; 1.233e-08 ; True ; 8 204 310 367 501 558 601 684 719 753  ; 3 1 2 5 4 2 3 4 3 2 3 3 
159.7 ; 1.457e-08 ; True ; 94 139 339 367 432 519 659 689 739  ; 3 1 1 6 6 5 4 2 3 3 3 3 
159.7 ; 1.615e-08 ; True ; 45 78 136 367 415 432 519 684 707 852  ; 3 1 1 6 4 2 4 3 5 4 3 3 
180 ; 2.067e-08 ; True ; 23 65 129 340 367 374 449 519 739 833  ; 3 1 2 5 4 5 2 4 4 3 2 3 
181.6 ; 2.23e-08 ; True ; 28 367 399 480 519 544 601 640 757 773  ; 3 1 2 9 5 3 2 5 6 4 1 5 
211.4 ; 2.786e-08 ; True ; 119 225 229 367 483 508 519 558 684 710 745  ; 5 1 1 8 4 6 2 3 4 4 3 4 
213 ; 3.158e-08 ; True ; 97 132 174 310 367 415 593 650 727 817 843  ; 5 1 2 6 3 3 2 3 5 3 3 5 
213 ; 3.445e-08 ; True ; 178 226 243 310 367 601 610 654 656 739 836  ; 3 1 2 5 6 3 4 6 4 1 4 4 
222.8 ; 4.972e-08 ; True ; 8 204 310 367 558 601 684 700 719 770 857  ; 3 1 2 7 5 3 3 5 4 2 5 4 
303.4 ; 5.085e-08 ; True ; 23 47 82 307 310 367 454 465 516 519 528 586 782  ; 4 1 2 5 4 3 3 5 3 2 6 4 
303.4 ; 9.072e-08 ; True ; 14 85 106 117 140 158 364 367 409 523 545 723 843  ; 3 1 3 10 4 6 4 3 5 3 2 6 
363.1 ; 1.815e-07 ; True ; 28 98 106 117 226 242 262 367 519 639 673 674 708 843  ; 4 1 1 11 7 5 4 6 5 4 5 6 
437.6 ; 3.079e-07 ; True ; 125 222 237 367 408 411 432 459 519 522 523 524 564 600 684 746  ; 5 1 2 10 6 3 6 5 4 5 4 7 
549.8 ; 3.21e-07 ; True ; 39 106 148 204 243 262 283 315 367 417 578 586 601 613 647 684 722  ; 7 1 2 9 5 3 4 8 5 5 4 5 
558.3 ; 4.382e-07 ; True ; 24 147 242 357 367 432 449 475 487 519 521 544 601 625 650 668 750 786  ; 3 1 3 10 6 4 6 5 5 5 4 6 
634.8 ; 5.651e-07 ; True ; 24 106 114 147 203 215 367 441 461 487 519 521 523 544 601 632 650 786 806  ; 5 1 3 14 6 4 6 4 4 6 4 8 
644.4 ; 6.389e-07 ; True ; 41 70 72 106 117 165 169 193 310 325 356 367 544 559 601 684 772 810 856  ; 6 1 3 12 4 6 5 6 4 6 4 5 
687.8 ; 6.519e-07 ; True ; 23 24 39 203 243 367 403 454 519 584 632 645 654 669 670 684 739 765 774 823  ; 5 1 2 15 9 6 4 7 6 5 4 8 
699 ; 7.44e-07 ; True ; 148 174 310 367 381 399 408 452 505 519 534 544 656 672 682 689 721 723 788 827  ; 4 1 4 13 5 5 6 6 4 5 4 6 
811.7 ; 1.069e-06 ; True ; 9 23 39 106 230 243 367 454 519 584 632 641 654 669 670 678 684 739 765 774 823  ; 5 1 3 15 9 6 5 7 5 5 5 6 
975 ; 1.2e-06 ; True ; 24 147 242 357 367 407 432 449 475 519 521 544 601 650 658 668 706 746 750 758 784 786  ; 5 1 3 13 8 5 7 6 6 5 4 8 
1028 ; 1.254e-06 ; True ; 13 94 116 143 172 174 217 229 239 242 367 394 399 453 534 578 709 723 731 735 778 811 815  ; 8 1 3 16 8 6 5 6 6 5 4 8 
1070 ; 1.598e-06 ; True ; 40 90 104 117 143 158 245 288 367 399 418 458 519 544 564 686 732 765 807 819 827 838 845 850  ; 6 1 4 16 8 9 5 5 5 6 4 8 
1155 ; 1.8e-06 ; True ; 38 116 118 137 160 184 201 204 229 260 262 310 367 391 519 523 636 645 654 698 705 740 746 817  ; 7 1 5 15 10 7 6 5 6 8 3 5 

RUN 8:
Optimum Distance: 11.84
Optimal Team: 23,367,684,
Required Skills: 0 1 4 5 9 10 11 14 16 18 23 24 
Distance; Skill Score; isValid; Team; Skill Counts
11.9 ; 1.759e-12 ; True ; 367 684 723  ; 1 1 1 2 1 1 1 1 1 1 1 1 
12.82 ; 3.231e-12 ; True ; 367 459 519  ; 1 1 1 2 1 1 1 1 2 1 1 1 
22.47 ; 5.569e-12 ; True ; 23 310 367 645  ; 1 1 1 2 2 1 1 1 1 1 2 1 
22.53 ; 5.976e-12 ; True ; 367 601 679 684  ; 1 1 1 3 2 1 1 2 1 1 1 1 
22.54 ; 6.376e-12 ; True ; 287 367 601 684  ; 2 1 1 3 1 1 1 2 1 1 1 1 
22.78 ; 6.394e-12 ; True ; 367 449 684 723  ; 1 1 1 2 1 1 2 2 1 1 1 1 
25.6 ; 2.148e-11 ; True ; 367 432 503 519  ; 1 1 1 2 1 2 2 1 2 2 1 1 
29.48 ; 1.237e-10 ; True ; 147 367 459 640 684  ; 2 1 1 4 3 1 2 1 2 1 2 3 
40.28 ; 1.458e-10 ; True ; 160 367 432 519 591  ; 1 1 1 3 2 2 3 2 3 2 1 1 
48.69 ; 1.49e-10 ; True ; 247 367 432 684 739 788  ; 2 1 1 3 2 1 3 3 1 2 2 1 
50.19 ; 2.28e-10 ; True ; 204 367 454 519 600  ; 2 1 1 3 3 1 1 3 2 2 2 2 
52.8 ; 4.302e-10 ; True ; 94 160 222 310 367 601  ; 2 1 1 4 3 2 2 2 2 1 2 3 
56.62 ; 7.056e-10 ; True ; 23 160 310 367 475 632  ; 2 1 2 4 4 3 2 2 2 1 1 3 
64.48 ; 1.173e-09 ; True ; 247 367 432 558 684 739 788  ; 2 1 1 3 3 2 3 3 2 2 2 2 
84.25 ; 1.756e-09 ; True ; 117 140 160 209 367 601 684 741  ; 3 1 1 6 2 3 2 3 5 2 1 3 
88.22 ; 1.873e-09 ; True ; 44 119 143 367 459 478 523 684  ; 3 1 1 7 4 2 3 3 3 2 1 3 
106.1 ; 2.125e-09 ; True ; 310 322 367 415 432 544 772 802  ; 3 1 1 3 3 3 3 2 2 2 2 3 
107.8 ; 2.654e-09 ; True ; 174 367 415 465 487 571 739 845 850  ; 4 1 1 5 3 3 2 3 3 2 1 5 
112.3 ; 4.417e-09 ; True ; 37 171 367 519 545 791 821 827  ; 2 1 1 4 4 2 2 3 4 3 3 3 
119.3 ; 7.639e-09 ; True ; 83 106 367 415 441 519 632 640 815  ; 3 1 1 8 4 5 2 2 3 2 3 6 
123.5 ; 8.613e-09 ; True ; 94 160 222 310 312 367 469 543 601  ; 3 1 1 7 4 4 3 3 3 2 3 3 
159.6 ; 1.899e-08 ; True ; 94 160 288 310 312 367 469 521 543 601  ; 3 1 2 7 5 5 3 3 4 2 3 2 
173.3 ; 2.461e-08 ; True ; 117 242 367 391 463 519 626 739 821 827  ; 2 1 2 5 3 3 2 4 4 5 4 3 
174.7 ; 4.692e-08 ; True ; 23 169 310 361 367 519 545 594 684 730 758  ; 4 1 2 9 6 3 4 4 3 2 4 4 
258.4 ; 5.94e-08 ; True ; 1 81 253 310 357 367 519 594 667 684 730 738 773  ; 4 1 2 10 6 2 4 4 3 4 4 4 
261.5 ; 1.517e-07 ; True ; 1 23 169 310 367 519 594 667 684 730 738 758 773  ; 4 1 4 11 4 3 3 4 4 4 4 5 
456.3 ; 1.665e-07 ; True ; 243 298 364 367 374 379 474 519 522 526 545 546 773 792 807  ; 3 1 2 11 4 6 4 4 6 3 5 5 
480.5 ; 1.835e-07 ; True ; 14 169 177 341 367 369 413 415 480 593 684 699 739 823 838 840  ; 5 1 2 14 6 5 4 6 6 4 2 5 
500.2 ; 2.348e-07 ; True ; 57 65 117 186 325 367 407 522 542 632 666 684 725 746 817 843  ; 6 1 2 10 5 4 3 5 5 5 4 6 
553.5 ; 3.172e-07 ; True ; 1 16 307 310 367 407 511 519 551 580 586 591 640 659 674 739 752 803  ; 4 1 2 14 7 6 4 7 9 3 3 6 
587.3 ; 3.261e-07 ; True ; 147 211 225 251 351 367 392 399 412 519 521 545 562 564 723 780 811 821 837  ; 4 1 2 16 8 4 5 5 4 4 6 6 
654.5 ; 4.109e-07 ; True ; 7 107 147 246 313 364 367 432 458 514 517 519 523 558 684 721 735 761 805 846  ; 2 1 2 16 9 5 6 6 7 5 4 7 
702.4 ; 4.576e-07 ; True ; 147 260 264 310 333 356 367 378 392 393 399 427 492 519 546 684 705 801 807 850  ; 6 1 2 12 5 4 6 4 5 5 5 7 
716.4 ; 5.289e-07 ; True ; 4 205 243 312 367 369 398 399 469 519 524 558 563 578 581 634 688 738 739 852  ; 4 1 2 17 7 6 5 7 5 4 5 6 
826.7 ; 7.397e-07 ; True ; 20 197 298 367 394 459 481 578 586 601 602 610 646 654 656 684 768 801 837 848 850  ; 8 1 4 11 6 4 3 5 7 4 5 8 
930.5 ; 9.012e-07 ; True ; 95 98 149 178 223 316 367 414 443 469 478 503 519 559 600 624 746 773 815 841 850 856  ; 8 1 3 18 8 3 4 6 7 7 5 6 
943.9 ; 1.138e-06 ; True ; 23 113 242 350 357 367 431 443 458 519 542 548 582 586 590 634 684 705 745 788 806 821 846  ; 6 1 3 13 8 5 5 5 5 6 6 7 
1084 ; 2.091e-06 ; True ; 96 117 213 310 340 367 415 432 452 456 459 526 528 558 594 656 695 699 707 733 739 773 830 840  ; 9 1 7 12 6 6 6 6 7 4 3 7 
1125 ; 3.451e-06 ; True ; 108 117 205 310 340 367 380 415 432 452 456 459 526 528 558 594 646 684 695 707 733 739 773 840  ; 9 1 6 11 8 6 6 8 7 5 4 7 

RUN 9:
Optimum Distance: 11.84
Optimal Team: 23,367,684,
Required Skills: 0 1 4 5 9 10 11 14 16 18 23 24 
Distance; Skill Score; isValid; Team; Skill Counts
11.84 ; 2.946e-12 ; True ; 23 367 684  ; 1 1 1 2 2 1 1 1 1 1 1 1 
15.84 ; 4.59e-12 ; True ; 204 367 519  ; 1 1 1 1 1 1 1 1 2 2 1 1 
19.72 ; 1.063e-11 ; True ; 350 367 684 723  ; 1 1 1 3 2 1 1 1 2 1 1 2 
23.71 ; 2.709e-11 ; True ; 23 178 367 519  ; 1 1 1 3 2 2 1 1 3 1 1 2 
24.66 ; 3.858e-11 ; True ; 94 367 459 684  ; 2 1 1 3 2 1 2 1 1 2 2 1 
33.52 ; 4.922e-11 ; True ; 83 350 367 684 723  ; 2 1 1 4 2 2 1 1 2 1 1 3 
33.59 ; 2.491e-10 ; True ; 119 367 519 684 850  ; 1 1 1 3 3 2 2 2 2 2 3 1 
38.15 ; 4.755e-10 ; True ; 226 367 519 723 739  ; 1 1 1 4 3 3 2 3 3 1 2 2 
59.94 ; 1.646e-09 ; True ; 23 28 136 367 469 519  ; 2 1 1 4 4 2 2 3 4 3 1 3 
88.94 ; 2.693e-09 ; True ; 1 119 174 238 367 503 559 684  ; 2 1 2 6 4 2 3 2 3 3 1 3 
97.36 ; 3.404e-09 ; True ; 104 204 260 367 519 700 739  ; 3 1 1 4 4 2 2 3 3 3 2 3 
104.3 ; 4.123e-09 ; True ; 23 28 77 136 268 367 469 519  ; 3 1 1 6 5 3 2 3 4 3 1 4 
107.7 ; 7.515e-09 ; True ; 1 209 268 367 415 460 519 684 850  ; 2 1 2 6 3 3 2 3 4 2 3 3 
155.9 ; 9.979e-09 ; True ; 25 94 147 204 333 367 519 592 817  ; 3 1 2 6 4 2 3 1 3 4 4 4 
176.1 ; 1.2e-08 ; True ; 16 49 98 105 160 367 432 519 558 838  ; 3 1 1 5 4 3 3 3 5 3 2 4 
179.9 ; 5.486e-08 ; True ; 147 226 367 436 459 510 519 543 632 684 736  ; 4 1 2 9 5 3 4 4 4 2 4 4 
313 ; 5.538e-08 ; True ; 147 226 235 367 436 441 459 510 519 543 575 684 736 840  ; 5 1 1 10 6 3 6 5 4 2 4 4 
320 ; 5.738e-08 ; True ; 1 88 136 231 288 367 394 482 519 586 701 827 842 855  ; 4 1 2 10 4 4 2 4 8 3 4 3 
344.7 ; 6.173e-08 ; True ; 68 119 136 170 230 262 367 399 482 519 601 806 842  ; 3 1 2 8 5 3 3 4 5 6 3 3 
345.6 ; 9.158e-08 ; True ; 147 226 367 371 436 503 510 519 523 543 632 684 693 736  ; 4 1 1 11 6 4 5 5 4 4 4 4 
352.5 ; 1.043e-07 ; True ; 1 77 137 204 209 264 277 367 415 444 519 526 559 684  ; 5 1 3 10 3 4 3 4 6 5 2 4 
373.5 ; 1.085e-07 ; True ; 147 226 367 371 461 503 510 519 523 543 632 684 722 736 795  ; 5 1 1 13 6 5 5 4 5 3 4 5 
378.2 ; 1.1e-07 ; True ; 1 77 137 204 209 367 368 415 440 460 519 526 559 684  ; 5 1 3 8 5 5 3 3 6 6 2 3 
391.8 ; 1.378e-07 ; True ; 5 28 131 237 251 252 322 367 381 519 601 602 681 723 788  ; 3 1 2 12 5 3 5 5 8 3 3 6 
450.9 ; 1.629e-07 ; True ; 14 147 204 253 319 367 384 448 519 556 586 610 723 732 734  ; 4 1 3 8 4 5 5 3 4 4 3 5 
472.9 ; 1.667e-07 ; True ; 65 163 297 367 432 443 449 511 519 669 684 688 723 786 817  ; 5 1 3 8 4 4 4 4 5 4 3 4 
511.4 ; 3.024e-07 ; True ; 131 254 267 367 399 418 439 459 475 519 542 602 709 792 821 824  ; 4 1 2 12 7 3 6 6 5 6 4 4 
557.7 ; 5.012e-07 ; True ; 49 139 150 165 252 310 335 364 367 459 469 475 558 594 655 817 837  ; 6 1 3 9 6 6 4 6 5 4 3 7 
668.8 ; 5.615e-07 ; True ; 4 63 109 117 315 340 367 443 542 684 723 729 735 772 788 792 814 836 850  ; 6 1 4 9 5 7 4 6 6 4 4 3 
775.8 ; 6.496e-07 ; True ; 23 194 274 307 348 367 415 421 488 519 531 544 591 601 638 661 685 806 850  ; 5 1 4 11 8 6 4 7 6 4 3 5 
815.6 ; 7.149e-07 ; True ; 117 201 203 210 246 271 278 310 312 344 367 396 399 448 459 727 817 821 838 857  ; 5 1 3 15 5 5 4 7 5 6 5 5 
824.1 ; 9.605e-07 ; True ; 23 63 106 116 132 171 229 295 367 384 399 514 519 723 735 739 741 751 767 840 849  ; 7 1 3 15 7 8 4 4 9 5 4 7 
963.3 ; 1.017e-06 ; True ; 169 194 310 367 408 443 452 459 503 522 543 554 589 592 684 721 723 744 770 799 834 838 840  ; 8 1 4 13 7 4 5 4 6 4 7 6 
966.5 ; 1.033e-06 ; True ; 75 107 148 203 246 305 310 367 384 458 515 516 519 559 633 684 745 746 793 799 821 847 857  ; 7 1 2 16 8 6 4 8 6 5 6 7 
967.9 ; 1.104e-06 ; True ; 174 226 356 367 369 402 455 519 522 534 539 545 568 593 601 618 685 700 738 745 771 827  ; 4 1 4 16 11 5 4 8 8 4 5 6 
993.7 ; 1.347e-06 ; True ; 4 165 184 305 310 367 370 374 471 487 516 519 606 627 640 656 668 684 709 722 723 763 773  ; 5 1 4 15 7 4 6 6 6 6 7 4 
1040 ; 1.556e-06 ; True ; 53 77 187 237 310 338 367 392 399 439 443 458 475 478 519 531 596 670 674 684 705 783 811 838  ; 7 1 2 18 8 6 8 6 8 7 6 4 

RUN 10:
Optimum Distance: 11.84
Optimal Team: 23,367,684,
Required Skills: 0 1 4 5 9 10 11 14 16 18 23 24 
Distance; Skill Score; isValid; Team; Skill Counts
12.82 ; 3.231e-12 ; True ; 367 459 519  ; 1 1 1 2 1 1 1 1 2 1 1 1 
18.76 ; 1.766e-11 ; True ; 367 459 558 684  ; 2 1 1 2 2 1 1 1 2 1 1 2 
22.6 ; 3.79e-11 ; True ; 367 519 601 815  ; 1 1 1 3 2 1 1 2 2 1 2 2 
34.3 ; 4.637e-11 ; True ; 23 82 174 367 821  ; 2 1 1 3 3 1 1 2 1 2 1 2 
35.4 ; 8.856e-11 ; True ; 205 340 367 519 821  ; 2 1 1 3 3 2 1 2 1 2 2 1 
38.22 ; 1.969e-10 ; True ; 367 432 519 524 601  ; 1 1 2 3 2 2 2 2 3 2 1 1 
52.54 ; 3.648e-10 ; True ; 117 367 523 673 739 850  ; 1 1 1 4 2 2 2 3 2 2 2 2 
54.83 ; 5.742e-10 ; True ; 367 487 503 519 601 740  ; 2 1 1 4 2 3 2 2 4 2 1 2 
55.99 ; 9.579e-10 ; True ; 160 367 459 475 478 684  ; 4 1 1 5 3 2 2 2 3 2 1 3 
76.34 ; 1.169e-09 ; True ; 350 367 487 503 519 601 740  ; 2 1 1 5 3 3 2 2 5 2 1 3 
76.69 ; 2.077e-09 ; True ; 160 186 367 459 475 478 684  ; 4 1 1 6 4 2 2 2 3 2 2 3 
77.4 ; 2.4e-09 ; True ; 136 367 399 519 601 609 739  ; 2 1 1 4 4 2 2 4 5 3 1 3 
98.06 ; 3.109e-09 ; True ; 1 136 226 310 367 475 634 807  ; 3 1 1 4 4 2 3 3 2 2 2 4 
117.9 ; 3.598e-09 ; True ; 204 226 326 367 640 684 730 838  ; 3 1 1 5 4 2 3 2 2 3 3 3 
119.8 ; 3.728e-09 ; True ; 160 367 475 545 610 674 739 837  ; 3 1 1 7 6 4 3 3 2 3 1 3 
135.1 ; 5.747e-09 ; True ; 204 313 367 415 650 684 723 787 854  ; 3 1 2 7 3 3 2 2 3 3 2 3 
135.9 ; 6.669e-09 ; True ; 160 169 367 475 519 545 700 730 845  ; 2 1 1 8 6 4 3 4 2 2 3 3 
143 ; 1.308e-08 ; True ; 117 204 306 367 409 519 558 684 743  ; 3 1 1 5 4 4 3 3 4 4 2 3 
156.3 ; 1.721e-08 ; True ; 23 160 316 367 475 519 545 700 730  ; 2 1 1 8 7 4 4 4 3 3 3 3 
160.1 ; 3.09e-08 ; True ; 307 367 415 469 545 684 723 739 768 821  ; 5 1 1 9 4 4 3 7 3 3 3 3 
242.4 ; 3.395e-08 ; True ; 23 52 60 63 367 503 519 709 796 821 836  ; 4 1 1 6 5 6 2 4 4 3 4 4 
256.4 ; 3.94e-08 ; True ; 4 18 96 139 204 260 367 407 480 519 616  ; 3 1 2 7 5 4 3 3 5 4 2 4 
266.4 ; 6.56e-08 ; True ; 97 202 307 367 415 469 545 640 684 723 739 768 821  ; 5 1 1 12 5 6 3 7 4 3 3 4 
298 ; 7.443e-08 ; True ; 18 42 94 136 315 338 367 415 440 459 466 480 519  ; 7 1 1 8 7 6 3 4 6 5 2 4 
339.7 ; 1.035e-07 ; True ; 81 107 313 367 409 455 459 519 600 650 670 821 827 828  ; 3 1 2 11 7 4 3 4 6 5 4 3 
341.5 ; 1.055e-07 ; True ; 174 204 219 310 321 367 459 468 522 640 700 815 821 850  ; 6 1 3 10 7 2 2 5 4 3 5 6 
344.9 ; 1.493e-07 ; True ; 23 60 63 204 267 339 367 519 571 594 709 821 836  ; 5 1 3 6 6 5 2 4 4 4 4 5 
352.6 ; 2.014e-07 ; True ; 14 136 310 335 367 374 457 459 519 542 603 723 738 770  ; 5 1 2 10 6 6 3 4 6 3 5 5 
424.2 ; 2.343e-07 ; True ; 28 93 119 310 367 371 432 443 454 459 508 545 700 727 836  ; 6 1 3 9 8 4 3 7 5 3 3 5 
474.3 ; 2.687e-07 ; True ; 65 117 131 204 243 253 367 409 465 511 519 613 745 748 821 856  ; 7 1 2 12 4 5 4 5 4 5 4 5 
510.9 ; 2.918e-07 ; True ; 1 53 143 171 223 242 265 332 345 367 417 448 519 591 620 673 684  ; 4 1 2 12 5 3 4 7 8 4 5 5 
536.7 ; 3.088e-07 ; True ; 23 80 126 136 153 238 295 315 367 475 544 562 601 684 734 772 843  ; 8 1 2 11 8 6 5 4 7 4 2 7 
576.3 ; 4.077e-07 ; True ; 23 37 223 238 256 288 322 367 450 452 469 519 521 594 765 807 817  ; 4 1 4 10 4 5 5 5 6 4 3 5 
615.6 ; 4.408e-07 ; True ; 86 119 226 236 291 310 322 364 367 414 459 473 519 645 665 684 736 745 841  ; 6 1 3 16 8 2 5 4 6 5 6 6 
641 ; 4.539e-07 ; True ; 34 68 78 132 137 140 367 395 458 469 475 508 586 601 609 674 684 750 815  ; 3 1 2 11 6 3 6 7 6 6 5 6 
651.2 ; 4.758e-07 ; True ; 9 94 204 367 394 432 455 456 474 503 519 689 696 699 744 762 796 822 837  ; 8 1 2 14 6 7 6 3 5 4 5 6 
654.9 ; 4.814e-07 ; True ; 70 100 106 119 125 143 168 243 246 293 367 519 525 559 562 578 699 817  ; 4 1 2 10 6 5 6 6 6 4 5 5 
689.4 ; 5.337e-07 ; True ; 4 42 73 117 128 136 145 226 274 287 322 340 367 466 523 673 721 739 742  ; 8 1 3 15 5 5 4 5 5 5 5 4 
728.9 ; 6.077e-07 ; True ; 1 91 119 200 310 367 441 475 501 515 593 594 667 684 705 719 721 723 727 728 849  ; 5 1 4 16 8 6 3 5 6 4 4 7 
760.7 ; 7.287e-07 ; True ; 34 68 78 132 137 139 310 367 395 458 469 475 508 528 586 601 609 674 795 815  ; 3 1 3 11 7 5 6 6 5 5 6 5 
861.3 ; 9.639e-07 ; True ; 23 37 132 223 229 238 256 278 288 322 367 380 450 469 519 521 594 765 792 817  ; 4 1 3 13 5 5 6 6 7 6 5 5 
868.2 ; 1.231e-06 ; True ; 109 117 146 174 204 230 305 345 364 367 403 433 459 586 601 636 650 655 699 827 837 847  ; 5 1 6 15 5 5 4 7 6 5 4 6 
980.1 ; 1.374e-06 ; True ; 81 107 188 254 267 367 372 376 409 452 455 459 503 519 545 600 670 684 743 786 802 821 827 839  ; 6 1 4 18 12 5 5 7 8 4 5 5 
999.5 ; 1.404e-06 ; True ; 23 138 246 255 293 303 310 312 367 432 503 593 680 684 686 699 710 718 738 745 790 797 843  ; 7 1 3 16 8 7 4 7 6 5 6 6 
1056 ; 1.551e-06 ; True ; 109 178 226 350 367 382 432 501 545 556 629 645 723 730 738 739 744 770 774 788 817 819 852 856  ; 6 1 4 18 5 6 6 6 6 3 7 8 
1076 ; 1.605e-06 ; True ; 119 138 237 244 322 364 367 415 426 508 586 600 601 636 654 691 702 717 723 744 760 792 823 850  ; 6 1 5 18 5 8 4 5 8 3 7 8 
1137 ; 1.789e-06 ; True ; 147 242 243 246 364 367 394 415 459 471 535 591 594 630 646 671 674 690 704 723 781 828 830 838 845  ; 6 1 4 17 12 6 4 5 8 6 5 9 

