Iteration: 700
 Population Size: 1000
RUN 1:
Optimum Distance: 15.16
Optimal Team: 118,161,372,859,
Required Skills: 0 1 4 5 9 10 11 12 14 15 16 18 23 24 
Distance; Skill Score; isValid; Team; Skill Counts
20.71 ; 1.116e-13 ; True ; 1 14 372 692  ; 1 1 1 3 2 1 1 2 1 2 2 1 1 2 
30.59 ; 4.012e-13 ; True ; 1 14 133 372 692  ; 1 1 1 3 2 1 1 2 1 2 3 1 2 3 
44.3 ; 5.314e-13 ; True ; 24 107 372 717 845  ; 1 1 1 3 3 3 2 3 1 1 1 1 2 2 
51.72 ; 1.183e-12 ; True ; 1 173 248 372 692 794  ; 3 1 1 3 2 1 1 2 2 2 3 1 1 4 
55.12 ; 1.379e-12 ; True ; 1 301 372 420 524 798  ; 2 1 1 5 2 2 1 3 2 1 3 1 2 2 
56.99 ; 4.698e-12 ; True ; 1 107 144 161 372 529  ; 2 1 1 5 3 4 2 3 1 3 3 1 1 2 
71.1 ; 1.337e-11 ; True ; 1 107 372 464 528 692 734  ; 3 1 2 5 2 1 3 4 2 1 2 3 2 2 
89.71 ; 1.839e-11 ; True ; 1 107 372 442 464 528 692 734  ; 3 1 2 5 2 1 3 4 2 1 2 3 2 3 
100.5 ; 1.924e-11 ; True ; 146 245 372 437 464 515 524 850  ; 2 1 2 5 2 3 3 2 2 1 3 2 3 2 
101.1 ; 2.423e-11 ; True ; 132 161 372 480 638 674 682 692  ; 2 1 2 6 4 2 2 2 2 2 3 3 1 4 
117.9 ; 9.011e-11 ; True ; 40 86 144 372 422 464 524 731  ; 3 1 2 6 3 4 2 3 4 2 4 2 1 3 
169.5 ; 1.371e-10 ; True ; 59 69 85 107 144 245 372 464 606 770  ; 2 1 1 6 4 2 3 5 3 2 4 2 4 3 
182 ; 1.66e-10 ; True ; 100 144 361 372 464 524 528 576 717 865  ; 4 1 1 7 6 3 4 2 4 2 3 2 3 3 
184.2 ; 2.382e-10 ; True ; 29 144 161 206 227 372 420 541 565 859  ; 4 1 3 6 3 3 1 5 4 2 4 2 2 4 
198.3 ; 4.077e-10 ; True ; 1 52 144 149 161 245 372 437 438 598 692  ; 2 1 2 7 6 3 4 3 3 3 3 3 2 4 
268 ; 5.834e-10 ; True ; 25 64 175 203 227 248 314 330 372 533 584 597 829  ; 3 1 1 7 6 3 3 4 6 2 4 3 4 3 
290.5 ; 8.923e-10 ; True ; 1 193 228 355 366 372 404 480 626 731 820 840 846  ; 2 1 2 11 5 3 4 4 4 3 5 3 2 4 
298.7 ; 1.357e-09 ; True ; 1 95 107 253 325 372 464 480 487 716 761 796 840  ; 4 1 2 10 3 5 5 5 2 3 5 3 2 4 
342.5 ; 2.231e-09 ; True ; 14 24 35 70 144 347 372 464 513 541 592 731 796 829  ; 3 1 3 11 5 5 4 5 5 2 5 2 2 6 
429.7 ; 2.493e-09 ; True ; 1 27 147 248 317 372 389 420 468 497 501 550 607 619 674 780  ; 3 1 2 10 4 6 2 3 4 4 6 3 4 6 
466.9 ; 3.439e-09 ; True ; 175 220 248 326 342 346 363 372 404 420 711 731 751 840 859 861  ; 5 1 2 11 5 5 5 4 4 2 5 4 3 4 
499.8 ; 7.293e-09 ; True ; 1 64 116 228 231 355 366 372 374 404 463 480 626 731 820 840 846  ; 2 1 3 14 4 5 4 5 4 4 6 5 3 5 
677.9 ; 7.743e-09 ; True ; 23 29 42 44 66 67 120 164 364 372 480 513 524 572 584 614 760 835 846  ; 4 1 1 15 7 6 3 5 6 4 9 5 3 6 
690.7 ; 8.642e-09 ; True ; 86 108 129 315 342 344 372 445 457 464 480 524 606 673 711 794 798 820 849  ; 7 1 3 13 7 5 3 3 5 3 6 4 3 7 
709.5 ; 1.306e-08 ; True ; 19 70 185 206 240 314 336 372 389 396 420 437 524 592 599 708 825 866  ; 6 1 5 9 7 5 6 5 5 1 6 4 4 5 
765.1 ; 1.737e-08 ; True ; 25 40 113 140 207 277 299 317 327 372 458 470 480 508 606 678 692 735 770 837  ; 5 1 2 13 9 6 4 4 5 4 6 5 4 6 
766.4 ; 1.807e-08 ; True ; 3 19 29 95 176 251 372 399 420 437 451 454 464 487 507 565 592 615 708 731  ; 6 1 4 12 8 5 5 7 5 2 7 3 4 4 
856.3 ; 2.077e-08 ; True ; 17 24 50 66 95 117 216 229 248 317 372 480 527 592 633 646 753 761 807 836  ; 2 1 3 11 6 6 5 5 5 5 5 4 5 6 
927 ; 2.413e-08 ; True ; 1 16 71 123 161 257 269 317 372 444 454 456 464 470 524 592 625 698 725 727 739 792  ; 5 1 3 13 6 4 5 6 5 4 6 4 5 4 
954 ; 3.765e-08 ; True ; 3 29 59 95 113 144 148 170 346 369 372 401 486 508 529 531 550 565 597 608 747 845 848  ; 7 1 3 17 10 7 6 6 7 2 8 3 4 8 
989.9 ; 4.386e-08 ; True ; 131 144 250 316 317 319 372 382 390 420 442 455 464 480 501 649 692 709 731 735 814 822 859  ; 6 1 4 14 9 8 5 6 7 4 3 5 4 4 
1056 ; 5.443e-08 ; True ; 1 16 63 66 117 154 228 287 291 326 372 404 414 444 464 479 480 490 513 528 638 647 658 788  ; 5 1 4 20 8 6 5 5 5 3 6 10 4 6 
1134 ; 5.572e-08 ; True ; 24 26 66 100 144 220 232 237 253 277 317 341 372 394 420 461 469 480 600 681 831 836 840  ; 8 1 3 18 7 6 4 6 4 6 7 4 5 6 
1157 ; 1.022e-07 ; True ; 1 58 215 250 314 372 389 459 460 492 497 508 515 518 524 592 607 640 679 731 746 792 814 829 845 864  ; 11 1 3 19 8 8 6 3 7 4 7 6 6 8 
1482 ; 1.105e-07 ; True ; 1 91 120 148 149 271 311 354 372 416 468 484 487 513 515 526 583 606 692 698 708 717 731 748 755 781 800 828 832  ; 5 1 4 20 9 8 4 8 5 3 8 5 7 10 

RUN 2:
Optimum Distance: 15.16
Optimal Team: 118,161,372,859,
Required Skills: 0 1 4 5 9 10 11 12 14 15 16 18 23 24 
Distance; Skill Score; isValid; Team; Skill Counts
20.62 ; 2.411e-14 ; True ; 1 372 471 692  ; 2 1 1 2 1 1 1 3 1 1 1 1 1 1 
22.76 ; 3.425e-14 ; True ; 1 146 372 524  ; 1 1 1 3 1 2 1 2 1 1 2 1 1 1 
32.37 ; 4.178e-13 ; True ; 1 148 317 372 692  ; 1 1 1 4 3 1 3 2 1 2 1 1 2 2 
33.48 ; 7.605e-13 ; True ; 1 64 314 372 524  ; 1 1 1 2 2 1 2 3 2 1 2 2 3 1 
36.4 ; 4.813e-12 ; True ; 1 161 372 480 692  ; 2 1 1 4 3 2 2 2 2 3 2 2 1 2 
54.04 ; 2.092e-11 ; True ; 1 148 161 372 480 692  ; 2 1 1 5 4 2 3 2 2 3 2 2 2 3 
115 ; 3.222e-11 ; True ; 42 206 248 372 464 487 678 692  ; 4 1 2 5 3 3 2 3 2 1 6 2 1 3 
116.2 ; 6.325e-11 ; True ; 1 148 161 277 372 480 631 692  ; 2 1 2 7 5 2 3 2 2 3 2 2 3 3 
116.3 ; 8.198e-11 ; True ; 24 66 161 224 372 480 503 692  ; 2 1 1 6 5 3 2 3 3 4 2 3 2 3 
141.4 ; 1.002e-10 ; True ; 1 137 175 178 343 372 607 676 678 692  ; 4 1 2 8 7 2 3 3 3 1 5 3 1 4 
163.3 ; 1.582e-10 ; True ; 24 66 161 224 302 372 459 503 528 692  ; 3 1 1 7 6 2 2 3 4 3 3 3 2 5 
180.5 ; 1.842e-10 ; True ; 161 206 240 248 312 372 669 752 846 859  ; 3 1 2 5 4 3 2 3 2 3 4 2 3 3 
199.8 ; 1.91e-10 ; True ; 1 35 295 326 372 386 463 471 565 606 731  ; 2 1 3 8 3 4 2 5 2 3 3 2 2 3 
200.8 ; 1.941e-10 ; True ; 24 47 138 314 372 420 501 524 583 625 744  ; 3 1 2 6 6 4 3 4 3 2 3 2 2 2 
219.7 ; 2.383e-10 ; True ; 161 206 247 256 372 464 645 731 796 818 846  ; 5 1 3 9 3 3 4 3 2 2 4 2 1 6 
223.8 ; 3.729e-10 ; True ; 24 127 144 161 205 304 372 464 607 704 771 829  ; 4 1 3 9 4 3 3 3 3 2 4 3 1 6 
240.4 ; 5.408e-10 ; True ; 1 102 107 220 314 372 464 483 524 549 681 704  ; 5 1 2 8 5 4 3 4 2 1 5 2 4 7 
271 ; 6.216e-10 ; True ; 95 247 248 342 372 463 526 652 653 657 678 728 747  ; 3 1 1 8 7 5 2 3 3 3 4 4 4 4 
300.7 ; 6.755e-10 ; True ; 1 29 132 205 372 399 404 464 489 501 508 566 692 864  ; 7 1 2 13 4 3 2 5 3 2 7 2 2 6 
305.8 ; 1.173e-09 ; True ; 1 14 118 323 344 372 441 479 524 651 662 692 829  ; 2 1 3 8 4 4 3 4 6 2 3 4 5 2 
308.4 ; 1.36e-09 ; True ; 1 92 107 220 272 314 372 464 483 524 549 668 681 729  ; 6 1 2 9 6 4 3 4 3 1 5 3 5 6 
343 ; 3.301e-09 ; True ; 13 107 220 248 339 372 464 480 511 524 537 550 600 859  ; 4 1 2 11 5 6 4 4 6 2 4 3 4 4 
404.1 ; 3.352e-09 ; True ; 4 37 59 95 175 208 248 314 317 372 547 576 584 599 647 692  ; 6 1 1 12 10 7 5 3 5 3 5 3 3 5 
417 ; 3.838e-09 ; True ; 24 35 66 107 290 311 372 377 440 459 515 584 735 747 835  ; 4 1 3 11 4 6 2 5 5 3 5 4 2 6 
530.6 ; 7.259e-09 ; True ; 107 132 213 270 342 372 412 464 513 568 584 674 692 708 820 835 854  ; 6 1 3 11 4 5 3 7 3 2 7 3 4 8 
581 ; 7.763e-09 ; True ; 66 202 239 244 344 372 420 463 495 533 550 564 678 679 682 717 752  ; 3 1 3 9 8 6 4 5 5 3 5 2 6 4 
606.1 ; 9.574e-09 ; True ; 118 120 144 206 372 383 437 515 707 727 752 772 778 823 825 831 865  ; 5 1 3 12 5 5 5 4 5 2 4 4 4 8 
666.3 ; 1.491e-08 ; True ; 205 248 319 342 372 420 437 463 464 524 559 587 622 778 792 796 806 815 820 846  ; 7 1 2 14 6 7 6 4 7 3 6 3 3 6 
764.8 ; 1.777e-08 ; True ; 24 82 118 148 161 247 298 314 354 372 381 471 510 666 683 710 731 752 771 829 835  ; 6 1 3 15 10 5 4 7 4 2 5 5 4 8 
882.5 ; 2.339e-08 ; True ; 1 24 84 91 94 95 108 164 328 329 372 423 480 485 492 595 653 663 680 681 750  ; 4 1 3 13 7 6 4 4 6 3 6 7 4 6 
894.3 ; 2.462e-08 ; True ; 1 107 175 207 286 312 314 337 372 401 431 470 487 566 590 607 646 692 734 740 780 782 859  ; 8 1 3 15 6 6 4 5 4 3 6 4 5 7 
978.8 ; 4.605e-08 ; True ; 1 29 38 132 255 299 309 315 372 376 416 480 524 533 592 637 667 679 681 692 710 770 846  ; 7 1 2 19 7 5 6 6 7 3 8 4 5 9 
1236 ; 5.844e-08 ; True ; 1 14 19 110 172 208 314 372 387 420 463 468 475 508 514 564 593 606 649 657 711 753 796 800 842 853  ; 6 1 2 16 7 6 5 5 6 5 8 5 5 8 
1281 ; 6.683e-08 ; True ; 17 18 24 29 107 161 248 293 295 314 326 372 387 403 404 431 528 578 584 587 625 642 658 682 734 782 827  ; 7 1 3 21 9 6 5 5 5 4 7 7 4 8 
1347 ; 6.968e-08 ; True ; 50 120 149 161 170 209 245 247 248 314 372 418 420 461 464 484 490 495 593 623 643 703 739 751 818 829 838 852 859  ; 7 1 3 20 13 7 4 6 6 4 9 4 5 7 
1352 ; 7.43e-08 ; True ; 1 57 59 72 110 130 146 172 231 245 372 402 498 513 524 581 592 667 682 692 725 748 761 781 804 835 839  ; 9 1 5 17 9 7 6 6 4 2 8 8 4 6 
1412 ; 7.993e-08 ; True ; 1 10 14 54 106 144 163 187 190 219 241 372 414 437 463 503 524 529 550 560 616 645 680 731 733 734 773 845  ; 6 1 4 19 11 9 5 5 5 5 8 5 3 7 
1467 ; 9.764e-08 ; True ; 37 107 137 143 144 206 225 247 313 372 459 515 537 564 592 656 692 707 712 730 735 747 752 754 788 848 856  ; 8 1 2 19 12 6 7 4 10 4 7 7 5 8 

RUN 3:
Optimum Distance: 15.16
Optimal Team: 118,161,372,859,
Required Skills: 0 1 4 5 9 10 11 12 14 15 16 18 23 24 
Distance; Skill Score; isValid; Team; Skill Counts
22.71 ; 8.172e-15 ; True ; 247 344 372 524  ; 1 1 1 2 2 1 1 1 1 1 1 1 1 1 
28.71 ; 2.389e-14 ; True ; 206 372 524 820  ; 1 1 1 1 1 1 1 1 2 1 2 2 1 1 
30.57 ; 3.402e-13 ; True ; 161 372 464 666 692  ; 3 1 1 4 3 1 1 2 1 1 3 1 1 3 
42.52 ; 1.62e-12 ; True ; 1 245 314 366 372 692  ; 2 1 1 3 4 1 3 2 3 1 1 1 3 2 
50.01 ; 1.885e-12 ; True ; 24 107 372 463 629 692  ; 1 1 1 5 3 3 2 3 1 1 2 2 2 2 
50.08 ; 3.515e-12 ; True ; 107 317 372 464 666 692  ; 2 1 1 5 3 2 3 3 1 1 2 2 2 2 
63.09 ; 3.845e-12 ; True ; 1 326 372 480 599 746  ; 1 1 1 5 2 2 2 2 2 2 2 3 2 2 
75.52 ; 5.675e-12 ; True ; 24 144 175 366 372 786 829  ; 2 1 1 6 5 3 2 2 3 1 2 2 1 3 
76.68 ; 9.357e-12 ; True ; 40 107 372 470 524 549 607  ; 2 1 1 6 2 3 2 2 3 1 3 2 2 3 
79.06 ; 1.092e-11 ; True ; 24 182 248 372 463 521 653 692  ; 1 1 1 4 4 3 1 2 3 2 3 2 3 3 
89.81 ; 2.293e-11 ; True ; 24 182 248 372 399 463 653 692  ; 2 1 1 5 5 4 1 2 3 2 4 2 2 3 
97.86 ; 3.204e-11 ; True ; 24 161 190 330 372 524 608 692  ; 3 1 1 5 6 4 2 2 3 1 4 2 2 3 
109.5 ; 3.838e-11 ; True ; 107 144 161 225 369 372 540 731  ; 3 1 2 6 3 4 2 4 2 2 2 1 2 3 
120.3 ; 5.501e-11 ; True ; 24 116 248 372 399 463 653 692 792  ; 3 1 1 6 4 4 2 2 3 2 4 2 2 3 
143.1 ; 5.614e-11 ; True ; 24 161 169 190 289 372 524 608 692 855  ; 5 1 1 7 5 3 2 3 3 1 5 2 2 3 
158.1 ; 7.686e-11 ; True ; 4 24 99 240 372 396 548 607 679 692  ; 4 1 4 8 6 3 2 4 4 1 4 1 1 3 
169.5 ; 2.728e-10 ; True ; 1 118 148 244 325 366 372 464 584 820 829  ; 4 1 2 8 3 2 2 3 3 3 3 2 3 7 
211.3 ; 4.488e-10 ; True ; 15 84 218 228 369 372 437 584 647 678 692 845  ; 4 1 2 9 5 3 4 4 3 2 3 2 2 5 
246.3 ; 6.832e-10 ; True ; 22 24 94 99 107 144 372 397 692 731 768  ; 4 1 2 9 5 7 3 4 4 1 4 3 3 3 
256.3 ; 7.62e-10 ; True ; 1 95 198 294 314 337 369 372 480 564 663 708  ; 3 1 3 7 5 3 3 4 3 2 3 2 4 5 
290.6 ; 1.099e-09 ; True ; 7 114 248 312 314 372 416 420 437 569 648 731 735 752  ; 2 1 3 8 4 3 2 5 4 3 4 3 3 5 
309 ; 1.645e-09 ; True ; 24 94 99 107 117 144 357 372 397 419 549 692 731  ; 4 1 3 11 8 7 3 4 5 1 4 4 2 5 
365.1 ; 2.603e-09 ; True ; 107 220 248 335 345 372 464 480 501 550 607 675 682 739  ; 3 1 3 11 7 7 3 4 4 3 4 3 2 5 
406 ; 3.186e-09 ; True ; 21 66 95 127 159 175 206 253 372 663 692 720 747 852  ; 4 1 3 9 5 3 4 3 4 2 4 7 4 4 
434.8 ; 3.894e-09 ; True ; 17 23 24 39 120 247 343 372 437 584 606 717 735 747 825  ; 7 1 4 8 7 5 2 5 3 3 7 2 2 9 
497.5 ; 3.958e-09 ; True ; 1 107 217 245 372 464 480 599 651 670 679 725 735 785 792 864  ; 6 1 4 11 4 5 4 7 2 3 4 3 3 3 
501.6 ; 5.057e-09 ; True ; 24 47 107 118 213 227 253 288 372 480 487 569 640 654 669 747 859  ; 3 1 3 13 5 8 3 6 4 3 5 3 3 4 
521.9 ; 5.141e-09 ; True ; 18 24 47 107 118 164 213 227 372 480 487 569 640 654 669 747 859  ; 3 1 3 12 6 8 3 5 4 3 4 4 4 3 
525.3 ; 5.957e-09 ; True ; 120 133 144 169 312 323 330 372 464 516 528 532 565 570 607 657 717 823  ; 5 1 4 12 6 4 3 5 4 2 5 3 4 6 
578.3 ; 8.598e-09 ; True ; 62 137 161 219 222 225 253 257 286 372 471 482 515 524 533 678 679 796  ; 5 1 2 10 6 5 3 6 4 5 6 3 4 4 
673 ; 1.443e-08 ; True ; 12 17 56 144 161 215 228 248 257 338 372 420 464 653 692 728 765 820 827  ; 8 1 2 11 6 5 3 4 8 4 6 4 4 5 
695.1 ; 1.538e-08 ; True ; 66 95 99 154 228 248 372 464 474 607 614 642 681 718 725 730 735 805 861  ; 5 1 4 12 4 3 4 5 6 2 7 5 5 6 
729.9 ; 1.564e-08 ; True ; 24 41 149 161 190 211 228 247 252 300 367 369 372 459 503 597 607 616 678 771 859  ; 4 1 4 14 7 4 5 7 5 2 6 3 4 7 
795.6 ; 1.63e-08 ; True ; 1 19 24 47 66 218 248 316 372 404 504 513 540 590 593 608 615 670 692 717  ; 4 1 3 11 9 4 4 4 6 4 6 3 6 5 
846.8 ; 2.057e-08 ; True ; 17 111 144 161 197 215 228 248 257 296 338 372 420 464 483 488 497 653 692 728 820 827  ; 9 1 2 13 7 6 3 4 9 4 6 4 4 6 
853.2 ; 2.342e-08 ; True ; 1 135 187 240 293 306 312 372 411 420 454 463 476 524 528 557 571 607 692 712 717 735  ; 3 1 3 18 11 4 6 4 7 4 6 4 5 5 
912.2 ; 4.976e-08 ; True ; 99 105 106 134 148 229 253 369 372 414 439 443 464 480 524 592 599 614 700 731 743 746 751  ; 6 1 3 19 9 5 4 7 6 4 8 3 5 9 
1333 ; 1.175e-07 ; True ; 66 100 130 137 161 188 219 232 257 355 372 412 417 422 480 496 549 599 606 678 713 775 800 829 859  ; 7 1 4 12 13 5 3 6 6 5 7 7 8 6 
1379 ; 1.405e-07 ; True ; 1 71 187 240 293 316 372 377 404 420 454 463 476 524 528 536 571 589 606 607 640 642 648 692 712 717 794 835 839  ; 4 1 3 24 12 6 7 4 10 5 8 5 8 7 

RUN 4:
Optimum Distance: 15.16
Optimal Team: 118,161,372,859,
Required Skills: 0 1 4 5 9 10 11 12 14 15 16 18 23 24 
Distance; Skill Score; isValid; Team; Skill Counts
24.54 ; 4.188e-14 ; True ; 248 372 565 692  ; 1 1 1 1 2 1 1 2 2 1 1 2 1 1 
35.3 ; 6.307e-14 ; True ; 1 175 372 550 642  ; 1 1 1 4 2 1 2 2 2 1 1 1 1 1 
35.76 ; 1.42e-13 ; True ; 38 248 372 638 692  ; 1 1 1 3 2 2 1 1 2 1 2 1 1 3 
36.55 ; 2.754e-13 ; True ; 1 247 372 692 739  ; 3 1 1 4 2 1 1 2 1 2 2 1 1 2 
43.4 ; 2.817e-13 ; True ; 21 24 40 372 524  ; 1 1 1 4 2 3 1 2 2 1 2 1 1 2 
47.16 ; 3.998e-13 ; True ; 117 175 314 372 515 661  ; 1 1 1 3 4 2 2 1 2 1 2 1 1 3 
48.27 ; 9.635e-13 ; True ; 14 29 107 206 372  ; 2 1 1 3 2 2 1 3 1 1 3 2 1 3 
48.84 ; 1.356e-12 ; True ; 24 144 372 422 524  ; 1 1 1 3 3 3 2 2 3 1 3 2 1 1 
54.84 ; 4.113e-12 ; True ; 1 107 248 314 372 727  ; 1 1 1 3 2 2 2 3 3 2 2 1 3 2 
77.54 ; 1.225e-11 ; True ; 1 148 372 480 485 529 645  ; 2 1 1 6 4 3 2 2 2 2 3 2 1 4 
89.14 ; 1.961e-11 ; True ; 14 24 144 206 289 314 372  ; 3 1 2 3 4 3 2 3 2 2 3 1 1 3 
112.4 ; 2.163e-11 ; True ; 86 99 372 515 524 607 692 813  ; 3 1 1 7 4 3 2 1 5 1 4 2 2 4 
116.6 ; 3.045e-11 ; True ; 95 161 248 372 454 533 565 770  ; 2 1 2 3 3 3 2 4 2 2 3 2 1 3 
118.9 ; 3.153e-11 ; True ; 148 323 372 459 480 485 599 835  ; 2 1 2 5 5 2 2 3 3 1 3 3 1 5 
125.5 ; 5.407e-11 ; True ; 19 29 161 372 437 548 607 796 859  ; 3 1 3 6 4 2 3 3 3 2 4 1 1 3 
136.6 ; 6.189e-11 ; True ; 1 24 372 459 480 503 796 829 832  ; 2 1 2 8 5 2 2 4 4 2 3 2 1 4 
155.7 ; 1.005e-10 ; True ; 1 24 113 144 372 420 598 647 806 829  ; 2 1 2 8 6 4 1 4 4 2 4 3 1 4 
166.5 ; 1.838e-10 ; True ; 206 248 361 372 396 452 480 524 778  ; 2 1 2 3 4 3 3 2 3 2 5 4 2 3 
215.7 ; 2.153e-10 ; True ; 1 95 161 314 349 372 524 543 587 712 831  ; 3 1 1 9 5 3 3 3 3 3 4 3 3 2 
220.8 ; 2.751e-10 ; True ; 108 120 175 199 314 317 372 480 607 713 752  ; 1 1 2 7 6 3 4 4 6 2 3 3 2 3 
227.8 ; 4.54e-10 ; True ; 95 161 184 206 369 372 420 599 606 664 708  ; 5 1 2 8 6 4 1 4 3 2 4 3 3 5 
238.3 ; 6.318e-10 ; True ; 24 46 66 108 222 253 263 372 524 692 729 749  ; 2 1 1 8 4 3 3 4 4 2 6 5 5 3 
278.8 ; 6.336e-10 ; True ; 29 66 99 138 372 396 415 524 614 692 814 845  ; 5 1 1 7 7 2 4 4 5 2 3 5 3 3 
311 ; 1.015e-09 ; True ; 24 137 291 301 314 372 412 431 524 526 606 678 694 752  ; 4 1 2 10 9 4 3 5 4 1 7 2 4 4 
352.6 ; 1.155e-09 ; True ; 29 66 99 138 150 344 372 397 524 554 692 814 815 845  ; 7 1 1 7 6 4 4 2 5 2 4 5 3 5 
353.4 ; 2.682e-09 ; True ; 23 65 175 372 420 463 524 528 599 607 682 814 830 859  ; 4 1 3 10 6 4 4 3 5 1 6 6 3 5 
467.1 ; 4.049e-09 ; True ; 1 29 117 202 247 337 372 464 482 524 603 662 692 711 803 848  ; 6 1 3 12 6 3 4 4 5 2 5 3 3 6 
581.6 ; 5.087e-09 ; True ; 19 24 106 107 118 120 197 224 282 372 405 414 592 600 692 735 749 839  ; 4 1 2 13 6 6 5 5 3 3 4 5 3 4 
582.9 ; 7.293e-09 ; True ; 14 24 47 64 81 148 204 212 224 245 372 420 437 524 735 779 782 849  ; 2 1 4 12 9 7 4 6 3 2 6 4 4 5 
616.3 ; 7.808e-09 ; True ; 66 95 108 140 161 190 224 227 372 443 464 493 642 661 674 681 731 796  ; 3 1 2 10 4 6 3 4 7 3 7 3 5 8 
678.6 ; 1.409e-08 ; True ; 1 245 253 291 314 323 372 378 426 479 480 501 508 576 599 676 678 679 800  ; 7 1 2 14 10 6 5 5 3 5 7 3 4 4 
795.1 ; 1.538e-08 ; True ; 14 24 27 29 119 138 202 221 253 289 302 317 341 372 404 464 491 614 617 692 800  ; 6 1 2 16 6 4 5 7 4 3 7 5 3 7 
829.3 ; 1.815e-08 ; True ; 1 34 71 95 107 122 169 175 236 247 248 259 311 372 483 492 663 664 739 753 846  ; 6 1 3 13 5 5 6 4 3 3 5 5 5 7 
848.2 ; 1.83e-08 ; True ; 1 24 41 57 108 139 147 179 231 314 334 366 372 436 457 524 564 649 727 739 781 795  ; 5 1 4 16 7 7 2 5 5 2 8 5 6 6 
874.8 ; 2.239e-08 ; True ; 3 19 38 291 314 352 372 396 420 441 480 543 548 577 606 675 708 735 781 814 818  ; 5 1 3 13 10 6 5 6 6 3 5 4 4 4 
975.9 ; 2.5e-08 ; True ; 14 47 64 81 148 203 212 224 245 325 372 420 437 504 524 669 718 729 735 770 779 782 849  ; 5 1 3 14 9 7 4 7 3 2 7 6 6 6 
1014 ; 2.808e-08 ; True ; 4 14 19 29 47 68 99 120 154 157 159 299 314 372 374 419 524 540 606 761 831 866  ; 7 1 4 16 11 4 4 7 6 3 10 3 3 6 
1032 ; 3.47e-08 ; True ; 1 54 113 194 231 246 312 326 331 358 372 422 501 550 584 592 607 731 754 815 821 823 827 865  ; 6 1 4 18 6 5 4 4 5 4 6 5 4 8 
1075 ; 4.254e-08 ; True ; 24 59 95 116 161 164 196 206 228 235 264 317 342 351 372 386 469 487 548 565 584 678 820 829  ; 10 1 3 16 12 9 5 5 3 5 10 4 3 6 
1194 ; 4.334e-08 ; True ; 1 14 16 108 118 231 248 277 284 361 372 419 439 469 476 480 560 597 603 663 664 708 730 737 781  ; 5 1 4 19 9 5 3 6 6 4 8 6 3 8 
1218 ; 4.618e-08 ; True ; 1 78 80 150 151 166 219 245 310 326 372 416 434 480 528 531 572 637 749 754 806 835 845 854 859  ; 5 1 4 17 10 7 5 6 6 3 5 6 3 7 
1233 ; 5.184e-08 ; True ; 17 36 55 95 107 117 118 145 161 214 248 329 340 369 372 409 446 489 504 524 585 595 708 835 854  ; 6 1 3 15 9 7 4 6 6 2 7 8 5 9 
1275 ; 5.571e-08 ; True ; 1 16 24 34 107 129 188 228 233 245 256 286 372 404 508 535 603 626 641 652 668 708 725 783 827 845  ; 5 1 4 18 8 4 5 7 6 3 6 5 6 6 
1335 ; 9.368e-08 ; True ; 1 141 148 164 209 247 260 300 302 311 372 396 457 480 484 569 648 669 692 731 746 758 771 791 845 848 856 861  ; 4 1 4 18 9 6 6 4 6 6 7 5 5 7 

RUN 5:
Optimum Distance: 15.16
Optimal Team: 118,161,372,859,
Required Skills: 0 1 4 5 9 10 11 12 14 15 16 18 23 24 
Distance; Skill Score; isValid; Team; Skill Counts
21.74 ; 3.143e-14 ; True ; 1 372 524 577  ; 1 1 1 2 1 1 1 2 1 1 2 1 1 2 
27.65 ; 6.041e-13 ; True ; 1 137 161 314 372  ; 3 1 1 2 3 1 1 2 1 2 3 1 1 3 
47.24 ; 6.891e-13 ; True ; 1 78 130 314 372 420  ; 3 1 1 3 2 2 1 3 2 1 2 1 1 2 
48.1 ; 7.584e-13 ; True ; 107 144 372 379 835  ; 1 1 1 3 2 3 2 3 1 1 2 2 1 2 
49.14 ; 1.062e-12 ; True ; 14 24 372 524 814  ; 1 1 1 3 4 3 2 2 1 1 3 2 1 2 
53.1 ; 1.269e-12 ; True ; 161 372 448 692 729 731  ; 3 1 1 4 2 2 1 2 1 1 3 2 2 2 
55.62 ; 2.087e-12 ; True ; 1 224 231 372 524 606  ; 1 1 1 5 2 2 1 2 2 3 2 2 2 2 
62.78 ; 2.516e-12 ; True ; 1 24 111 284 372 420 692  ; 2 1 2 6 2 2 1 4 2 1 3 1 1 3 
63.11 ; 6.968e-12 ; True ; 99 107 372 606 692 835  ; 2 1 1 4 3 1 2 3 3 1 2 3 3 2 
79.24 ; 8.744e-12 ; True ; 161 372 524 549 607 657 800  ; 2 1 1 6 3 3 2 1 2 1 3 3 3 3 
82.99 ; 9.793e-12 ; True ; 161 207 372 463 692 753 859  ; 4 1 2 5 3 3 1 3 1 2 2 1 2 4 
86.73 ; 1.321e-11 ; True ; 66 146 372 524 692 731 738  ; 3 1 1 5 2 3 2 2 3 1 2 3 3 2 
100.3 ; 1.358e-11 ; True ; 107 161 372 600 692 719 729 731  ; 3 1 1 7 2 3 2 3 1 1 3 3 3 3 
103.3 ; 2.607e-11 ; True ; 99 100 107 247 312 372 464 692  ; 4 1 1 7 4 1 2 3 2 3 2 2 3 3 
111.4 ; 4.529e-11 ; True ; 99 107 120 130 372 606 692 835  ; 2 1 1 5 4 2 2 4 3 1 3 4 3 3 
125.1 ; 7.895e-11 ; True ; 1 110 244 372 524 692 737 753 854  ; 3 1 2 6 3 3 2 3 2 1 4 2 3 5 
126.6 ; 8.074e-11 ; True ; 206 239 248 372 404 464 480 548  ; 3 1 2 4 3 3 3 2 3 2 4 3 1 3 
141.9 ; 1.131e-10 ; True ; 99 107 120 130 207 372 606 692 835  ; 3 1 1 6 5 3 2 4 3 1 3 4 3 4 
172.4 ; 1.226e-10 ; True ; 99 107 120 130 372 606 692 835 839 858  ; 2 1 1 7 6 2 2 5 3 2 3 4 3 3 
190.3 ; 2.558e-10 ; True ; 1 27 29 66 127 144 225 372 581 731  ; 2 1 2 8 2 2 3 4 4 3 3 3 3 3 
197.6 ; 3.18e-10 ; True ; 15 118 206 248 372 404 464 480 548 653  ; 3 1 2 5 3 4 3 3 5 2 4 5 1 3 
229.4 ; 4.476e-10 ; True ; 118 161 190 206 248 372 404 480 503 548 692  ; 4 1 1 7 6 5 4 2 6 3 4 5 1 3 
261.6 ; 4.958e-10 ; True ; 107 217 220 332 372 480 550 600 607 731 751 804  ; 4 1 2 11 4 6 3 3 3 2 4 2 2 5 
279.3 ; 1.024e-09 ; True ; 1 27 29 66 127 133 140 144 225 372 581 731  ; 2 1 2 8 3 3 3 4 4 3 4 3 5 4 
322.7 ; 1.126e-09 ; True ; 24 25 99 107 113 120 257 314 317 372 507 550 581 600  ; 3 1 1 10 6 5 5 4 4 2 5 2 4 5 
344.2 ; 1.528e-09 ; True ; 18 99 100 107 150 161 193 372 464 501 517 564 692 735  ; 5 1 2 10 8 4 2 4 2 3 5 4 4 4 
354.2 ; 1.791e-09 ; True ; 95 148 170 287 372 508 515 524 592 622 739 747 753 773  ; 5 1 2 10 5 7 4 3 4 1 6 3 4 5 
402.3 ; 3.882e-09 ; True ; 107 189 248 253 369 372 399 471 515 554 692 713 781 800 840  ; 4 1 3 10 4 6 3 6 2 3 5 4 3 5 
461.5 ; 3.986e-09 ; True ; 18 99 107 145 161 372 450 460 464 501 517 638 679 692 735 859  ; 5 1 4 11 7 5 2 5 2 3 5 4 4 4 
503.9 ; 4.788e-09 ; True ; 1 26 70 118 178 245 280 283 286 372 389 463 470 480 606 778 859  ; 2 1 2 11 6 5 4 4 5 5 3 4 5 4 
565.4 ; 1.305e-08 ; True ; 1 23 107 140 189 248 253 355 369 372 399 401 471 515 692 713 800 840  ; 5 1 3 12 7 7 3 7 2 4 8 3 4 7 
589.2 ; 1.809e-08 ; True ; 107 179 189 248 253 366 369 372 471 515 554 568 606 692 713 781 800 840  ; 4 1 3 12 5 6 4 6 3 4 5 4 5 7 
678.7 ; 2.314e-08 ; True ; 1 44 132 134 206 249 369 372 375 399 457 480 524 557 569 592 654 692 747 786  ; 5 1 4 14 7 4 4 4 5 3 9 4 5 6 
796 ; 2.669e-08 ; True ; 24 40 100 107 172 220 302 372 420 437 504 569 640 645 652 670 692 696 751 848 859  ; 5 1 3 13 6 5 4 5 4 4 5 4 7 7 
974.3 ; 3.048e-08 ; True ; 1 21 61 109 133 163 233 239 248 326 372 433 464 480 492 572 592 648 651 666 751 838 859  ; 4 1 3 13 6 5 5 6 4 4 6 4 6 6 
1045 ; 4.132e-08 ; True ; 108 344 355 372 429 455 464 480 485 625 647 651 652 657 670 692 725 730 731 760 798 829 832 846  ; 4 1 4 19 6 4 3 7 7 2 8 7 7 8 
1081 ; 4.958e-08 ; True ; 1 19 31 35 47 84 93 100 107 108 113 135 228 372 407 460 520 607 608 666 692 698 708 818 845  ; 5 1 3 19 13 4 6 6 6 4 5 4 6 7 
1285 ; 5.854e-08 ; True ; 205 245 246 253 257 343 367 372 374 443 463 480 492 497 524 536 595 606 660 695 713 725 809 835 846  ; 6 1 4 14 5 6 5 4 7 4 5 6 5 6 
1300 ; 7.017e-08 ; True ; 8 125 137 179 182 188 228 294 312 343 372 420 492 501 524 533 560 594 597 614 648 679 682 691 729 773 800 845  ; 8 1 2 21 12 8 5 5 6 4 6 7 6 6 
1330 ; 7.146e-08 ; True ; 1 42 161 227 240 251 356 366 372 413 494 524 573 584 646 652 678 694 708 713 731 740 754 802 829 839 851 861  ; 6 1 3 22 10 6 5 6 5 4 9 4 6 7 
1441 ; 9.54e-08 ; True ; 14 15 131 151 161 173 189 213 228 267 286 310 329 336 372 389 474 507 524 526 565 603 650 692 798 835 845  ; 7 1 4 17 10 7 4 5 5 5 5 7 5 8 
1563 ; 1.056e-07 ; True ; 8 70 73 107 108 124 134 159 221 228 231 263 372 396 420 480 490 662 679 680 692 695 700 731 751 753 757 762  ; 6 1 4 18 9 7 5 10 7 3 6 7 5 4 

RUN 6:
Optimum Distance: 15.16
Optimal Team: 118,161,372,859,
Required Skills: 0 1 4 5 9 10 11 12 14 15 16 18 23 24 
Distance; Skill Score; isValid; Team; Skill Counts
31.37 ; 6.083e-14 ; True ; 164 372 607 638 692  ; 1 1 2 4 2 1 1 1 2 1 1 1 1 2 
38.01 ; 4.115e-13 ; True ; 161 220 314 372 835  ; 3 1 1 2 3 2 1 2 1 1 2 1 1 3 
45.22 ; 5.365e-13 ; True ; 29 323 372 480 692  ; 2 1 1 3 3 1 2 3 3 1 1 2 1 1 
49.32 ; 6.19e-13 ; True ; 95 206 248 372 678  ; 1 1 1 2 3 2 2 2 1 1 3 2 1 2 
52.13 ; 3.955e-12 ; True ; 1 248 315 372 412 692  ; 3 1 1 4 3 3 1 2 2 2 3 1 1 4 
60.76 ; 5.975e-12 ; True ; 24 108 164 245 372 638 692  ; 1 1 2 5 4 2 2 3 3 1 2 1 2 3 
79.95 ; 6.549e-12 ; True ; 144 372 399 524 607 681 708  ; 1 1 1 6 4 3 2 2 4 1 4 1 3 2 
82.83 ; 8.956e-12 ; True ; 107 248 372 437 464 517 823  ; 2 1 2 4 3 2 2 3 1 1 3 2 2 3 
87.37 ; 1.028e-11 ; True ; 1 161 270 306 372 524 681  ; 2 1 2 5 3 3 1 3 1 2 4 1 2 4 
96.34 ; 1.838e-11 ; True ; 1 245 332 372 515 524 576 845  ; 2 1 1 6 4 4 2 2 2 3 3 1 2 3 
105.7 ; 2.422e-11 ; True ; 1 63 125 372 464 471 480 524  ; 3 1 2 6 2 3 2 4 2 2 3 2 1 2 
107.9 ; 2.775e-11 ; True ; 94 239 248 286 314 372 463 835  ; 1 1 1 2 4 3 2 2 3 3 3 3 2 3 
109.2 ; 2.961e-11 ; True ; 1 53 80 161 372 524 746 848  ; 2 1 1 4 3 2 2 3 3 2 4 2 2 3 
110.8 ; 4.495e-11 ; True ; 99 107 372 464 606 746 747 829  ; 4 1 1 7 4 2 1 3 5 1 3 3 4 3 
112.5 ; 9.443e-11 ; True ; 1 214 314 315 369 372 524 673 692  ; 4 1 2 6 4 2 3 3 3 1 2 2 3 5 
127.6 ; 1.303e-10 ; True ; 66 312 372 379 464 524 638 692 795  ; 3 1 2 7 3 2 2 2 3 3 3 3 3 3 
156.8 ; 1.374e-10 ; True ; 1 24 64 204 248 289 314 372 422 661  ; 3 1 2 3 4 3 1 5 3 2 5 2 2 4 
162.5 ; 1.907e-10 ; True ; 1 24 64 248 289 314 337 372 422 661  ; 4 1 2 3 4 3 1 5 3 2 5 2 2 5 
184.7 ; 1.944e-10 ; True ; 1 66 154 220 366 372 524 577 781 829  ; 4 1 2 7 4 3 1 3 3 2 3 4 3 4 
190.8 ; 1.975e-10 ; True ; 99 107 372 464 515 550 746 747 808 829  ; 4 1 1 9 5 3 2 3 5 1 4 3 4 4 
192.7 ; 2.522e-10 ; True ; 66 312 372 379 383 464 524 584 692 795 803  ; 4 1 1 9 4 3 2 2 3 4 4 3 3 4 
205.4 ; 2.647e-10 ; True ; 66 281 312 372 379 464 524 638 692 821 829  ; 4 1 2 9 5 2 2 2 4 2 3 4 4 3 
212.9 ; 3.524e-10 ; True ; 4 59 161 372 420 449 524 663 692 786 816  ; 4 1 2 9 4 3 2 4 4 1 5 3 3 4 
233 ; 4.277e-10 ; True ; 1 24 171 314 372 373 480 568 599 660 845  ; 4 1 2 8 6 5 3 3 2 3 3 2 2 5 
237.8 ; 5.586e-10 ; True ; 13 14 64 175 187 247 248 372 464 568 753 865  ; 4 1 2 8 5 3 2 4 3 3 3 2 3 6 
250.3 ; 8.04e-10 ; True ; 24 34 100 144 207 253 372 404 442 524 689 692  ; 2 1 1 9 7 4 4 3 5 3 4 3 3 5 
291.8 ; 8.554e-10 ; True ; 1 66 133 149 154 220 366 372 524 577 657 781 829  ; 4 1 2 9 4 4 1 4 3 2 4 5 5 6 
334.8 ; 9.288e-10 ; True ; 19 24 206 305 372 404 436 528 550 595 752 804 845  ; 4 1 2 9 6 3 4 3 4 2 3 3 3 5 
340.1 ; 1.576e-09 ; True ; 1 24 86 148 149 164 180 221 314 372 524 575 651 846  ; 2 1 2 11 6 6 4 5 3 2 3 3 4 6 
380.3 ; 1.942e-09 ; True ; 23 24 66 102 119 372 420 501 524 565 653 660 712 731  ; 3 1 3 8 5 6 1 5 4 3 5 4 3 5 
397.8 ; 2.234e-09 ; True ; 8 61 118 148 314 329 372 408 463 464 480 533 534 597 726 796  ; 4 1 2 12 7 6 6 5 6 2 3 3 2 3 
433.1 ; 2.664e-09 ; True ; 1 14 29 152 196 248 326 372 528 580 608 786 800 835 858  ; 4 1 2 10 7 2 3 5 3 3 7 4 3 8 
445 ; 2.98e-09 ; True ; 1 48 148 161 228 296 372 392 420 597 624 725 739 845 850 856  ; 6 1 2 11 6 4 3 4 4 3 6 2 4 5 
474.1 ; 3.437e-09 ; True ; 14 15 139 186 247 314 372 375 403 464 480 654 692 735 787 835  ; 5 1 3 10 7 3 3 5 3 3 4 4 3 5 
496.5 ; 4.142e-09 ; True ; 1 14 29 54 86 196 214 248 326 372 444 528 540 726 800 835  ; 5 1 2 10 7 4 3 5 3 3 6 5 2 9 
529.2 ; 5.3e-09 ; True ; 104 144 161 184 204 248 298 312 372 418 437 464 592 670 679 681 692  ; 4 1 2 9 6 4 4 3 4 5 5 4 4 4 
540 ; 6.681e-09 ; True ; 24 34 100 144 199 207 253 270 372 404 442 479 517 524 548 689 692  ; 3 1 2 12 9 5 4 4 5 3 6 4 4 5 
634.9 ; 6.798e-09 ; True ; 29 45 85 118 144 190 214 245 247 355 372 459 464 524 540 663 679 748 784  ; 7 1 2 12 11 5 4 4 7 3 6 2 3 6 
646.8 ; 9.226e-09 ; True ; 1 8 133 188 247 372 414 444 480 524 540 607 615 677 680 703 752 753 815  ; 5 1 3 10 7 5 2 6 4 3 6 3 5 7 
659.7 ; 9.295e-09 ; True ; 1 96 107 117 137 151 161 372 443 480 507 550 683 698 725 753 756 770  ; 5 1 4 13 6 4 3 6 3 4 5 5 2 7 
661.2 ; 1.225e-08 ; True ; 1 49 147 149 248 270 326 337 372 422 460 475 476 524 584 592 692 694 754  ; 4 1 2 13 6 4 5 4 7 3 5 5 5 5 
730.1 ; 2.344e-08 ; True ; 14 29 83 148 286 316 372 412 437 480 488 535 592 595 752 753 754 781 823  ; 7 1 3 13 8 5 5 5 5 3 3 5 5 7 
774 ; 3.238e-08 ; True ; 8 61 118 137 148 253 314 323 329 371 372 408 454 463 464 480 533 597 654 726 796  ; 5 1 3 14 8 6 7 7 7 3 5 4 3 5 
1014 ; 3.319e-08 ; True ; 25 29 101 117 138 159 163 175 248 316 321 344 353 372 420 468 524 653 679 746 763 792 829  ; 6 1 3 16 11 7 4 4 8 2 6 7 6 5 
1019 ; 3.557e-08 ; True ; 14 94 99 127 159 161 187 222 235 242 245 344 372 379 398 480 530 729 735 754 759 851 859  ; 5 1 4 15 10 5 4 4 5 3 8 6 5 6 
1062 ; 4.276e-08 ; True ; 134 135 206 220 228 248 290 317 372 425 480 486 632 653 668 708 731 764 795 814 835 864  ; 7 1 3 13 8 6 4 5 6 4 6 5 5 5 
1205 ; 4.355e-08 ; True ; 35 117 164 173 220 314 337 345 372 485 573 580 608 617 638 653 692 708 783 795 798 804 835 838 845 859  ; 8 1 4 15 11 4 3 5 6 3 5 5 7 10 
1243 ; 6.077e-08 ; True ; 1 46 144 231 240 270 327 339 372 420 463 480 492 511 603 606 662 670 686 697 758 783 818 825 835  ; 5 1 4 16 8 6 6 5 8 5 7 4 3 5 
1250 ; 1.018e-07 ; True ; 1 8 47 129 133 144 188 286 317 337 372 461 480 504 524 547 548 575 607 703 710 714 741 752 753  ; 7 1 4 15 12 7 5 6 5 5 6 4 6 6 

RUN 7:
Optimum Distance: 15.16
Optimal Team: 118,161,372,859,
Required Skills: 0 1 4 5 9 10 11 12 14 15 16 18 23 24 
Distance; Skill Score; isValid; Team; Skill Counts
25.68 ; 3.167e-14 ; True ; 14 372 692 781  ; 1 1 1 3 2 1 1 2 1 1 1 2 1 1 
34.65 ; 2.031e-13 ; True ; 1 227 372 661 692  ; 1 1 1 3 2 1 1 2 2 1 2 1 2 2 
35.59 ; 3.17e-13 ; True ; 1 95 227 372 692  ; 1 1 1 4 2 1 2 2 2 1 1 2 3 1 
41.32 ; 3.529e-13 ; True ; 290 314 372 480 835  ; 2 1 1 2 2 2 2 2 2 1 1 2 1 1 
43.25 ; 3.954e-13 ; True ; 372 463 524 770 835  ; 1 1 1 3 1 2 1 3 1 1 4 2 1 3 
44.36 ; 5.68e-13 ; True ; 107 206 372 470 480  ; 2 1 1 3 1 2 2 2 1 1 2 3 1 2 
49.09 ; 6.929e-12 ; True ; 161 369 372 524 666 692  ; 2 1 1 5 4 2 2 2 2 1 3 2 2 3 
67.8 ; 9.154e-12 ; True ; 129 369 372 515 524 666 692  ; 2 1 1 6 3 2 2 2 2 1 4 2 2 4 
74.54 ; 1.182e-11 ; True ; 369 372 515 524 549 666 692  ; 2 1 1 6 4 3 2 2 2 1 3 2 2 4 
92.16 ; 1.869e-11 ; True ; 4 95 144 161 372 464 616  ; 2 1 2 6 3 3 3 3 2 2 2 2 1 2 
112.4 ; 2.978e-11 ; True ; 148 363 372 420 464 480 692 703  ; 4 1 1 5 3 2 3 3 3 1 2 2 3 3 
117.9 ; 3.232e-11 ; True ; 29 66 138 372 480 509 731 845  ; 2 1 1 4 3 3 2 3 3 3 2 3 1 4 
129.8 ; 3.754e-11 ; True ; 144 148 363 372 420 464 471 660 692  ; 6 1 1 6 3 4 3 4 3 1 2 1 2 4 
142.6 ; 6.006e-11 ; True ; 48 245 372 420 606 692 731 741 866  ; 3 1 1 6 4 3 2 3 4 1 3 2 4 3 
153.3 ; 1.902e-10 ; True ; 4 64 100 144 317 372 464 524 645  ; 2 1 2 7 4 4 3 4 3 3 2 2 3 2 
193.3 ; 1.944e-10 ; True ; 326 372 442 471 480 629 692 825 835 845  ; 4 1 2 5 4 3 3 3 2 2 2 4 2 4 
214.5 ; 2.769e-10 ; True ; 1 95 107 301 372 420 471 577 597 845 852  ; 5 1 1 8 4 5 3 5 2 2 3 3 2 4 
222.2 ; 3.088e-10 ; True ; 4 64 100 144 317 372 394 464 524 645 796  ; 2 1 2 9 4 4 4 4 4 3 2 2 3 2 
246.8 ; 3.194e-10 ; True ; 1 94 98 107 111 144 247 314 372 565 606 625  ; 2 1 2 9 5 4 3 4 4 5 1 3 3 2 
252.2 ; 5.367e-10 ; True ; 29 144 245 253 372 524 625 658 663 746 825  ; 2 1 2 7 4 2 3 3 5 3 4 3 4 3 
304.3 ; 1.033e-09 ; True ; 1 35 66 78 107 151 258 343 372 418 647 678 692  ; 4 1 1 10 6 5 4 5 3 2 5 3 3 4 
306.3 ; 1.12e-09 ; True ; 1 14 94 144 150 245 294 372 464 647 654 657 804 846  ; 2 1 2 12 5 5 3 3 3 3 5 3 3 6 
352.8 ; 1.25e-09 ; True ; 1 118 175 330 372 412 464 568 657 804 818 835 849 859  ; 3 1 4 9 4 4 4 5 2 1 5 4 3 5 
362.6 ; 1.46e-09 ; True ; 1 66 95 100 208 220 245 304 319 334 372 422 708 731  ; 4 1 2 9 6 4 2 4 5 3 3 3 5 3 
414.2 ; 1.675e-09 ; True ; 1 42 66 78 95 107 229 343 372 502 678 685 692 735 810  ; 4 1 2 11 7 5 4 5 2 3 3 5 4 2 
417.8 ; 2.021e-09 ; True ; 18 24 52 107 173 228 253 372 441 464 581 663 715 820 829  ; 3 1 3 7 4 2 3 5 4 2 5 3 5 6 
449.2 ; 2.763e-09 ; True ; 4 27 64 100 113 144 317 319 372 394 464 504 524 753 779  ; 3 1 3 10 6 5 3 5 4 3 3 4 5 2 
458.1 ; 3.567e-09 ; True ; 1 84 255 317 364 372 412 474 526 528 547 548 578 681 692 759 829  ; 7 1 2 14 8 5 5 3 5 2 4 4 3 4 
517.3 ; 3.805e-09 ; True ; 104 141 161 164 248 372 455 457 474 524 565 569 612 726 752 845 861  ; 3 1 2 11 8 6 3 3 5 5 4 4 3 4 
525.7 ; 3.975e-09 ; True ; 1 188 293 314 318 372 399 463 474 507 524 593 600 608 711 726 731 810  ; 5 1 2 13 7 5 4 3 4 3 7 3 3 5 
570.3 ; 4.679e-09 ; True ; 1 29 54 139 212 245 267 274 317 372 480 485 491 524 600 645 814  ; 4 1 1 14 8 6 5 3 5 3 7 4 3 8 
571.1 ; 5.592e-09 ; True ; 42 245 248 355 372 463 480 502 515 524 577 614 635 657 682 822 835 855  ; 2 1 2 12 7 7 3 4 4 4 7 5 3 6 
581.1 ; 6.001e-09 ; True ; 24 117 118 206 239 247 310 332 350 372 524 614 633 667 689 692 758 835  ; 4 1 4 12 7 5 4 4 5 1 5 5 4 6 
620 ; 7.29e-09 ; True ; 70 84 140 150 248 249 300 359 372 463 507 592 607 692 713 770 786 846 859  ; 4 1 3 10 4 4 3 4 4 3 5 4 6 6 
636 ; 9.982e-09 ; True ; 1 34 43 60 135 233 248 314 372 418 480 524 666 697 704 731 745 835  ; 4 1 3 12 6 4 4 5 5 3 8 3 3 7 
658.5 ; 1.182e-08 ; True ; 42 227 245 248 254 370 372 463 480 502 515 524 614 635 657 682 692 835 855  ; 2 1 2 13 6 7 5 3 6 4 6 7 5 4 
790.2 ; 1.205e-08 ; True ; 23 47 206 248 253 256 294 365 372 415 428 488 526 550 584 614 692 830 840 846 859  ; 7 1 4 14 5 2 4 6 4 3 7 3 5 6 
796.8 ; 1.496e-08 ; True ; 6 24 47 66 105 129 194 211 372 412 476 524 553 606 607 664 682 692 768 814 826  ; 8 1 4 16 8 4 3 5 5 2 6 5 4 6 
823.8 ; 1.553e-08 ; True ; 4 98 115 148 228 355 372 477 480 486 538 565 577 599 708 729 741 747 753 820 845  ; 6 1 3 15 9 5 3 7 8 3 3 3 4 8 
824.3 ; 2.033e-08 ; True ; 42 245 248 355 372 463 480 489 515 524 577 614 635 657 682 702 753 810 822 835 846  ; 2 1 3 14 9 7 4 5 4 4 7 6 4 7 
976.9 ; 2.325e-08 ; True ; 37 147 179 246 247 254 314 372 404 418 423 471 509 515 524 527 535 548 549 638 713 731 746 829 865  ; 8 1 3 19 7 9 4 3 5 2 7 5 5 9 
1011 ; 2.461e-08 ; True ; 1 84 110 115 137 144 164 188 205 251 270 289 372 404 422 464 506 507 509 524 614 639 746 782 805  ; 8 1 3 16 4 6 3 6 6 4 6 5 3 6 
1015 ; 2.502e-08 ; True ; 14 23 24 30 48 95 100 120 137 144 145 155 185 292 372 457 513 551 568 607 646 708 829  ; 4 1 3 13 11 7 3 6 4 3 8 4 6 7 
1019 ; 2.903e-08 ; True ; 1 28 107 137 227 234 239 358 372 528 543 550 679 682 717 731 737 747 757 779 812 835 855  ; 4 1 4 18 10 5 5 5 5 2 7 6 5 6 
1060 ; 4.342e-08 ; True ; 1 19 38 73 80 107 151 158 175 228 286 312 314 344 372 379 465 479 569 708 733 747 751 838 840  ; 5 1 2 18 15 6 5 5 5 6 7 5 5 5 
1133 ; 4.358e-08 ; True ; 24 66 120 137 144 148 222 228 270 277 293 372 423 462 465 513 525 537 540 592 606 681 753 768 820  ; 5 1 4 16 12 6 4 5 6 5 5 2 8 7 
1176 ; 6.273e-08 ; True ; 1 4 120 126 127 137 140 144 148 201 225 247 295 372 420 422 516 547 566 663 675 723 818 835  ; 7 1 4 15 10 7 4 6 5 3 6 4 6 9 
1319 ; 1.116e-07 ; True ; 1 82 116 142 227 228 231 247 253 317 343 369 372 382 422 464 480 526 581 633 713 731 738 792 841 846 855  ; 9 1 6 22 6 6 6 7 4 5 5 4 4 8 
1337 ; 1.401e-07 ; True ; 5 41 132 137 164 175 233 248 313 372 396 420 475 479 480 524 551 581 625 663 727 749 781 829 845 846 860  ; 5 1 3 20 9 7 5 6 9 5 6 7 7 5 

RUN 8:
Optimum Distance: 15.16
Optimal Team: 118,161,372,859,
Required Skills: 0 1 4 5 9 10 11 12 14 15 16 18 23 24 
Distance; Skill Score; isValid; Team; Skill Counts
22.36 ; 3.252e-14 ; True ; 372 524 584 859  ; 1 1 1 2 1 1 1 2 1 1 2 1 2 1 
25.41 ; 1.501e-13 ; True ; 372 480 692 835  ; 1 1 1 2 2 1 2 2 2 1 1 3 1 1 
36.23 ; 2.534e-13 ; True ; 372 464 524 659 845  ; 3 1 1 3 2 2 1 2 1 1 2 1 1 2 
38.34 ; 1.005e-12 ; True ; 107 372 480 485 825  ; 1 1 1 3 2 2 2 2 2 1 2 3 1 2 
40.11 ; 4.493e-12 ; True ; 161 372 480 692 835  ; 2 1 1 3 3 2 2 2 2 2 2 3 1 2 
63.63 ; 1.19e-11 ; True ; 161 202 372 480 692 835  ; 3 1 1 4 3 3 2 2 2 2 3 3 1 2 
83.44 ; 1.479e-11 ; True ; 78 161 290 372 480 692 835  ; 4 1 1 5 4 4 2 2 2 2 2 3 1 2 
85.25 ; 2.935e-11 ; True ; 64 161 290 372 480 692 835  ; 3 1 1 4 3 3 2 3 2 2 2 4 2 2 
103.9 ; 4.727e-11 ; True ; 1 95 161 172 372 461 607 829  ; 3 1 2 6 3 2 2 2 2 2 4 2 2 4 
118.8 ; 6.805e-11 ; True ; 1 95 161 372 461 707 829 835  ; 2 1 2 6 3 2 3 3 2 2 3 3 2 3 
145.6 ; 7.103e-11 ; True ; 1 372 485 515 692 725 759 780 846  ; 2 1 2 6 3 2 2 3 2 2 4 3 2 4 
157.7 ; 1.74e-10 ; True ; 19 24 96 247 372 515 524 692 825  ; 3 1 2 7 5 3 3 2 2 3 4 2 2 4 
159.6 ; 3.031e-10 ; True ; 24 107 247 314 372 493 747 749 835  ; 4 1 2 5 4 4 3 4 3 1 4 3 2 4 
256.6 ; 4.727e-10 ; True ; 93 118 253 312 372 409 527 692 735 748 829 835  ; 3 1 2 7 4 3 2 4 4 2 4 6 2 3 
288.7 ; 6.504e-10 ; True ; 14 47 86 207 317 326 372 663 692 733 754 835  ; 3 1 3 8 8 4 4 3 2 2 2 4 3 4 
301.4 ; 7.105e-10 ; True ; 14 113 207 317 372 420 653 663 668 692 761 794 825  ; 6 1 2 6 5 4 3 2 3 2 4 3 3 5 
305.4 ; 7.195e-10 ; True ; 19 32 148 198 372 420 431 480 524 626 729 831 859  ; 4 1 1 10 4 4 4 4 3 2 4 4 4 3 
321.2 ; 7.836e-10 ; True ; 107 248 372 412 463 524 532 607 631 703 746 758 845 854  ; 3 1 1 10 4 7 2 2 5 3 5 3 4 6 
330.8 ; 8.122e-10 ; True ; 1 107 151 187 326 372 411 442 584 607 651 658 692 704  ; 3 1 2 11 4 3 3 4 2 2 4 4 4 6 
331.9 ; 1.313e-09 ; True ; 19 23 38 257 337 372 464 524 526 606 658 663 692 741  ; 5 1 3 9 5 2 3 3 4 2 4 3 5 4 
361.3 ; 1.87e-09 ; True ; 1 24 67 86 140 312 317 372 474 524 592 597 598 851  ; 2 1 2 11 7 5 5 3 4 3 5 3 3 4 
363.5 ; 2.605e-09 ; True ; 24 107 155 247 314 372 493 547 550 747 749 781 835  ; 5 1 3 7 6 6 4 5 4 1 4 4 3 4 
368.9 ; 2.648e-09 ; True ; 1 24 31 234 314 372 464 471 480 550 596 608 752 797 845  ; 7 1 3 12 9 5 3 6 4 3 4 1 3 5 
392.4 ; 4.261e-09 ; True ; 14 86 207 317 326 372 420 663 692 733 754 794 825 835  ; 6 1 3 10 7 5 4 3 3 2 5 4 3 7 
525 ; 5.128e-09 ; True ; 1 14 19 24 45 220 267 314 372 386 493 510 597 753 771 838 859  ; 4 1 4 11 7 4 5 5 3 3 4 3 2 7 
540.3 ; 5.276e-09 ; True ; 1 29 58 95 105 106 206 247 248 326 367 372 445 464 531 625 718  ; 7 1 3 11 5 4 2 5 2 4 6 5 3 7 
555 ; 6.573e-09 ; True ; 118 167 248 288 372 379 457 480 539 584 607 638 657 671 829 831 845  ; 5 1 3 13 5 6 2 3 6 4 4 5 3 6 
575.2 ; 7.334e-09 ; True ; 12 21 159 311 372 420 463 480 550 557 600 609 692 725 747 752 854  ; 5 1 2 13 6 7 3 5 7 2 6 3 4 6 
656.5 ; 8.509e-09 ; True ; 4 9 24 107 151 372 420 503 549 597 666 692 708 710 738 814 825 845  ; 10 1 3 15 9 6 4 7 5 1 6 3 3 8 
663 ; 1.309e-08 ; True ; 1 4 32 81 239 280 306 367 369 372 464 501 529 550 569 692 735 754 785  ; 7 1 5 15 8 6 4 6 5 3 3 3 3 4 
673.4 ; 1.739e-08 ; True ; 1 56 95 144 161 242 291 332 338 372 448 464 524 598 606 790 820 859 866  ; 4 1 3 14 7 8 3 4 4 5 7 4 5 4 
783.6 ; 3.121e-08 ; True ; 1 4 19 60 95 137 141 222 227 245 280 309 372 446 474 584 661 678 708 835 845  ; 3 1 3 14 10 3 5 6 7 4 7 4 5 8 
982.7 ; 3.72e-08 ; True ; 148 175 240 253 277 314 372 463 464 470 485 507 510 524 551 565 570 597 613 614 627 661 754 764  ; 4 1 3 19 9 3 7 6 6 3 8 5 4 9 
1054 ; 3.767e-08 ; True ; 94 118 137 138 172 314 323 369 372 385 427 485 524 660 662 668 682 730 731 771 795 797 845  ; 7 1 4 12 10 6 5 4 7 2 6 8 3 8 
1127 ; 4.155e-08 ; True ; 8 23 99 224 253 283 366 372 420 454 486 493 515 524 543 584 638 651 659 718 719 727 735 845 861  ; 6 1 2 16 5 7 4 7 7 5 7 4 3 11 
1153 ; 4.342e-08 ; True ; 1 228 232 293 340 365 372 389 399 419 459 464 484 491 515 565 580 606 692 694 741 780 800 844 845  ; 9 1 4 19 10 6 3 5 5 4 6 4 5 7 
1153 ; 4.415e-08 ; True ; 1 20 23 29 89 97 178 283 311 369 372 524 551 568 595 598 625 692 725 735 747 785 795 829 856  ; 7 1 4 17 10 5 3 7 7 3 6 5 4 7 
1176 ; 7.557e-08 ; True ; 1 4 32 280 282 286 306 362 369 372 422 464 501 529 544 550 569 614 648 674 692 735 754 780 796  ; 6 1 5 17 9 5 4 7 7 4 7 6 3 6 
1216 ; 1.031e-07 ; True ; 1 129 137 159 161 224 225 253 263 271 323 339 355 372 420 432 492 528 536 551 559 569 606 633 692 822 854  ; 6 1 3 20 10 4 4 8 7 6 9 5 4 10 

RUN 9:
Optimum Distance: 15.16
Optimal Team: 118,161,372,859,
Required Skills: 0 1 4 5 9 10 11 12 14 15 16 18 23 24 
Distance; Skill Score; isValid; Team; Skill Counts
21.65 ; 3.391e-14 ; True ; 1 372 524 570  ; 1 1 1 3 1 1 1 2 1 1 2 1 1 2 
30.36 ; 1.64e-13 ; True ; 1 139 369 372 692  ; 1 1 2 4 2 1 1 3 1 1 2 1 1 2 
34.24 ; 1.201e-12 ; True ; 24 118 161 372 829  ; 2 1 1 4 3 3 1 2 2 1 2 2 1 2 
51.74 ; 1.917e-12 ; True ; 24 118 161 372 829 856  ; 2 1 1 5 4 3 1 2 2 1 3 2 1 2 
54.83 ; 4.931e-12 ; True ; 1 95 137 372 464 606  ; 2 1 2 4 3 1 1 3 1 2 3 2 2 3 
74.43 ; 6.696e-12 ; True ; 1 95 137 334 372 464 606  ; 3 1 2 5 3 1 1 3 1 2 3 2 2 3 
86.49 ; 8.984e-12 ; True ; 1 107 248 314 372 409 433  ; 2 1 1 2 2 2 2 3 3 2 2 2 2 2 
89 ; 1.413e-11 ; True ; 53 248 314 372 480 662 731  ; 2 1 1 2 3 3 2 2 4 2 3 1 2 3 
96.64 ; 1.582e-11 ; True ; 107 277 372 414 480 524 731  ; 1 1 2 6 3 5 3 3 2 1 2 3 3 1 
105 ; 1.895e-11 ; True ; 24 118 161 372 608 616 795 829  ; 3 1 1 7 4 3 2 2 2 2 3 3 1 3 
116.4 ; 2.041e-11 ; True ; 24 79 144 206 247 248 372 859  ; 2 1 3 4 4 3 1 3 2 3 3 1 1 4 
118.9 ; 2.674e-11 ; True ; 95 110 248 372 550 565 735 829  ; 2 1 2 3 4 3 2 3 3 1 2 4 3 1 
124.7 ; 2.798e-11 ; True ; 1 107 248 314 369 372 432 616 648  ; 1 1 2 6 2 2 3 4 2 2 2 2 3 3 
124.9 ; 5.604e-11 ; True ; 24 59 83 95 372 480 524 831  ; 2 1 1 6 4 4 3 4 2 1 3 4 2 3 
155.4 ; 6.305e-11 ; True ; 107 137 225 372 412 439 480 731 771  ; 3 1 1 6 3 4 3 3 2 1 3 4 2 4 
165.8 ; 8.646e-11 ; True ; 23 24 372 462 524 528 666 692 739 768  ; 4 1 1 8 5 4 3 2 3 1 5 3 2 3 
171.4 ; 9.411e-11 ; True ; 94 372 524 570 614 660 678 692 835 839  ; 3 1 1 8 5 3 3 4 3 1 3 4 2 3 
184.7 ; 1.723e-10 ; True ; 161 231 372 412 452 682 692 820 835 846  ; 4 1 2 6 4 3 2 2 2 2 4 6 2 3 
190.2 ; 2.343e-10 ; True ; 107 277 372 414 480 508 524 731 770 855  ; 3 1 2 9 3 6 3 4 2 1 4 3 3 3 
212.9 ; 2.934e-10 ; True ; 105 144 179 372 464 524 661 747 754 780 820  ; 4 1 1 7 6 5 3 3 5 2 6 2 1 6 
242.6 ; 3.927e-10 ; True ; 95 108 188 244 248 372 547 606 645 692 797 835  ; 3 1 1 6 6 4 2 3 4 2 3 3 5 5 
243.4 ; 9.207e-10 ; True ; 1 94 133 347 372 524 614 660 678 692 835 839  ; 2 1 2 9 5 3 3 5 3 2 5 4 3 5 
276.1 ; 1.577e-09 ; True ; 66 92 96 110 120 175 314 372 463 464 524 606 608  ; 4 1 1 8 6 4 3 3 6 3 6 3 4 4 
425.4 ; 2.184e-09 ; True ; 4 107 161 248 253 318 360 372 399 493 495 731 831 859  ; 3 1 3 10 4 6 2 7 4 3 5 3 2 4 
444.3 ; 4.753e-09 ; True ; 1 144 161 225 256 296 358 372 409 429 518 524 675 679 731 859  ; 3 1 3 13 5 6 3 4 6 4 4 3 3 4 
497.2 ; 5.473e-09 ; True ; 1 24 99 227 312 326 372 373 412 420 515 611 692 722 753 830  ; 5 1 3 14 5 4 3 5 4 3 6 2 4 7 
579.2 ; 5.736e-09 ; True ; 14 24 41 99 129 132 179 228 257 311 372 458 524 537 625 682 697 835  ; 4 1 3 13 7 4 3 4 5 2 8 3 4 7 
605.6 ; 6.847e-09 ; True ; 26 110 138 219 228 248 337 372 418 464 485 533 581 607 658 752 825 845  ; 5 1 5 11 5 3 3 5 5 2 7 3 3 7 
659 ; 7.152e-09 ; True ; 1 29 53 127 179 201 221 320 322 372 464 624 631 679 692 708 731 796 823  ; 8 1 3 15 7 2 4 6 5 2 6 3 4 7 
677.4 ; 8.214e-09 ; True ; 1 48 95 144 225 256 268 296 372 409 429 518 524 619 675 679 731 745 859  ; 4 1 3 15 5 6 4 4 6 3 3 5 5 3 
708.6 ; 8.78e-09 ; True ; 8 110 174 317 319 325 326 344 355 372 379 389 463 468 485 663 692 752 758 818  ; 6 1 2 13 9 7 4 4 5 2 5 4 5 5 
710.3 ; 1.306e-08 ; True ; 64 97 117 118 164 231 280 296 372 480 559 599 606 607 731 779 818 829 866  ; 4 1 3 17 10 9 3 3 7 3 5 6 3 6 
747 ; 6.778e-08 ; True ; 1 144 161 225 256 270 372 409 518 524 647 658 675 679 692 711 725 731 768 859  ; 5 1 5 14 6 8 5 6 6 4 5 5 4 5 
1248 ; 8.354e-08 ; True ; 4 41 144 161 225 256 270 372 400 409 445 456 501 518 524 647 658 679 692 711 725 731 743 768 859  ; 6 1 5 16 9 8 5 6 7 4 5 6 5 3 
1463 ; 9.545e-08 ; True ; 1 162 201 238 240 254 272 326 329 338 372 474 496 497 509 513 514 515 524 559 565 606 692 707 731 747 779 866  ; 5 1 3 19 10 8 7 4 7 3 9 8 5 7 
1608 ; 1.145e-07 ; True ; 1 4 40 46 95 99 138 142 228 259 317 344 353 354 362 372 412 463 516 565 678 682 710 717 752 815 844 866  ; 4 1 5 19 12 9 7 6 7 4 7 4 4 6 

RUN 10:
Optimum Distance: 15.16
Optimal Team: 118,161,372,859,
Required Skills: 0 1 4 5 9 10 11 12 14 15 16 18 23 24 
Distance; Skill Score; isValid; Team; Skill Counts
21.75 ; 6.756e-14 ; True ; 1 372 524 770  ; 1 1 1 3 1 1 1 3 1 1 3 1 1 2 
35.39 ; 9.054e-14 ; True ; 1 364 372 524 600  ; 1 1 1 4 1 1 1 2 2 1 3 1 1 2 
37.27 ; 2.532e-13 ; True ; 148 372 464 829 845  ; 3 1 1 4 3 1 1 2 1 1 1 1 2 3 
40.16 ; 2.616e-13 ; True ; 47 95 161 372 607  ; 1 1 2 3 3 2 1 2 1 1 2 1 1 2 
40.43 ; 3.991e-13 ; True ; 1 29 100 107 372  ; 1 1 1 4 2 1 1 4 1 2 2 1 2 2 
44.19 ; 4.825e-13 ; True ; 161 372 524 622 835  ; 1 1 1 3 2 2 1 3 1 1 4 2 1 2 
45.29 ; 1.512e-12 ; True ; 1 118 120 227 314 372  ; 1 1 1 4 2 2 2 3 3 1 2 1 2 2 
55.55 ; 2.644e-12 ; True ; 24 35 161 372 452 692  ; 2 1 1 4 4 2 2 2 2 1 3 2 1 2 
64.48 ; 3.53e-12 ; True ; 148 372 524 597 679 835  ; 1 1 1 4 3 2 3 2 2 1 3 2 2 2 
69.23 ; 3.943e-12 ; True ; 1 118 120 227 314 372 697  ; 2 1 1 5 2 2 3 3 3 1 2 1 2 2 
78.46 ; 1.297e-11 ; True ; 1 148 372 524 780 794 829  ; 2 1 1 5 3 2 2 2 2 1 4 2 3 4 
100.6 ; 3.656e-11 ; True ; 110 248 314 372 606 692 828 835  ; 4 1 1 2 4 2 2 2 4 2 3 2 3 2 
130.3 ; 4.675e-11 ; True ; 24 66 187 317 372 459 527 584 731  ; 2 1 2 7 4 4 1 3 2 3 4 1 2 5 
141.6 ; 7.366e-11 ; True ; 1 110 248 314 372 502 606 692 816 828  ; 5 1 1 5 5 2 2 2 4 3 3 2 3 2 
168.1 ; 8.784e-11 ; True ; 117 118 148 161 205 372 487 533 682 692  ; 4 1 3 8 5 3 3 2 2 1 2 3 2 4 
174.7 ; 1.604e-10 ; True ; 100 144 248 326 372 402 464 597 731 815  ; 2 1 2 7 4 4 3 3 3 3 4 1 2 4 
192.3 ; 1.795e-10 ; True ; 24 66 175 277 343 372 382 508 565 692  ; 4 1 3 6 5 3 2 3 3 1 2 4 3 3 
213.1 ; 2.246e-10 ; True ; 25 44 47 48 224 248 372 453 524 692 859  ; 1 1 2 6 5 3 2 3 4 2 4 4 4 3 
223.3 ; 3.798e-10 ; True ; 24 66 107 196 317 372 459 527 584 731 783  ; 3 1 2 8 3 5 2 4 2 3 5 2 2 6 
250.2 ; 6.759e-10 ; True ; 1 14 66 117 206 256 306 372 515 711 829  ; 3 1 3 7 4 3 2 2 3 4 4 4 2 6 
265.9 ; 7.964e-10 ; True ; 3 26 84 248 372 412 480 486 508 565 607 692  ; 4 1 2 7 3 5 2 3 5 2 4 3 3 5 
316.5 ; 1.502e-09 ; True ; 29 36 100 102 161 372 397 480 524 592 607 853 859  ; 3 1 2 8 6 4 3 4 5 3 5 2 4 3 
347.9 ; 1.811e-09 ; True ; 66 95 107 137 248 306 318 372 442 573 731 752 825  ; 3 1 2 6 5 5 2 4 4 2 5 4 4 6 
382.9 ; 2.095e-09 ; True ; 43 118 282 317 372 464 485 573 676 689 717 731 829 845  ; 5 1 2 10 7 4 3 4 5 2 7 4 2 4 
417.2 ; 2.212e-09 ; True ; 20 66 244 245 317 352 372 464 508 581 598 606 607 647 835  ; 2 1 3 10 7 3 3 3 4 3 6 3 4 6 
430.4 ; 3.22e-09 ; True ; 3 26 66 84 248 372 412 437 480 486 508 547 565 643 692  ; 5 1 2 7 4 6 3 3 5 3 3 5 4 4 
456.5 ; 3.809e-09 ; True ; 107 137 149 161 225 231 245 369 372 383 493 622 749 825 845  ; 7 1 2 10 5 6 3 5 3 2 5 4 3 7 
474.3 ; 4.695e-09 ; True ; 27 248 256 320 369 372 387 464 515 524 683 692 759 820 829 852  ; 4 1 2 13 7 3 4 3 6 3 4 7 4 4 
550.8 ; 6.782e-09 ; True ; 44 47 48 97 122 224 248 314 363 372 453 524 571 584 692 747 759 859  ; 7 1 2 11 10 4 3 3 6 3 5 4 5 5 
678.3 ; 8.664e-09 ; True ; 1 29 71 240 245 343 345 372 412 420 422 495 516 565 650 661 663 731 846  ; 5 1 4 11 6 7 3 7 4 1 7 3 5 7 
686.7 ; 1.21e-08 ; True ; 76 121 134 161 228 264 286 350 372 420 474 502 565 616 638 653 661 731 770 839  ; 5 1 3 13 7 5 4 5 4 3 5 5 3 6 
712.5 ; 1.559e-08 ; True ; 1 97 99 231 265 306 315 323 372 463 464 474 581 678 679 697 717 788 800  ; 8 1 3 16 9 6 6 5 4 3 5 4 2 7 
811.5 ; 1.677e-08 ; True ; 1 8 24 43 139 175 205 219 315 372 524 566 590 663 727 728 771 804 845 848 865  ; 6 1 4 15 8 8 4 6 4 2 5 3 4 7 
861.2 ; 2.657e-08 ; True ; 228 248 317 372 396 408 412 436 437 457 480 513 566 575 606 640 670 731 770 819 851 858  ; 4 1 4 15 7 6 4 5 4 4 6 3 5 8 
896.4 ; 2.664e-08 ; True ; 81 100 108 118 161 164 188 253 259 340 369 372 420 469 501 608 650 679 682 805 829 846  ; 8 1 2 18 9 7 3 5 4 6 6 4 5 6 
930.4 ; 3.19e-08 ; True ; 228 248 276 281 317 372 396 408 412 437 457 480 512 513 551 575 592 606 640 731 770 851 858  ; 5 1 4 15 8 6 5 6 5 4 6 3 3 7 
1046 ; 3.799e-08 ; True ; 121 139 161 206 224 225 228 253 312 372 493 515 528 598 609 647 660 686 692 729 769 778 835 863  ; 5 1 2 20 10 5 5 3 5 5 7 7 6 8 
1071 ; 4.013e-08 ; True ; 1 30 66 92 95 107 115 162 189 206 272 372 399 422 464 480 492 529 698 733 735 796 832  ; 5 1 4 13 9 6 5 5 6 3 7 9 3 4 
1131 ; 5.976e-08 ; True ; 1 8 35 46 50 107 117 224 245 372 387 396 444 464 476 480 507 527 608 653 660 719 751 755 795 859  ; 3 1 5 19 8 5 4 8 5 6 6 4 4 7 
1261 ; 7.419e-08 ; True ; 131 159 228 245 288 327 372 420 443 471 508 550 565 599 606 614 651 692 725 731 765 778 795 813 835 855  ; 6 1 5 17 6 7 5 10 9 2 7 3 6 5 
1389 ; 9.136e-08 ; True ; 105 228 248 276 281 317 337 372 396 408 412 437 443 457 480 512 513 551 575 592 606 609 678 712 731 770 857 858  ; 6 1 4 18 12 6 6 8 6 5 6 3 4 7 
1406 ; 9.195e-08 ; True ; 63 140 165 337 342 372 375 454 463 464 480 524 529 562 607 616 617 679 711 730 731 752 787 789 845 859  ; 8 1 4 17 11 9 5 5 5 4 7 5 4 8 
1424 ; 9.99e-08 ; True ; 1 61 87 118 150 253 314 317 319 350 372 377 422 464 506 510 512 513 566 568 606 703 719 726 731 734 752 835  ; 8 1 4 19 9 8 4 8 6 4 7 3 6 7 
1454 ; 1.056e-07 ; True ; 1 4 18 42 89 107 110 118 191 205 306 323 353 372 420 468 501 503 565 652 661 694 726 731 750 753 848 859  ; 8 1 7 19 7 11 3 11 5 2 6 6 5 7 

