Iteration: 800
 Population Size: 1000
RUN 1:
Optimum Distance: 22.67
Optimal Team: 1,152,373,695,
Required Skills: 0 1 4 5 9 10 11 12 14 15 16 18 22 23 24 26 
Distance; Skill Score; isValid; Team; Skill Counts
46.22 ; 2.494e-17 ; True ; 19 373 756 839 849  ; 1 1 1 3 3 1 1 3 1 2 1 1 1 1 2 1 
54.92 ; 1.452e-16 ; True ; 6 152 162 373 398 527  ; 2 1 1 4 3 3 1 2 1 1 3 1 1 1 3 1 
54.95 ; 2.579e-16 ; True ; 60 152 162 373 398 527  ; 2 1 1 4 3 3 1 3 1 1 4 1 1 1 3 1 
56.15 ; 3.262e-16 ; True ; 19 60 373 398 527 849  ; 1 1 1 4 3 2 2 3 1 2 2 1 2 1 2 1 
63.8 ; 4.469e-16 ; True ; 145 152 373 685 695 869  ; 3 1 1 5 4 3 2 1 2 1 1 2 2 1 2 1 
69.76 ; 5.498e-16 ; True ; 101 152 160 373 380 527  ; 2 1 1 4 4 3 1 2 1 1 4 1 2 2 2 1 
86.39 ; 1.03e-15 ; True ; 145 152 256 373 685 695 869  ; 3 1 1 6 5 3 3 1 2 1 1 2 3 1 2 1 
107.8 ; 1.354e-15 ; True ; 145 152 256 270 373 568 695 869  ; 3 1 1 6 5 3 3 2 2 1 1 2 2 1 2 1 
108.5 ; 3.877e-15 ; True ; 19 24 45 208 373 511 527 824  ; 2 1 1 6 5 4 2 2 2 2 4 1 2 1 3 1 
110.4 ; 4.02e-15 ; True ; 145 152 254 256 373 417 685 695  ; 2 1 1 7 6 2 3 2 2 2 2 2 3 1 2 1 
115.1 ; 4.53e-15 ; True ; 19 315 373 422 614 756 839 849  ; 3 1 1 5 5 2 2 4 3 2 2 1 1 2 3 1 
120.8 ; 4.876e-15 ; True ; 19 60 86 352 373 609 695 751 863  ; 2 1 1 6 5 1 2 3 3 2 4 1 2 3 2 1 
126.8 ; 5.368e-15 ; True ; 19 118 352 373 420 609 695 751 863  ; 2 1 2 7 5 1 2 2 3 2 3 1 2 3 2 1 
130.9 ; 1.828e-14 ; True ; 19 118 327 373 433 609 695 751 863  ; 2 1 2 7 5 1 3 2 3 2 2 2 2 4 3 1 
157.7 ; 1.943e-14 ; True ; 19 86 327 368 373 400 467 483 527  ; 2 1 1 6 4 3 4 2 2 2 4 3 2 2 2 1 
169.7 ; 1.989e-14 ; True ; 14 19 81 126 248 348 373 527 739 833  ; 3 1 1 7 6 2 2 3 2 3 2 3 2 2 3 1 
171.6 ; 2.946e-14 ; True ; 18 19 24 249 315 373 380 587 671 672  ; 5 1 1 4 6 4 2 2 2 3 5 1 2 2 4 1 
186.1 ; 3.468e-14 ; True ; 152 207 249 315 373 482 487 610 626 681 695  ; 4 1 2 7 5 2 3 2 4 1 5 2 1 3 4 1 
195.6 ; 4.367e-14 ; True ; 19 118 327 373 418 433 468 609 695 751 863  ; 2 1 2 7 6 2 3 2 3 2 2 2 2 4 4 1 
211.9 ; 5.063e-14 ; True ; 19 160 216 245 307 373 400 527 609 610 800  ; 2 1 2 8 4 2 3 2 4 2 4 1 3 3 4 1 
215 ; 8.859e-14 ; True ; 1 19 36 318 373 522 527 611 718 735 833  ; 2 1 2 9 5 3 4 3 3 3 5 2 1 2 4 1 
223.8 ; 1.739e-13 ; True ; 19 118 121 152 206 333 370 373 518 609 668 695  ; 3 1 2 10 6 4 2 3 2 3 3 1 3 2 7 2 
263.8 ; 1.798e-13 ; True ; 60 152 229 287 373 439 443 685 695 735 833 868  ; 4 1 3 9 7 2 3 3 3 1 4 5 2 3 3 1 
264.1 ; 1.874e-13 ; True ; 24 41 65 79 152 221 373 527 572 685 709 750  ; 3 1 2 10 7 5 1 3 3 2 3 4 4 3 3 1 
297.4 ; 2.817e-13 ; True ; 19 84 119 180 271 293 373 518 529 585 611 695 750  ; 4 1 2 8 4 2 3 3 3 2 3 3 3 2 4 2 
305.5 ; 3.733e-13 ; True ; 19 29 106 119 188 249 290 373 553 563 685 695 756 862  ; 4 1 1 11 11 2 4 6 6 2 2 3 3 4 3 1 
312.7 ; 3.863e-13 ; True ; 21 119 145 152 162 324 373 398 527 551 660 662 833  ; 6 1 2 9 6 7 3 3 4 2 4 4 1 3 3 1 
349 ; 1.237e-12 ; True ; 8 40 97 138 152 162 220 221 241 373 527 568 609 695  ; 5 1 2 10 9 6 3 4 3 2 4 4 3 3 4 1 
404.6 ; 1.546e-12 ; True ; 19 59 145 318 373 471 527 546 695 716 729 730 735 743 751  ; 4 1 3 11 7 7 5 3 4 3 4 3 2 4 2 1 
478.6 ; 2.276e-12 ; True ; 29 96 134 152 251 293 373 380 467 483 655 665 715 721 739 843  ; 4 1 2 10 8 4 2 4 3 3 5 5 2 4 5 2 
510.5 ; 2.304e-12 ; True ; 1 19 29 41 162 373 460 486 595 664 710 756 758 800 815 818  ; 4 1 2 11 7 2 6 4 7 4 5 3 3 2 5 1 
577.8 ; 2.476e-12 ; True ; 19 66 140 177 288 373 380 446 587 609 615 664 695 711 735 741 775 835  ; 5 1 1 12 9 5 3 4 4 3 6 4 5 3 5 1 
593 ; 3.487e-12 ; True ; 4 19 35 81 152 236 327 334 373 430 486 527 551 609 610 702 750 845  ; 5 1 2 13 6 4 3 3 5 2 6 3 4 4 4 2 
598.4 ; 5.334e-12 ; True ; 13 19 51 228 292 373 398 418 462 483 507 527 602 609 685 695 739 792  ; 3 1 3 12 10 4 4 3 8 3 3 6 4 5 3 1 
646.2 ; 6.788e-12 ; True ; 81 108 152 221 303 373 422 423 433 456 457 489 504 518 527 587 716 720 774  ; 5 1 1 12 7 7 4 6 6 3 8 3 4 3 8 1 
766.2 ; 8.399e-12 ; True ; 29 43 100 118 152 223 251 324 373 415 455 458 466 542 587 695 735 750 835 849  ; 7 1 3 15 7 5 1 5 6 3 8 4 6 3 9 1 
812 ; 1.081e-11 ; True ; 65 79 124 152 215 246 292 294 373 380 382 527 553 609 610 641 721 757 818 819 824  ; 6 1 3 12 12 6 4 3 6 2 5 4 4 5 7 1 
848.8 ; 2.313e-11 ; True ; 19 163 170 176 225 295 303 333 373 419 467 527 568 573 663 685 735 739 833 839 850 859  ; 5 1 6 17 7 4 4 6 3 2 7 8 5 3 8 1 
960.2 ; 2.46e-11 ; True ; 19 26 67 78 80 121 128 134 191 207 315 356 373 399 432 483 518 609 656 784 839 864  ; 3 1 2 12 7 5 4 4 6 5 8 6 4 6 7 1 
971.5 ; 2.642e-11 ; True ; 19 26 67 78 121 134 145 191 207 315 373 399 431 432 483 518 579 609 656 784 839 864  ; 4 1 2 12 8 6 4 3 7 6 7 5 4 6 6 1 
1056 ; 5.078e-11 ; True ; 1 14 41 108 176 208 230 246 250 293 352 355 373 378 392 401 455 467 480 527 587 656 716 750  ; 4 1 3 16 9 5 4 4 6 5 8 6 5 6 6 1 
1306 ; 6.806e-11 ; True ; 3 19 25 52 108 133 145 152 207 222 255 265 373 398 414 483 515 553 595 610 723 774 818 854  ; 6 1 3 15 9 6 9 5 6 3 7 5 2 5 7 2 
1461 ; 6.981e-11 ; True ; 19 26 162 176 191 225 249 312 355 356 373 398 490 516 600 610 650 652 671 681 682 739 751 781 792 818 831 843  ; 7 1 4 19 13 8 5 5 8 6 10 5 3 2 8 1 
1529 ; 7.052e-11 ; True ; 1 24 48 145 152 183 290 297 320 339 373 416 420 461 471 497 512 524 542 553 577 588 602 609 656 660 695 721 849 857  ; 8 1 3 19 14 8 3 6 8 4 5 6 4 7 6 1 
1587 ; 9.068e-11 ; True ; 14 35 72 106 152 219 256 290 367 373 380 430 439 454 479 526 527 587 610 613 656 681 731 734 735 750 790 799 832 840  ; 8 1 3 22 10 6 4 5 6 3 11 5 6 6 11 1 
1641 ; 1.1e-10 ; True ; 14 72 99 106 204 256 290 293 367 373 380 406 430 439 454 479 526 527 587 610 613 656 681 731 734 735 750 790 799 832 853  ; 7 1 3 23 12 6 5 6 6 3 10 5 6 6 9 1 
1653 ; 1.447e-10 ; True ; 14 19 24 54 59 65 86 96 254 275 277 373 399 457 474 477 483 485 538 588 610 656 685 734 735 750 758 773 836  ; 4 1 4 21 10 8 6 6 7 4 10 8 3 6 8 1 
2030 ; 1.92e-10 ; True ; 14 19 27 38 50 65 83 90 152 162 164 171 176 257 315 350 370 373 408 475 514 519 527 536 576 627 682 739 750 774 841 850  ; 8 1 4 22 11 7 6 6 7 4 7 8 2 7 5 2 
 

RUN 2:
Optimum Distance: 22.67
Optimal Team: 1,152,373,695,
Required Skills: 0 1 4 5 9 10 11 12 14 15 16 18 22 23 24 26 
Distance; Skill Score; isValid; Team; Skill Counts
45.92 ; 2.84e-17 ; True ; 152 287 373 527 536  ; 1 1 1 2 3 2 1 2 1 1 2 2 1 1 1 1 
59 ; 7.055e-17 ; True ; 1 19 73 373 532 695  ; 2 1 1 4 4 1 2 2 1 2 2 1 1 1 1 1 
65.08 ; 2.122e-16 ; True ; 48 108 152 373 600 849  ; 2 1 1 4 3 3 2 3 1 1 2 1 1 1 2 1 
68.69 ; 2.147e-16 ; True ; 145 152 295 324 373 527  ; 1 1 1 4 3 3 2 2 2 1 3 1 1 1 2 1 
79.47 ; 5.14e-16 ; True ; 25 152 373 483 745 750 863  ; 2 1 1 5 3 3 1 2 2 1 2 2 1 2 2 1 
80.51 ; 5.497e-16 ; True ; 25 152 265 373 483 750 863  ; 1 1 1 4 3 3 2 2 2 1 2 2 1 2 2 1 
81.08 ; 2.659e-15 ; True ; 19 29 101 373 467 527 628  ; 2 1 1 6 4 1 2 3 2 3 3 1 2 2 2 1 
107.2 ; 4.029e-15 ; True ; 19 96 170 315 373 466 610 752  ; 3 1 1 6 4 3 3 1 2 2 4 1 2 2 2 1 
113.7 ; 5.473e-15 ; True ; 16 19 96 170 315 373 466 610  ; 2 1 1 6 3 2 3 2 2 2 3 2 2 2 2 1 
130.5 ; 6.421e-15 ; True ; 19 24 88 150 373 405 527 587 610  ; 1 1 2 7 4 3 2 3 2 2 4 1 2 1 5 1 
138.8 ; 3.556e-14 ; True ; 1 108 152 256 373 422 483 635 863  ; 2 1 2 7 3 4 3 5 2 2 4 2 1 2 3 1 
179.2 ; 4.519e-14 ; True ; 108 109 152 256 373 413 422 483 833 863  ; 3 1 1 8 5 4 3 5 4 1 3 3 1 3 3 1 
187.3 ; 5.381e-14 ; True ; 53 118 152 367 373 483 527 685 774 850  ; 2 1 2 8 7 4 3 2 2 1 4 4 2 2 5 1 
208.6 ; 6.335e-14 ; True ; 14 18 67 152 174 370 373 416 527 681 800  ; 3 1 1 7 4 4 3 3 3 2 4 3 1 3 4 1 
224.3 ; 9.961e-14 ; True ; 29 152 229 373 377 416 527 675 735 849 850  ; 4 1 1 10 5 5 3 3 3 1 4 2 3 3 4 1 
225.6 ; 1.002e-13 ; True ; 14 18 67 152 174 249 370 373 464 527 681  ; 2 1 1 6 5 4 3 3 3 3 5 3 1 3 5 1 
253.7 ; 1.733e-13 ; True ; 19 23 108 152 370 373 400 510 511 572 648 695  ; 5 1 1 10 4 4 3 3 1 3 4 2 3 2 6 2 
291.6 ; 2.695e-13 ; True ; 24 44 115 234 241 257 293 370 373 466 554 610 695 849  ; 3 1 3 11 5 3 3 5 4 2 4 2 3 1 5 1 
318.7 ; 3.317e-13 ; True ; 14 149 152 188 373 422 423 474 488 574 587 609 739 833  ; 5 1 1 11 9 4 1 4 4 3 5 3 2 4 6 1 
338 ; 3.959e-13 ; True ; 96 152 155 373 409 445 483 609 688 695 777 839 849  ; 4 1 1 9 7 4 3 2 4 3 3 5 3 3 4 1 
343.6 ; 8.83e-13 ; True ; 1 24 293 300 324 373 414 483 609 681 740 750 818  ; 2 1 3 9 7 3 3 5 3 3 5 3 4 2 4 1 
437.1 ; 9.658e-13 ; True ; 103 108 152 167 351 370 373 382 422 466 467 498 641 695 720  ; 4 1 3 12 7 6 3 5 3 1 4 3 3 3 6 1 
444 ; 1.234e-12 ; True ; 1 19 21 27 120 131 250 293 320 370 373 587 600 609 735 855  ; 4 1 3 11 4 3 2 4 3 4 5 2 2 3 6 2 
459.4 ; 1.324e-12 ; True ; 19 23 26 108 121 152 179 370 373 557 572 613 695 758 777 824  ; 3 1 1 11 7 4 4 4 4 3 3 4 2 4 5 2 
483.5 ; 1.686e-12 ; True ; 1 152 202 246 269 373 464 477 496 511 527 551 609 615 682 756  ; 4 1 1 12 8 5 5 3 6 3 5 3 3 5 3 1 
532.3 ; 2.192e-12 ; True ; 1 7 24 128 149 233 293 307 373 483 506 507 534 587 609 684 827  ; 4 1 3 13 8 4 3 5 2 4 6 2 2 5 8 1 
543.4 ; 2.246e-12 ; True ; 19 36 44 101 373 414 439 458 466 477 527 630 652 735 787 819 860  ; 3 1 2 13 4 5 5 3 5 3 7 4 4 2 4 1 
570.8 ; 2.39e-12 ; True ; 9 19 65 133 152 239 249 278 346 373 504 527 609 721 785 813 855  ; 3 1 2 12 7 4 2 5 3 4 6 4 2 4 4 2 
579.4 ; 5.171e-12 ; True ; 19 23 108 152 370 373 400 510 511 572 599 613 648 695 758 839 856  ; 5 1 2 14 6 5 4 4 2 3 5 5 3 3 7 2 
604.9 ; 6.879e-12 ; True ; 19 44 108 152 370 373 400 411 510 511 613 648 695 758 825 839 852  ; 5 1 2 13 5 4 5 5 4 2 5 5 3 3 6 2 
743.8 ; 8.34e-12 ; True ; 19 25 41 87 96 108 152 192 226 233 373 405 474 560 587 597 684 695 706 783  ; 7 1 1 15 7 7 4 4 4 3 6 3 3 6 6 2 
812.3 ; 1.419e-11 ; True ; 19 24 29 43 97 164 170 188 249 300 373 466 527 532 542 595 633 641 693 695 849 867  ; 6 1 2 19 10 7 4 3 6 4 9 2 6 4 7 1 
825.4 ; 1.833e-11 ; True ; 6 19 109 152 296 300 325 373 399 439 447 516 574 587 609 652 661 695 720 812 863  ; 5 1 2 15 9 3 4 4 5 3 7 5 5 4 6 2 
936.3 ; 2.184e-11 ; True ; 24 74 132 145 152 176 202 229 246 248 373 398 400 434 473 477 504 527 536 547 601 618 849  ; 4 1 3 17 12 6 6 4 6 4 7 4 3 4 6 1 
956.6 ; 3.017e-11 ; True ; 19 36 41 66 77 162 176 271 373 400 483 595 646 663 666 692 695 740 774 784 817 854 863  ; 5 1 3 17 7 4 6 4 8 4 5 4 5 5 5 1 
1236 ; 3.296e-11 ; True ; 19 24 86 90 184 256 313 341 348 373 422 434 466 527 536 552 580 611 644 652 655 681 695 710 825 838  ; 7 1 2 19 10 5 6 6 6 3 9 4 6 3 7 1 
1269 ; 4.879e-11 ; True ; 19 29 96 106 108 296 373 400 424 527 594 613 653 664 678 685 715 723 756 777 829 838 839 852  ; 4 1 3 16 10 5 5 7 6 2 8 7 5 6 7 1 
1272 ; 7.796e-11 ; True ; 1 19 170 246 266 301 340 370 373 388 482 527 533 556 609 628 676 681 682 714 751 755 757 769 775 849  ; 8 1 3 21 11 6 6 5 6 7 7 4 4 4 6 1 
1273 ; 8.21e-11 ; True ; 6 19 109 152 180 300 325 373 399 439 447 474 516 577 587 609 652 661 695 706 720 739 812 813 859 863  ; 7 1 3 17 8 4 4 6 5 3 8 6 5 5 7 2 
1417 ; 1.054e-10 ; True ; 19 48 63 311 320 342 356 373 380 409 466 467 478 504 516 527 553 554 567 695 729 753 762 775 818 830 843 865  ; 9 1 3 18 13 8 7 6 6 4 8 4 5 4 7 1 
1499 ; 1.107e-10 ; True ; 6 19 60 109 133 152 180 196 289 300 373 439 447 474 559 577 587 609 652 661 695 706 720 739 812 819 859 863  ; 6 1 3 19 7 4 4 8 6 3 7 6 5 5 9 2 
1806 ; 1.785e-10 ; True ; 19 29 51 108 278 373 400 424 462 477 527 592 656 678 685 706 715 723 755 786 791 829 830 831 838 839 843 852 870  ; 6 1 5 20 11 6 5 5 8 4 9 7 5 5 7 1 


RUN 3:
Optimum Distance: 22.67
Optimal Team: 1,152,373,695,
Required Skills: 0 1 4 5 9 10 11 12 14 15 16 18 22 23 24 26 
Distance; Skill Score; isValid; Team; Skill Counts
37.4 ; 5.797e-17 ; True ; 1 152 163 373 695  ; 2 1 1 4 3 1 1 2 1 1 2 1 2 1 2 1 
47.29 ; 6.113e-17 ; True ; 19 152 160 373 695  ; 2 1 1 3 3 1 2 2 1 1 2 1 1 1 1 2 
47.78 ; 7.055e-17 ; True ; 19 118 152 373 527  ; 1 1 1 4 4 2 2 1 1 1 2 1 1 1 2 2 
54.69 ; 3.175e-16 ; True ; 1 119 152 373 434 527  ; 1 1 1 5 2 3 2 2 2 1 3 2 1 1 2 1 
76.05 ; 1.512e-15 ; True ; 1 119 152 238 373 527 660  ; 2 1 1 5 2 3 2 2 2 1 3 3 1 2 2 1 
78.14 ; 4.159e-15 ; True ; 1 19 229 254 373 527 833  ; 1 1 1 6 4 1 3 3 3 3 3 2 1 3 2 1 
107.8 ; 1.034e-14 ; True ; 19 173 373 422 527 552 619 863  ; 3 1 1 5 3 3 3 3 2 1 3 2 2 2 3 1 
148.3 ; 1.35e-14 ; True ; 1 19 152 163 373 595 695 745 870  ; 3 1 1 7 5 2 3 2 2 2 3 1 2 2 3 2 
165.1 ; 1.926e-14 ; True ; 1 19 29 229 254 373 511 781 833  ; 3 1 1 7 4 1 2 4 3 3 4 1 2 3 4 1 
169.5 ; 1.938e-14 ; True ; 19 24 95 133 134 138 373 648 695 753  ; 4 1 1 7 5 4 2 3 2 1 5 3 1 2 5 1 
171.4 ; 3.386e-14 ; True ; 1 66 152 347 373 518 685 694 695 863  ; 3 1 3 8 4 3 1 3 1 2 3 3 4 2 3 1 
197.4 ; 3.616e-14 ; True ; 1 71 96 152 207 373 609 750 820 860  ; 2 1 2 7 6 2 1 3 2 2 4 5 2 3 3 1 
209.4 ; 5.67e-14 ; True ; 19 114 121 373 414 507 587 695 746 849 863  ; 5 1 1 6 4 3 2 3 1 3 3 2 4 3 4 1 
225.2 ; 1.02e-13 ; True ; 1 29 53 108 152 272 373 455 609 758 774  ; 3 1 1 8 6 2 2 5 3 2 6 3 2 2 6 1 
233.1 ; 1.714e-13 ; True ; 19 108 367 373 414 518 695 729 750 752 772  ; 4 1 1 9 4 6 3 3 2 2 3 3 4 3 3 1 
267.8 ; 9.05e-13 ; True ; 19 29 101 216 218 327 373 511 527 735 739 849  ; 5 1 2 10 5 4 3 4 2 3 4 3 4 3 4 1 
421.4 ; 1.219e-12 ; True ; 1 19 56 60 108 150 299 373 457 518 587 719 720 750 756  ; 2 1 1 9 4 4 4 7 4 4 4 3 3 4 5 1 
462.6 ; 2.444e-12 ; True ; 1 58 108 152 183 216 229 240 246 281 373 466 512 527 677 685 730  ; 3 1 2 12 8 5 5 3 4 2 5 4 3 5 5 1 
566.1 ; 3.031e-12 ; True ; 1 108 119 152 162 169 339 373 478 527 552 574 609 650 732 782 840 869  ; 5 1 1 16 9 9 4 3 4 3 6 4 3 4 6 1 
602.2 ; 3.234e-12 ; True ; 1 19 57 108 176 229 258 272 311 373 486 532 601 609 682 695 702 716 741  ; 4 1 2 15 8 3 5 3 5 4 4 5 2 5 5 1 
625.6 ; 4.289e-12 ; True ; 2 13 16 19 67 85 141 221 289 373 380 400 456 467 483 630 695 735  ; 5 1 2 14 7 7 3 4 5 3 4 5 3 3 6 1 
637.3 ; 4.601e-12 ; True ; 2 19 24 39 48 94 108 164 258 373 439 466 467 497 578 656 660 849 869  ; 4 1 4 11 6 6 3 5 2 3 4 5 3 4 6 1 
653.4 ; 5.14e-12 ; True ; 16 19 55 108 134 152 233 246 289 313 342 373 464 483 609 784 785 796  ; 3 1 2 13 5 5 6 5 3 4 4 4 2 4 4 2 
719.4 ; 8.717e-12 ; True ; 67 96 149 229 256 293 352 373 467 474 490 527 587 609 615 689 725 796 834 863  ; 5 1 2 14 8 4 7 4 4 3 5 3 5 8 3 1 
778.8 ; 1.172e-11 ; True ; 14 35 95 128 130 152 276 295 373 376 387 422 527 609 629 695 735 753 763 835 863  ; 7 1 2 16 8 7 3 5 5 2 9 5 4 4 7 1 
826.8 ; 1.303e-11 ; True ; 4 19 214 226 318 370 373 399 401 420 489 527 568 609 624 663 690 695 713 803 829  ; 7 1 4 16 8 6 4 5 6 3 5 3 4 4 3 1 
912.5 ; 2.049e-11 ; True ; 1 19 29 72 96 108 243 340 343 373 388 474 511 568 622 643 682 685 720 758 775 783  ; 7 1 3 16 10 9 6 6 4 3 4 6 3 4 4 1 
1064 ; 2.157e-11 ; True ; 1 19 23 112 121 134 198 218 234 254 290 367 373 518 610 656 745 750 758 764 784 818 824 827  ; 6 1 2 15 8 4 3 5 7 5 8 4 4 4 10 1 
1104 ; 2.168e-11 ; True ; 24 65 72 108 109 152 160 176 219 223 246 249 315 373 428 446 466 639 684 687 774 815 849 853  ; 4 1 2 14 10 6 4 7 7 3 9 5 2 7 8 1 
1113 ; 2.5e-11 ; True ; 19 49 104 108 152 185 254 315 373 388 405 488 525 583 587 674 685 695 711 718 760 849 867  ; 6 1 1 15 12 4 4 5 4 4 5 6 5 6 8 2 
1120 ; 3.866e-11 ; True ; 14 24 72 101 106 119 152 179 248 274 329 373 411 457 466 489 517 568 600 618 734 739 750 833  ; 5 1 3 13 10 6 4 6 7 4 7 6 3 4 7 1 
1128 ; 5.514e-11 ; True ; 19 49 103 104 108 152 185 246 254 315 373 388 405 466 488 583 586 587 685 695 711 760 849  ; 6 1 1 14 13 5 5 4 5 5 5 6 6 7 8 2 
1445 ; 5.883e-11 ; True ; 4 19 56 66 149 162 184 185 187 271 289 290 373 398 466 489 518 527 591 592 648 725 757 763 774 776 835  ; 8 1 4 16 7 7 4 9 3 4 5 6 6 3 8 1 
1470 ; 7.885e-11 ; True ; 14 36 51 60 96 170 230 261 289 291 293 315 318 342 373 429 441 495 510 567 613 643 682 684 685 695 711 739 849 857  ; 7 1 2 22 12 8 6 5 5 6 5 5 5 6 7 1 
1549 ; 9.02e-11 ; True ; 19 36 41 54 119 139 160 225 248 254 373 401 421 499 571 590 594 601 610 660 680 681 695 739 750 751 756 758 760  ; 5 1 3 21 11 3 8 6 9 5 7 9 3 5 7 1 
1612 ; 1.132e-10 ; True ; 15 19 24 121 174 219 249 332 341 373 391 439 447 511 527 531 561 576 583 587 600 614 666 685 701 761 799 849 852  ; 6 1 4 18 10 7 6 5 6 5 9 6 5 3 7 1 
1847 ; 1.201e-10 ; True ; 4 19 26 39 114 136 162 297 348 373 401 414 447 475 499 527 546 568 587 588 602 678 685 735 751 777 782 801 810 833 869  ; 8 1 4 25 13 10 3 5 7 3 9 8 5 5 10 1 
1874 ; 1.437e-10 ; True ; 1 24 60 162 170 176 208 249 293 373 387 402 411 483 486 527 529 551 553 581 605 692 701 706 763 767 783 818 844 850 854  ; 8 1 3 22 16 8 6 5 7 4 12 7 4 5 7 1 
1961 ; 1.78e-10 ; True ; 24 171 221 293 318 373 391 400 406 436 439 441 462 464 466 478 504 523 525 527 531 583 663 673 681 682 729 752 756 765 774 864 870  ; 7 1 4 26 15 11 8 6 6 4 8 4 5 4 9 1 
2183 ; 2.745e-10 ; True ; 19 43 57 66 93 106 149 162 184 185 187 373 489 504 510 518 527 561 591 612 648 652 685 695 711 712 725 757 776 785 800 835  ; 6 1 3 22 11 6 6 7 7 5 4 10 8 7 7 1 

RUN 4:
Optimum Distance: 22.67
Optimal Team: 1,152,373,695,
Required Skills: 0 1 4 5 9 10 11 12 14 15 16 18 22 23 24 26 
Distance; Skill Score; isValid; Team; Skill Counts
51.07 ; 4.729e-16 ; True ; 152 373 462 518 610 695  ; 3 1 1 5 3 2 1 1 3 1 3 1 2 1 4 1 
74.81 ; 6.725e-16 ; True ; 152 373 441 467 553 587 804  ; 3 1 1 6 3 1 2 2 1 1 3 1 2 2 4 1 
76.79 ; 1.487e-15 ; True ; 4 152 249 373 380 695 764  ; 3 1 1 5 4 3 1 2 4 1 3 1 2 1 3 1 
82.1 ; 3.852e-15 ; True ; 19 24 293 373 467 527 552  ; 2 1 2 5 5 3 2 3 1 1 3 1 2 1 3 2 
85.07 ; 4.901e-15 ; True ; 1 29 39 152 373 527 775  ; 2 1 1 5 3 3 2 3 2 1 5 2 2 1 4 1 
100.4 ; 5.667e-15 ; True ; 1 24 152 315 373 380 603 850  ; 4 1 2 6 4 3 2 3 1 1 5 1 1 2 5 1 
117 ; 7.085e-15 ; True ; 29 152 373 439 465 527 595 775  ; 2 1 1 4 3 2 4 2 3 1 3 3 2 2 2 1 
142.3 ; 8.425e-15 ; True ; 1 19 145 162 197 343 373 695 856  ; 4 1 1 7 6 3 3 2 2 4 2 2 1 1 3 1 
146.7 ; 1.19e-14 ; True ; 19 108 162 251 373 490 551 695 839  ; 4 1 1 7 4 4 3 3 1 2 4 3 1 2 2 1 
148.7 ; 3.274e-14 ; True ; 1 29 39 152 163 373 439 527 775  ; 2 1 2 6 4 3 3 3 2 1 5 3 3 1 4 1 
172.7 ; 3.513e-14 ; True ; 1 29 39 46 152 163 245 373 439 527  ; 2 1 2 7 4 3 2 3 2 1 5 2 3 2 5 1 
217.4 ; 7.892e-14 ; True ; 29 40 119 152 254 373 531 666 682 774 839  ; 4 1 2 8 4 4 2 5 3 2 5 3 1 1 5 1 
224.4 ; 8.857e-14 ; True ; 75 108 118 152 373 587 602 695 774 817 839  ; 5 1 2 9 4 3 2 4 2 1 5 3 2 2 6 1 
265.2 ; 1.144e-13 ; True ; 19 25 67 145 168 207 373 412 587 695 751  ; 4 1 1 7 5 3 3 1 4 4 4 3 2 3 4 1 
279 ; 1.605e-13 ; True ; 1 18 19 66 219 253 257 373 380 398 518 527  ; 1 1 2 9 3 3 3 3 3 3 4 3 4 3 3 1 
291.5 ; 5.817e-13 ; True ; 106 108 122 145 149 152 176 229 362 373 609 663 839  ; 4 1 1 10 7 4 5 4 4 2 3 3 2 4 6 1 
334 ; 1.006e-12 ; True ; 1 8 135 152 373 414 439 467 489 695 711 731 774 804  ; 5 1 3 10 4 3 3 7 4 1 5 3 2 5 5 1 
402.2 ; 1.194e-12 ; True ; 7 19 66 67 373 422 511 527 530 603 610 641 660 682 719  ; 4 1 2 12 4 6 2 2 4 3 7 4 3 3 7 1 
416 ; 4.031e-12 ; True ; 1 8 13 19 135 152 311 373 414 439 467 489 695 731 735 774  ; 5 1 4 11 4 4 3 7 4 2 6 2 2 3 7 2 
626.7 ; 4.506e-12 ; True ; 19 29 35 96 152 165 324 373 424 467 495 518 551 562 684 836 861 863  ; 5 1 3 11 8 5 3 5 2 3 8 3 2 3 7 2 
651.5 ; 8.635e-12 ; True ; 19 24 109 141 152 162 167 176 302 327 373 432 466 548 587 595 729 743  ; 5 1 2 13 8 6 4 4 3 4 7 3 3 3 6 2 
697.2 ; 9.655e-12 ; True ; 1 19 29 149 170 275 295 344 373 380 531 581 609 681 695 731 733 782 808 830  ; 7 1 1 19 9 4 6 4 5 3 6 3 5 7 7 1 
879.4 ; 1.407e-11 ; True ; 19 35 41 58 67 127 215 229 292 373 406 422 441 525 527 550 571 609 640 666 682 739  ; 4 1 2 13 10 5 5 3 8 5 3 5 4 6 5 1 
907.8 ; 1.541e-11 ; True ; 29 96 152 167 171 220 256 329 346 373 422 465 473 518 527 589 600 825 829 865 870  ; 5 1 3 16 7 6 6 5 4 2 9 3 6 3 7 1 
971.1 ; 1.789e-11 ; True ; 14 19 24 45 57 128 162 185 271 315 342 373 399 469 587 600 656 672 711 779 849 852  ; 7 1 2 14 10 6 5 4 5 5 8 4 4 3 5 1 
1046 ; 1.934e-11 ; True ; 41 71 84 86 99 100 107 152 155 320 373 483 501 523 527 598 609 735 760 818 839 846 863  ; 7 1 3 13 10 6 3 5 6 3 7 5 5 3 5 1 
1048 ; 2.366e-11 ; True ; 1 19 29 55 60 81 145 152 177 373 405 419 536 569 594 601 620 685 695 757 811 844 849  ; 6 1 4 17 12 3 3 7 3 4 6 3 5 3 8 2 
1049 ; 4.682e-11 ; True ; 81 152 162 176 189 271 373 429 438 441 466 483 551 609 610 718 726 735 751 784 790 833 842 849  ; 7 1 3 16 12 9 2 4 6 5 10 4 6 4 11 1 
1104 ; 4.848e-11 ; True ; 24 99 138 145 152 188 202 249 278 315 373 422 466 518 552 553 555 674 712 745 758 796 800 820  ; 7 1 2 18 13 10 6 4 7 4 8 3 4 6 8 1 
1277 ; 4.853e-11 ; True ; 19 24 29 108 110 123 160 185 203 222 228 264 318 373 416 419 456 460 467 518 632 695 696 764 772 808  ; 7 1 4 19 10 8 5 6 6 3 6 5 5 3 5 1 
1318 ; 6.926e-11 ; True ; 24 145 152 160 188 194 202 207 249 313 315 326 373 410 422 466 518 552 555 674 712 745 758 796 800 820  ; 9 1 3 19 12 9 5 5 6 5 9 3 4 4 9 1 
1403 ; 1.068e-10 ; True ; 14 19 59 105 152 192 207 212 256 287 370 373 468 483 519 527 602 603 656 674 720 734 735 737 777 802  ; 6 1 3 16 12 8 5 4 5 4 9 7 3 5 8 2 
1438 ; 1.074e-10 ; True ; 14 19 24 28 50 57 84 128 146 162 185 271 315 373 399 503 587 600 656 672 695 711 757 779 849 852  ; 9 1 3 16 10 7 6 5 6 5 8 5 5 4 7 1 
1561 ; 1.212e-10 ; True ; 19 29 88 165 240 249 271 373 439 447 466 467 475 485 538 573 610 622 685 693 694 695 720 751 753 803 831 832 849  ; 10 1 6 19 13 7 5 5 6 5 7 4 5 3 8 1 
1772 ; 2.875e-10 ; True ; 4 19 37 41 55 171 187 188 207 240 249 259 315 318 324 373 400 483 503 516 527 532 624 656 757 784 804 832  ; 6 1 5 16 8 8 7 5 7 5 8 5 5 7 7 1 

RUN 5:
Optimum Distance: 22.67
Optimal Team: 1,152,373,695,
Required Skills: 0 1 4 5 9 10 11 12 14 15 16 18 22 23 24 26 
Distance; Skill Score; isValid; Team; Skill Counts
41.38 ; 7.601e-17 ; True ; 152 373 695 735 755  ; 2 1 1 4 3 2 1 2 1 1 3 1 1 1 2 1 
61.8 ; 5.152e-16 ; True ; 152 249 370 373 619 695  ; 2 1 1 4 3 2 2 2 2 1 2 2 1 1 3 1 
63.01 ; 5.361e-16 ; True ; 152 373 439 695 735 755  ; 2 1 2 4 3 2 2 2 1 1 3 2 1 1 2 1 
72.81 ; 7.796e-16 ; True ; 152 330 373 527 609 785  ; 2 1 1 4 3 2 1 2 3 1 2 3 2 2 1 1 
84.47 ; 1.207e-15 ; True ; 152 373 406 695 735 753 755  ; 3 1 1 6 3 3 2 2 2 1 4 2 1 1 2 1 
86.52 ; 1.479e-15 ; True ; 152 373 439 695 735 755 782  ; 2 1 2 5 3 2 3 2 1 1 3 2 1 2 2 1 
90.22 ; 3.808e-15 ; True ; 67 152 249 370 373 619 695  ; 2 1 1 4 3 2 2 2 3 2 2 3 1 2 3 1 
109.7 ; 1.158e-14 ; True ; 6 67 152 249 370 373 380 695  ; 3 1 1 5 4 3 1 2 3 2 3 2 2 2 5 1 
142.3 ; 1.486e-14 ; True ; 138 152 204 248 373 527 568 639 695  ; 4 1 1 6 7 2 2 3 2 1 3 4 2 2 3 1 
151.4 ; 2.117e-14 ; True ; 152 165 271 293 373 457 527 568 695  ; 2 1 2 4 5 3 3 3 3 1 2 3 2 2 1 2 
170.3 ; 2.913e-14 ; True ; 67 152 224 373 380 587 690 695 735 868  ; 5 1 1 8 4 5 1 2 2 2 5 2 3 2 4 1 
177.2 ; 3.107e-14 ; True ; 152 311 350 373 506 518 521 527 695 839  ; 2 1 1 7 4 3 2 3 3 1 5 3 3 2 4 1 
186.9 ; 3.174e-14 ; True ; 95 152 169 246 373 439 527 587 627 785  ; 3 1 2 6 5 3 3 2 3 1 3 4 2 2 2 1 
189.2 ; 6.662e-14 ; True ; 152 318 370 373 417 483 527 552 673 757  ; 3 1 2 8 6 5 3 3 2 2 2 2 2 2 4 1 
213.4 ; 9.925e-14 ; True ; 1 67 162 175 293 373 380 430 695 710 735  ; 3 1 2 8 4 3 2 3 3 3 4 2 2 2 4 1 
241.2 ; 1.436e-13 ; True ; 1 19 216 373 414 445 527 638 656 722 833 863  ; 3 1 2 7 3 3 2 3 3 2 3 3 3 4 3 1 
268.3 ; 1.454e-13 ; True ; 1 152 206 320 324 373 415 465 477 527 656 808  ; 4 1 2 7 3 4 2 3 4 2 3 3 2 2 5 1 
274.1 ; 1.855e-13 ; True ; 152 173 200 343 373 423 466 467 488 527 553 839  ; 4 1 2 8 6 4 2 3 3 1 7 4 2 2 6 1 
280 ; 3.197e-13 ; True ; 19 29 55 130 318 370 373 380 552 619 654 685 833  ; 5 1 2 12 7 4 3 4 2 2 4 3 4 1 6 1 
341.3 ; 7.326e-13 ; True ; 1 17 19 36 98 138 373 454 527 568 694 695 808 867  ; 6 1 2 10 8 4 4 4 3 2 4 4 2 2 5 1 
398.6 ; 1.231e-12 ; True ; 19 48 108 134 315 362 373 465 466 648 714 750 756 839  ; 3 1 2 7 4 3 4 5 3 3 4 4 2 5 5 1 
409.6 ; 1.6e-12 ; True ; 19 41 48 108 134 315 373 378 420 466 600 648 750 756 839  ; 2 1 2 10 4 3 4 5 5 3 5 3 3 5 4 1 
478.5 ; 2.855e-12 ; True ; 4 26 134 152 161 162 339 373 483 527 649 735 743 785 818  ; 5 1 3 10 6 7 3 5 3 2 6 4 3 3 4 1 
487.1 ; 3.029e-12 ; True ; 19 81 278 373 482 483 518 527 552 564 646 800 832 833 839 863  ; 3 1 3 11 7 4 4 4 4 3 3 4 4 5 3 1 
507.2 ; 3.114e-12 ; True ; 1 62 95 108 152 226 254 259 356 373 483 609 707 726 839 863  ; 2 1 3 10 5 5 2 9 4 4 5 4 2 4 6 1 
565 ; 4.026e-12 ; True ; 19 48 81 85 108 216 315 327 362 373 387 465 466 648 750 756 839  ; 5 1 2 10 5 4 4 6 3 3 3 4 4 5 5 1 
630.3 ; 4.62e-12 ; True ; 19 21 39 85 119 248 330 370 373 422 477 527 575 591 656 681 710 839  ; 5 1 2 13 4 6 6 5 7 2 5 7 2 2 7 1 
685.9 ; 4.751e-12 ; True ; 119 176 215 221 233 246 283 293 338 346 347 373 466 477 527 595 695 799 829  ; 4 1 2 10 6 4 7 3 7 2 3 6 4 4 5 1 
730 ; 4.907e-12 ; True ; 14 19 48 96 249 297 373 379 406 423 475 511 514 527 530 573 635 638 739 863  ; 4 1 3 13 8 7 4 4 4 3 6 5 2 3 5 1 
756.1 ; 6.199e-12 ; True ; 1 13 19 29 139 271 373 388 406 460 464 527 581 587 682 689 717 741 834 849  ; 5 1 3 15 8 4 5 4 4 5 5 3 4 2 5 1 
763.5 ; 9.026e-12 ; True ; 1 19 67 109 162 214 367 370 373 459 471 552 581 602 652 681 695 738 755 844 858  ; 6 1 2 15 10 5 3 5 4 5 7 4 3 3 8 1 
859.4 ; 1.084e-11 ; True ; 1 35 195 293 327 373 441 467 473 483 512 527 531 550 552 650 748 782 794 804 818  ; 6 1 2 13 9 5 7 4 3 2 5 6 4 5 8 1 
878.5 ; 1.158e-11 ; True ; 1 28 130 147 152 209 236 287 346 373 406 435 500 518 609 695 711 739 752 784 804  ; 6 1 2 13 6 5 3 5 4 4 7 6 4 4 5 1 
948.5 ; 1.283e-11 ; True ; 96 119 162 207 293 365 373 439 445 467 488 543 587 634 663 695 719 764 772 794 853 863  ; 8 1 4 13 8 6 4 3 5 2 6 6 3 4 7 1 
979.8 ; 1.528e-11 ; True ; 99 133 256 293 320 373 445 460 473 518 527 564 587 602 612 656 666 667 694 695 729 755 816  ; 7 1 3 15 9 6 3 3 4 3 7 4 6 5 6 1 
980.2 ; 2.732e-11 ; True ; 19 60 65 81 101 145 162 241 301 320 334 370 373 458 527 587 638 660 788 829 852 857 863  ; 5 1 3 12 8 5 5 7 5 5 5 4 3 5 5 1 
1097 ; 4.71e-11 ; True ; 14 24 41 131 195 229 249 293 320 344 370 373 439 483 527 636 651 663 665 698 735 786 822 823 826  ; 4 1 4 17 11 10 5 5 7 4 5 4 3 5 8 1 
1271 ; 4.822e-11 ; True ; 1 19 24 26 56 107 138 210 246 289 303 311 315 316 373 400 433 513 531 535 553 579 610 656 688 735 833 850  ; 7 1 4 20 12 4 6 4 7 2 9 6 3 7 11 1 
1364 ; 5.69e-11 ; True ; 1 19 24 26 56 138 142 210 246 289 311 315 316 353 373 400 433 513 531 542 579 656 730 735 753 812 833 850  ; 8 1 3 20 13 6 5 4 6 2 10 6 5 6 10 1 
1457 ; 7.234e-11 ; True ; 120 133 167 176 194 215 244 293 294 373 425 439 466 467 482 483 556 572 610 611 614 656 685 695 735 756 817 863  ; 4 1 6 22 13 4 4 6 7 3 6 7 5 5 7 1 
1658 ; 7.566e-11 ; True ; 1 24 27 115 134 152 159 198 203 256 266 313 315 373 414 422 424 460 462 471 509 527 617 625 657 680 682 762 774 817 827  ; 10 1 3 22 10 7 3 7 8 3 11 6 3 6 10 1 
1678 ; 2.01e-10 ; True ; 19 109 114 133 162 171 205 248 271 278 354 373 521 527 531 595 603 652 663 666 685 807 809 815 818 827 839 850 863  ; 6 1 7 20 10 5 6 6 5 3 6 9 5 7 8 1 
1774 ; 2.441e-10 ; True ; 19 67 71 118 145 149 150 226 256 268 315 373 416 421 454 473 506 518 527 538 547 599 731 758 786 825 835 839 844 849 863  ; 7 1 3 25 14 8 7 7 7 5 6 7 4 7 8 1 

RUN 6:
Optimum Distance: 22.67
Optimal Team: 1,152,373,695,
Required Skills: 0 1 4 5 9 10 11 12 14 15 16 18 22 23 24 26 
Distance; Skill Score; isValid; Team; Skill Counts
40.03 ; 1.081e-16 ; True ; 19 24 145 373 695  ; 1 1 1 4 4 2 3 2 2 2 1 1 1 1 1 1 
58.3 ; 1.838e-16 ; True ; 19 108 176 373 422 685  ; 1 1 1 5 3 2 3 3 2 1 1 3 1 1 1 1 
65.86 ; 2.415e-16 ; True ; 19 98 373 398 527 833  ; 2 1 1 4 4 2 2 2 2 1 1 2 1 2 1 1 
71.85 ; 1.159e-15 ; True ; 19 170 373 462 650 695 735  ; 3 1 1 6 4 2 2 2 2 1 3 1 2 1 3 1 
72.63 ; 3.152e-15 ; True ; 65 152 373 398 518 587 695  ; 3 1 1 4 2 2 1 3 1 2 3 2 3 2 3 1 
72.95 ; 6.984e-15 ; True ; 19 176 373 422 518 685 695  ; 2 1 1 6 4 2 3 2 3 2 2 3 3 1 2 1 
96.35 ; 1.641e-14 ; True ; 25 152 176 373 422 518 685 695  ; 3 1 1 7 4 4 2 2 3 1 4 3 3 1 4 1 
137 ; 3.631e-14 ; True ; 19 100 127 176 373 422 518 685 695  ; 4 1 1 7 5 2 3 2 4 2 3 3 3 1 4 1 
143.2 ; 5.961e-14 ; True ; 19 24 176 373 422 518 685 695 717  ; 2 1 2 7 6 3 3 3 3 2 3 3 3 1 3 1 
225.6 ; 1.742e-13 ; True ; 152 226 373 467 518 527 567 695 751 761 800 851  ; 5 1 1 10 5 5 3 2 5 1 6 2 3 3 5 1 
279.5 ; 2.305e-13 ; True ; 1 19 29 136 249 289 315 373 416 447 518 587 712  ; 4 1 1 10 4 4 2 4 3 5 5 1 3 3 5 1 
287.8 ; 4.28e-13 ; True ; 133 152 226 258 373 467 518 527 652 695 751 761 834  ; 5 1 1 10 4 4 2 3 6 1 6 3 4 5 5 1 
345.3 ; 4.504e-13 ; True ; 29 101 106 293 373 379 380 514 527 531 609 614 733 735  ; 5 1 1 12 9 3 2 4 4 2 4 3 4 4 4 1 
350.9 ; 9.463e-13 ; True ; 29 108 145 152 257 356 373 402 473 527 664 695 829  ; 5 1 1 10 8 5 5 4 5 1 7 3 3 3 6 1 
377.1 ; 1.077e-12 ; True ; 19 29 55 108 134 145 167 257 356 373 473 527 664 829  ; 3 1 1 10 6 4 5 4 4 2 8 3 3 3 7 1 
398.6 ; 1.271e-12 ; True ; 152 226 258 373 467 472 518 527 652 666 695 751 761 800 838  ; 6 1 2 9 4 4 3 3 7 1 6 3 4 5 4 1 
413.2 ; 1.32e-12 ; True ; 29 152 162 327 373 376 477 511 527 529 554 602 662 735 751  ; 7 1 2 11 6 7 3 5 4 1 8 3 3 2 7 1 
423.3 ; 1.518e-12 ; True ; 1 67 121 152 166 255 373 439 552 653 720 730 739 849  ; 4 1 3 7 6 5 3 4 2 3 3 5 3 3 5 1 
533.3 ; 1.585e-12 ; True ; 30 48 106 172 222 293 316 373 422 467 483 527 555 609 738 844 863  ; 6 1 3 12 8 5 2 6 5 2 5 3 2 3 4 1 
538.2 ; 1.605e-12 ; True ; 1 19 165 250 272 306 373 400 487 511 529 531 572 610 678 695 846 849  ; 3 1 3 13 7 4 3 3 3 5 5 2 4 2 8 1 
539.3 ; 1.896e-12 ; True ; 1 4 108 133 152 373 386 443 457 483 511 667 803 835 849 850  ; 5 1 2 12 6 5 4 6 4 3 4 4 2 2 5 1 
543 ; 3e-12 ; True ; 1 19 60 96 293 295 316 328 373 399 555 590 648 685 695 707 757 850  ; 5 1 3 14 6 5 4 4 2 2 5 4 2 3 7 2 
545.7 ; 3.313e-12 ; True ; 19 197 225 260 373 462 466 504 527 531 636 641 666 688 752 833 839  ; 4 1 3 12 8 4 4 2 4 4 4 4 3 4 6 1 
552.6 ; 4.901e-12 ; True ; 19 108 225 246 297 347 373 422 551 641 685 695 711 743 765 820 830 849  ; 6 1 2 15 8 5 5 4 5 3 3 5 3 4 4 1 
700.4 ; 5.593e-12 ; True ; 19 26 79 132 145 207 225 249 373 451 467 496 503 511 595 715 750 849  ; 6 1 2 11 6 6 4 2 5 6 5 3 4 3 6 1 
712.1 ; 6.248e-12 ; True ; 10 18 19 25 27 78 220 290 318 350 370 373 466 483 560 609 695 743 827  ; 4 1 2 14 7 5 4 4 4 5 5 4 3 5 4 1 
751.3 ; 9.042e-12 ; True ; 1 19 38 221 238 249 251 373 380 482 541 553 609 619 625 734 735 740 756 796 850  ; 5 1 2 17 8 5 5 5 4 4 6 2 4 5 6 1 
891 ; 9.103e-12 ; True ; 1 107 135 185 229 255 293 373 505 527 551 595 609 673 723 735 739 743 818 834 842 863  ; 4 1 4 11 8 4 5 5 4 2 5 6 4 8 2 1 
935.6 ; 1.056e-11 ; True ; 95 100 152 160 162 194 217 229 245 307 313 373 437 441 467 483 567 625 679 695 729 822 845  ; 9 1 3 17 14 7 4 5 5 3 8 3 2 3 8 1 
940.9 ; 1.405e-11 ; True ; 14 19 41 152 174 223 283 295 373 449 464 490 516 524 610 757 775 804 824 839 850 855  ; 6 1 3 14 4 4 5 3 3 4 8 5 2 4 10 2 
953 ; 1.549e-11 ; True ; 1 19 32 108 162 172 257 266 269 293 373 415 515 516 527 536 564 595 602 665 739 863  ; 5 1 4 14 8 6 5 6 5 3 5 4 1 5 5 2 
1034 ; 1.986e-11 ; True ; 1 19 95 152 240 250 271 297 313 373 446 467 482 527 534 617 659 719 720 796 810 836 869  ; 5 1 3 16 7 6 5 5 6 3 6 3 2 5 5 2 
1038 ; 2.386e-11 ; True ; 1 19 41 60 108 180 212 251 271 335 353 373 391 414 483 492 504 553 610 617 635 661 664 730 863  ; 5 1 4 21 7 7 4 7 4 5 9 3 3 3 6 1 
1088 ; 2.396e-11 ; True ; 12 18 19 41 98 152 163 220 373 375 422 460 466 477 495 550 606 689 694 695 731 751 853  ; 7 1 3 16 11 7 4 3 6 3 5 5 4 3 5 2 
1146 ; 2.521e-11 ; True ; 95 100 152 160 162 194 217 245 287 307 313 373 467 477 483 517 567 600 620 625 676 695 729 822 849  ; 9 1 3 18 13 7 5 5 6 5 8 5 2 2 9 1 
1165 ; 3.177e-11 ; True ; 19 65 81 133 150 160 187 210 284 293 307 315 373 375 422 468 477 482 491 513 527 547 625 630 641 695  ; 5 1 3 17 9 6 5 8 5 1 7 4 4 6 7 2 
1173 ; 3.842e-11 ; True ; 12 19 65 78 81 133 160 167 228 254 284 293 307 315 320 373 375 468 477 527 547 695 739 805 854  ; 4 1 3 13 10 4 5 7 6 2 5 7 4 6 4 2 
1187 ; 3.882e-11 ; True ; 52 65 67 109 119 121 152 203 220 240 254 275 373 438 483 527 541 694 748 750 756 785 812  ; 4 1 2 17 8 8 4 8 7 3 6 7 4 8 4 1 
1253 ; 5.211e-11 ; True ; 1 41 60 108 180 212 229 249 251 271 293 373 375 391 414 483 492 504 553 610 635 651 661 694 730 863 865 867  ; 5 1 5 23 9 8 5 6 6 5 8 3 2 6 6 1 
1321 ; 1.241e-10 ; True ; 1 19 96 152 191 207 236 257 315 373 400 497 506 511 519 527 595 653 670 706 715 728 774 800 838 839  ; 6 1 3 16 8 5 7 6 6 3 10 4 4 6 7 2 
1502 ; 1.31e-10 ; True ; 19 29 55 60 79 109 152 174 176 257 264 271 359 370 372 373 375 400 422 475 553 571 606 645 655 685 843 849  ; 7 1 4 22 13 5 6 7 6 3 7 4 4 4 10 2 
1805 ; 1.367e-10 ; True ; 60 293 312 322 335 373 380 414 422 439 460 462 483 511 529 530 531 571 573 578 610 636 663 678 679 714 750 782 799 822 843  ; 9 1 4 23 9 9 7 4 7 3 8 6 5 4 11 1 
1836 ; 1.811e-10 ; True ; 1 8 64 109 110 150 240 259 291 293 373 400 406 422 430 466 483 553 565 617 650 678 695 735 750 751 753 796 802 823 824 834  ; 6 1 2 25 8 11 6 9 9 4 9 4 5 6 12 1 
1924 ; 2.276e-10 ; True ; 1 26 36 62 106 152 252 293 302 320 329 338 361 373 422 423 431 442 466 477 504 517 527 611 617 657 695 750 761 769 804 863  ; 10 1 2 26 10 7 6 7 7 3 7 5 7 6 7 2 
 

RUN 7:
Optimum Distance: 22.67
Optimal Team: 1,152,373,695,
Required Skills: 0 1 4 5 9 10 11 12 14 15 16 18 22 23 24 26 
Distance; Skill Score; isValid; Team; Skill Counts
54.88 ; 2.986e-16 ; True ; 1 36 152 373 695 784  ; 2 1 1 4 2 2 2 2 2 1 3 1 1 1 3 1 
75.46 ; 4.014e-16 ; True ; 4 19 344 373 483 527  ; 1 1 1 5 4 3 3 2 3 2 1 2 1 1 1 1 
75.7 ; 4.95e-16 ; True ; 293 373 527 735 755 833 858  ; 1 1 1 5 5 3 1 2 2 1 3 2 1 2 2 1 
80.06 ; 1.515e-15 ; True ; 1 19 373 448 511 682 695  ; 3 1 1 5 3 2 2 2 1 3 2 2 2 1 2 1 
88.91 ; 2.052e-15 ; True ; 19 24 373 422 552 750 865  ; 2 1 1 6 3 3 2 3 2 1 2 1 2 2 3 1 
95.94 ; 7.15e-15 ; True ; 4 24 152 344 373 483 527  ; 2 1 2 6 5 5 2 3 3 1 3 2 1 1 3 1 
111 ; 9.465e-15 ; True ; 100 149 152 373 424 609 739 849  ; 4 1 1 5 5 2 1 2 3 2 3 2 2 2 4 1 
125.7 ; 1.261e-14 ; True ; 4 24 152 373 483 527 598 822  ; 2 1 2 6 5 4 3 3 3 1 3 2 2 1 2 1 
136.9 ; 1.3e-14 ; True ; 1 152 229 260 344 373 380 483 490  ; 4 1 1 7 5 5 3 2 2 2 4 1 2 1 4 1 
168.9 ; 2.715e-14 ; True ; 19 165 270 373 439 527 610 663 679 863  ; 2 1 3 7 5 3 3 2 2 2 3 2 2 2 2 1 
178.3 ; 6.323e-14 ; True ; 8 152 264 373 406 493 527 609 849 863  ; 2 1 1 6 5 4 3 3 3 2 2 4 3 3 2 1 
224.2 ; 1.558e-13 ; True ; 24 66 81 152 253 344 373 527 695 755 833  ; 4 1 1 9 8 4 2 3 3 1 4 4 4 4 3 1 
273.8 ; 1.642e-13 ; True ; 139 152 320 373 422 466 516 609 673 757 785 824  ; 5 1 2 7 3 5 1 4 4 3 4 2 2 2 5 1 
301.3 ; 2.291e-13 ; True ; 1 63 138 145 152 239 338 373 467 656 695 746 783  ; 6 1 2 9 5 3 2 3 3 2 6 3 2 2 5 1 
307.5 ; 6.943e-13 ; True ; 24 25 41 152 165 228 373 483 595 684 695 757 859  ; 3 1 2 11 5 5 3 3 5 3 4 2 2 4 5 1 
404.4 ; 7.732e-13 ; True ; 29 40 152 165 248 373 376 457 511 527 587 606 609 649 739  ; 5 1 1 11 7 5 2 4 4 4 5 2 5 2 5 1 
423.3 ; 1.057e-12 ; True ; 16 19 95 223 344 373 380 441 501 527 531 587 733 829 849  ; 5 1 1 12 8 5 3 2 3 3 4 5 5 3 6 1 
473.1 ; 1.871e-12 ; True ; 44 138 152 162 171 240 246 373 420 481 531 609 651 666 695 796 863  ; 6 1 3 11 7 2 5 3 4 2 5 3 3 7 3 1 
489 ; 2.572e-12 ; True ; 15 16 121 152 258 293 319 373 380 527 529 598 735 782 833 849  ; 5 1 2 10 7 6 2 6 4 1 5 3 4 4 5 2 
582.8 ; 2.634e-12 ; True ; 19 29 48 133 152 236 306 315 373 422 439 460 609 709 739 748 753 769  ; 7 1 4 10 6 3 3 6 4 2 8 2 2 2 5 2 
587 ; 2.835e-12 ; True ; 19 60 244 319 324 327 373 380 504 511 555 587 609 695 752 831 870  ; 5 1 2 15 7 7 3 3 3 4 7 2 5 3 5 1 
621.3 ; 5.133e-12 ; True ; 1 67 100 128 293 315 354 370 373 414 425 466 527 597 645 720 787 824  ; 4 1 2 11 7 5 4 3 7 4 6 3 3 4 5 1 
645.1 ; 1.254e-11 ; True ; 4 16 24 95 152 223 321 344 373 380 466 501 527 531 710 733 829 849  ; 5 1 3 15 9 8 4 4 5 2 6 6 4 3 7 1 
902.5 ; 2.481e-11 ; True ; 19 36 60 81 246 305 364 373 375 422 435 439 447 466 511 516 573 575 609 685 695 738 842  ; 8 1 3 15 7 4 5 5 5 3 5 5 7 3 6 1 
1056 ; 3.165e-11 ; True ; 19 26 52 152 205 373 374 380 460 462 483 518 527 531 536 537 541 572 655 751 755 790 850  ; 5 1 2 19 13 6 5 2 5 5 7 5 5 4 6 2 
1114 ; 3.214e-11 ; True ; 19 71 162 166 237 246 249 291 293 368 373 412 511 564 583 617 660 663 695 735 750 753 845 863  ; 8 1 2 13 9 9 3 5 4 3 5 5 4 6 6 2 
1156 ; 5.692e-11 ; True ; 1 14 19 87 204 315 328 373 448 472 486 497 504 531 536 573 602 609 625 652 678 686 695 796 839  ; 8 1 3 17 10 5 5 6 6 5 6 6 4 3 8 1 
1323 ; 6.308e-11 ; True ; 19 29 41 95 109 126 207 219 319 351 362 373 387 400 462 527 538 571 587 595 664 685 774 796 818 858  ; 9 1 2 18 10 5 6 4 9 3 9 5 9 3 10 1 
1501 ; 7.491e-11 ; True ; 19 81 119 152 238 256 291 373 389 439 442 488 524 527 540 547 628 634 636 639 648 654 660 669 695 751 833 839  ; 7 1 2 21 11 7 6 4 6 2 7 8 5 6 6 2 
1573 ; 9.296e-11 ; True ; 1 3 19 31 102 119 152 162 176 223 252 281 303 320 373 398 416 429 447 467 487 518 524 541 720 747 818 852 870  ; 9 1 3 19 9 7 6 5 6 4 8 4 3 4 7 2 
1615 ; 1.086e-10 ; True ; 19 109 146 149 162 176 187 271 340 343 373 385 406 441 483 495 541 568 660 685 769 785 790 818 819 843 846 850  ; 6 1 4 20 11 5 8 5 6 4 5 10 5 4 6 1 
1647 ; 1.098e-10 ; True ; 14 17 19 29 81 87 106 140 185 249 263 271 291 373 496 527 531 579 609 611 649 666 670 674 697 747 818 829  ; 11 1 3 16 15 6 5 8 6 4 9 5 6 3 8 1 
1670 ; 1.116e-10 ; True ; 1 39 48 101 162 192 213 293 301 373 374 398 456 472 527 529 553 609 632 666 678 682 688 694 695 723 735 744 755 763 841  ; 8 1 6 21 16 8 3 6 5 6 6 5 4 6 5 1 
1708 ; 1.249e-10 ; True ; 4 19 44 65 111 131 152 185 187 189 205 249 271 303 373 422 448 496 527 597 656 691 708 711 720 731 739 819  ; 5 1 3 10 8 6 4 8 10 2 7 8 4 8 5 2 
1723 ; 1.437e-10 ; True ; 1 19 29 254 264 273 300 301 315 373 415 425 435 463 527 542 547 568 610 638 655 739 751 757 767 785 820 830 849 858  ; 7 1 6 19 12 6 4 8 6 4 8 8 4 3 10 1 
1837 ; 2.046e-10 ; True ; 14 19 86 152 165 185 248 250 252 255 292 311 324 337 365 373 495 587 592 618 652 695 722 750 756 782 785 790 817 833  ; 7 1 3 19 13 5 5 4 7 5 7 8 5 6 6 2 
2064 ; 2.367e-10 ; True ; 1 4 9 94 96 108 143 152 160 249 263 283 373 380 427 431 439 460 480 506 518 527 603 648 687 720 733 787 811 843 849 859  ; 7 1 5 23 11 9 5 6 4 5 9 6 5 6 9 1 


RUN 8:
Optimum Distance: 22.67
Optimal Team: 1,152,373,695,
Required Skills: 0 1 4 5 9 10 11 12 14 15 16 18 22 23 24 26 
Distance; Skill Score; isValid; Team; Skill Counts
41.07 ; 6.399e-17 ; True ; 1 29 152 373 804  ; 2 1 1 4 2 1 1 3 1 1 3 1 1 1 3 1 
54.96 ; 6.382e-16 ; True ; 1 14 293 373 527 833  ; 1 1 1 4 4 2 1 2 2 2 3 2 1 2 2 1 
65.76 ; 1.142e-15 ; True ; 14 152 373 439 527 833  ; 2 1 1 4 4 3 2 1 2 1 3 3 1 2 2 1 
84.45 ; 5.717e-15 ; True ; 14 19 344 373 527 735 833  ; 2 1 1 6 5 4 2 2 2 2 3 2 1 2 3 1 
109.9 ; 8.94e-15 ; True ; 14 19 373 527 550 735 819 833  ; 3 1 1 5 5 5 2 2 2 2 3 2 1 2 3 1 
139.3 ; 1.078e-14 ; True ; 24 152 188 232 373 587 665 695 843  ; 4 1 1 7 5 3 1 2 2 2 3 2 2 3 3 1 
142.8 ; 1.503e-14 ; True ; 108 152 194 303 373 401 483 527 568  ; 3 1 1 6 5 5 3 3 2 1 4 4 1 2 2 1 
158.6 ; 2.017e-14 ; True ; 19 96 207 373 380 477 672 751 849  ; 5 1 1 6 5 5 3 1 2 2 4 3 2 1 4 1 
166.9 ; 2.121e-14 ; True ; 131 254 293 373 527 552 568 609 679 774  ; 3 1 1 6 5 2 1 4 2 2 4 3 3 2 3 1 
180.6 ; 1.203e-13 ; True ; 1 21 29 152 373 439 595 655 695 784  ; 4 1 2 6 3 3 3 3 3 1 4 3 2 3 5 1 
239.9 ; 1.282e-13 ; True ; 1 19 149 297 345 373 374 380 527 619 760 849  ; 2 1 2 10 6 3 4 2 2 3 3 3 3 2 4 1 
277.8 ; 3.323e-13 ; True ; 19 150 162 315 373 467 510 518 527 641 686 700 748  ; 5 1 2 11 4 4 4 3 2 4 4 2 2 2 5 1 
290.7 ; 3.556e-13 ; True ; 19 23 108 248 373 527 596 679 683 695 735 800 824  ; 4 1 1 9 5 3 5 3 4 3 5 3 2 3 3 1 
292.8 ; 5.248e-13 ; True ; 1 41 67 149 152 353 373 395 458 467 468 527 652  ; 2 1 2 9 5 3 2 3 5 3 5 3 4 3 4 1 
355.6 ; 1.348e-12 ; True ; 4 152 240 256 287 370 373 398 602 610 695 750 755 784  ; 3 1 4 9 6 3 3 4 4 2 5 3 3 3 5 1 
418.1 ; 2.755e-12 ; True ; 24 41 108 145 152 189 260 325 373 375 422 514 518 527 573  ; 4 1 2 11 5 7 4 4 4 3 6 2 4 3 5 1 
511.8 ; 4.371e-12 ; True ; 1 19 29 180 355 373 399 467 483 495 567 691 695 744 751 785 854  ; 7 1 3 13 6 5 4 5 4 3 7 4 2 2 6 1 
580.8 ; 6.28e-12 ; True ; 1 4 40 81 91 152 162 221 373 639 695 750 755 758 784 818 863  ; 5 1 3 12 9 5 3 5 4 3 5 4 4 3 5 1 
789 ; 2.483e-11 ; True ; 1 152 195 247 271 318 367 373 458 466 483 493 527 609 785 788 827 833 843 849  ; 4 1 3 16 10 7 3 5 5 7 4 5 4 4 6 1 
1031 ; 3.845e-11 ; True ; 1 11 19 41 106 128 176 216 258 313 343 373 456 466 467 474 475 477 483 492 567 568 695 712  ; 6 1 3 18 8 5 6 6 7 6 4 7 3 3 5 1 
1184 ; 4.424e-11 ; True ; 29 41 59 67 85 95 96 119 141 159 293 351 373 380 411 439 558 678 739 785 822 827 839 849  ; 5 1 4 15 11 9 4 5 6 3 3 10 4 5 7 1 
1259 ; 4.704e-11 ; True ; 7 19 29 85 149 205 293 315 328 336 366 370 373 410 412 419 439 441 483 527 563 611 756 804 824 839  ; 5 1 3 18 15 3 7 5 7 3 5 5 3 5 8 2 
1300 ; 6.425e-11 ; True ; 32 56 67 82 96 108 152 215 225 275 287 310 370 373 528 553 571 611 681 735 750 800 818 833 849  ; 8 1 2 18 10 8 7 5 6 4 4 8 3 8 7 1 
1375 ; 1.111e-10 ; True ; 7 19 29 83 85 149 158 248 293 315 366 370 373 412 419 439 441 474 483 527 563 611 630 785 804 824 839  ; 8 1 4 19 14 4 7 6 5 4 5 6 3 4 9 2 
1687 ; 1.5e-10 ; True ; 19 29 88 108 138 145 149 170 200 209 244 373 411 459 500 518 527 552 641 651 663 673 682 685 739 762 775 794 798  ; 7 1 3 17 12 8 6 4 5 4 6 9 7 6 8 1 
1695 ; 3.143e-10 ; True ; 1 19 23 24 81 145 174 188 225 229 241 270 272 293 346 373 483 488 512 608 639 685 695 750 756 769 772 796 798 799 843  ; 7 1 3 23 17 4 7 6 7 7 6 5 5 5 9 2 

RUN 9:
Optimum Distance: 22.67
Optimal Team: 1,152,373,695,
Required Skills: 0 1 4 5 9 10 11 12 14 15 16 18 22 23 24 26 
Distance; Skill Score; isValid; Team; Skill Counts
43.12 ; 3.418e-17 ; True ; 19 248 370 373 527  ; 1 1 1 4 3 1 2 2 1 2 1 1 1 1 2 1 
49.87 ; 2.816e-16 ; True ; 1 81 119 152 315 373  ; 2 1 1 3 3 2 2 3 2 1 2 1 1 1 2 1 
54.96 ; 1.42e-15 ; True ; 152 313 373 527 610 695  ; 2 1 1 5 3 2 2 1 3 1 3 2 2 2 2 1 
84.91 ; 2.21e-15 ; True ; 31 152 373 483 527 568 684  ; 2 1 1 5 4 3 2 2 2 1 3 3 1 2 2 1 
90.39 ; 3.032e-15 ; True ; 19 67 219 373 511 695 735  ; 2 1 1 5 2 2 2 2 3 2 2 2 2 2 2 1 
97.16 ; 4.34e-15 ; True ; 1 19 150 257 373 518 695 790  ; 2 1 1 7 2 2 3 3 2 3 3 1 2 1 4 1 
99.46 ; 8.182e-15 ; True ; 152 176 256 301 373 467 518 527  ; 2 1 1 6 4 3 3 2 2 1 4 3 3 1 3 1 
113.9 ; 8.591e-15 ; True ; 24 152 229 256 373 587 695 707 807  ; 3 1 1 7 5 3 3 2 2 1 3 1 3 2 4 1 
123.2 ; 1.077e-14 ; True ; 74 152 287 373 527 610 695 785  ; 2 1 2 6 4 2 2 2 3 1 3 4 2 2 2 1 
128 ; 1.407e-14 ; True ; 19 109 320 373 527 695 829 865  ; 3 1 1 5 4 2 4 2 4 1 3 2 2 3 2 1 
149.3 ; 1.559e-14 ; True ; 19 119 121 233 373 695 755 756 757  ; 2 1 2 7 5 2 3 5 3 2 2 2 1 2 2 1 
156.4 ; 1.651e-14 ; True ; 19 67 373 474 518 534 642 695 839  ; 3 1 1 5 2 3 2 3 2 3 3 3 2 2 2 1 
164 ; 1.817e-14 ; True ; 19 119 373 473 504 527 829 834 839  ; 2 1 2 6 3 3 3 2 2 2 4 3 1 2 3 1 
170.4 ; 2.806e-14 ; True ; 1 19 152 350 352 373 610 634 695 750  ; 2 1 2 9 3 1 2 2 4 2 5 2 2 2 3 2 
182.8 ; 5.886e-14 ; True ; 1 19 96 373 467 509 527 653 777 819  ; 2 1 2 7 3 3 3 3 2 2 3 3 2 3 3 1 
195.9 ; 7.108e-14 ; True ; 27 29 152 301 373 398 466 527 720 850  ; 2 1 1 6 4 3 3 3 3 1 4 4 3 4 3 1 
209.7 ; 9.095e-14 ; True ; 1 74 147 152 241 373 527 608 610 695 785  ; 3 1 3 9 5 3 3 3 3 1 4 3 2 2 3 1 
226.3 ; 1.003e-13 ; True ; 101 152 162 260 373 404 439 548 695 735 750  ; 3 1 2 8 5 3 3 2 2 2 3 3 3 3 3 1 
238.8 ; 1.469e-13 ; True ; 19 29 152 226 373 466 470 531 735 776 839  ; 3 1 2 7 5 3 2 4 3 2 5 2 2 1 6 2 
260.5 ; 2.71e-13 ; True ; 17 44 149 152 373 422 431 462 587 609 660 695 716  ; 7 1 1 10 5 2 2 4 4 2 5 2 3 4 6 1 
286.5 ; 2.956e-13 ; True ; 27 29 152 301 373 466 527 610 720 729 850 854  ; 2 1 2 8 4 3 3 3 4 1 5 4 3 5 4 1 
344.3 ; 5.581e-13 ; True ; 1 19 136 138 305 320 351 373 466 524 527 664 695 753  ; 4 1 1 9 7 6 3 2 3 3 6 3 3 4 4 1 
402.2 ; 5.649e-13 ; True ; 19 43 48 60 152 172 248 257 373 422 480 511 595 626 695  ; 5 1 1 12 5 4 4 4 4 2 5 2 2 2 6 2 
414.5 ; 1.011e-12 ; True ; 19 31 101 255 293 318 327 373 417 466 527 552 656 735 832  ; 3 1 1 10 8 5 5 2 2 4 3 4 4 4 3 2 
459.1 ; 2.384e-12 ; True ; 5 19 31 255 293 318 327 370 373 417 466 518 527 656 735 832  ; 2 1 2 11 6 5 5 3 2 4 4 4 4 3 4 2 
612 ; 3.331e-12 ; True ; 1 14 19 28 54 233 327 347 373 411 462 513 527 595 609 752 754 833  ; 5 1 2 13 7 3 4 3 6 4 5 4 2 5 5 1 
625.6 ; 4.411e-12 ; True ; 1 19 29 96 288 373 414 418 457 525 572 610 681 753 811 816 818 849  ; 6 1 2 12 10 5 5 4 3 4 6 3 4 2 6 1 
633.3 ; 6.03e-12 ; True ; 1 19 90 95 173 246 287 300 373 423 511 552 568 571 626 663 695 756 776  ; 5 1 2 12 8 4 4 4 5 3 4 4 4 4 7 1 
798.8 ; 7.306e-12 ; True ; 19 79 130 146 149 208 254 333 334 373 493 518 672 685 695 720 739 751 774 807 862  ; 8 1 2 15 9 7 4 5 3 3 7 4 3 3 7 1 
810.1 ; 8.247e-12 ; True ; 19 24 29 152 187 200 249 260 280 290 295 373 456 467 471 518 703 712 745 865  ; 5 1 2 13 7 4 3 5 3 3 7 3 4 4 7 2 
819 ; 1.159e-11 ; True ; 10 19 24 109 152 248 249 273 373 482 527 529 567 568 595 661 702 780 792 795 849  ; 4 1 3 13 11 6 3 5 4 4 6 4 2 3 7 2 
820.7 ; 1.404e-11 ; True ; 19 106 149 152 256 373 375 403 466 505 518 649 661 695 703 735 739 826 842 852 860 863  ; 4 1 4 16 11 4 5 6 2 3 5 4 4 3 6 2 
847.7 ; 1.967e-11 ; True ; 19 59 63 67 152 170 207 244 343 373 478 516 550 609 695 700 729 739 758 818  ; 9 1 3 13 10 5 5 3 5 3 4 6 4 4 3 2 
920 ; 2.504e-11 ; True ; 67 81 152 174 176 233 234 240 282 373 399 439 527 530 595 609 651 669 682 796 849 853  ; 6 1 2 14 9 6 6 3 6 4 6 4 5 6 5 1 
1026 ; 3.146e-11 ; True ; 0 1 19 32 39 108 116 128 162 176 256 272 373 379 414 418 462 527 609 610 670 720 721 728  ; 6 1 2 17 9 6 8 3 7 4 6 5 4 4 8 1 
1174 ; 4.348e-11 ; True ; 3 14 19 55 90 111 150 254 297 339 373 476 483 553 587 613 641 653 695 729 785 804 852 868  ; 5 1 3 19 6 5 6 5 6 5 6 5 3 6 6 1 
1244 ; 7.6e-11 ; True ; 14 19 24 29 65 165 256 316 356 373 375 380 417 460 483 491 518 529 628 640 643 664 720 758 786 863  ; 4 1 5 19 14 10 5 7 5 6 7 3 4 3 9 1 
1355 ; 8.28e-11 ; True ; 59 145 163 176 210 254 291 293 373 430 466 483 529 567 609 617 640 663 671 673 674 695 752 792 818 829 849  ; 8 1 2 18 14 8 5 5 6 6 6 5 7 4 6 1 
1618 ; 1.006e-10 ; True ; 1 8 17 91 152 162 222 249 250 373 428 518 519 525 537 568 584 601 651 652 685 693 695 706 733 743 755 790 800 849  ; 7 1 3 22 11 8 3 5 5 6 9 7 5 5 8 1 
1683 ; 1.1e-10 ; True ; 1 19 66 108 141 162 221 249 261 293 352 353 364 373 400 414 432 483 511 520 595 663 665 673 711 728 749 784 831  ; 7 1 2 18 12 10 4 4 5 5 10 3 6 6 9 2 
1761 ; 1.129e-10 ; True ; 1 19 24 118 119 189 207 221 224 228 331 373 380 444 467 479 514 609 615 695 697 698 711 735 752 811 820 830 833 834 858  ; 10 1 6 25 13 9 3 6 7 3 7 5 3 8 9 1 
1851 ; 1.205e-10 ; True ; 24 26 51 106 145 152 194 244 256 312 315 348 362 373 387 440 441 451 483 489 518 531 568 609 637 730 760 804 843 850  ; 7 1 2 21 14 8 7 5 8 5 5 6 6 5 7 1 
1865 ; 1.243e-10 ; True ; 9 19 74 100 114 173 176 232 255 300 317 354 370 373 399 422 446 447 466 509 518 527 529 568 589 649 695 743 759 764 799 822  ; 8 1 3 23 9 9 6 7 7 4 9 8 4 3 7 1 
1875 ; 2.277e-10 ; True ; 19 24 96 109 221 282 342 373 380 422 437 466 483 509 511 523 527 536 568 574 587 604 653 674 794 820 829 849 854 858  ; 8 1 4 23 12 11 4 7 4 5 9 5 7 5 11 1 
1891 ; 3.274e-10 ; True ; 1 6 59 81 95 246 293 336 367 373 375 466 483 522 527 529 556 590 609 682 684 695 702 716 738 751 766 774 775 798 800 849  ; 7 1 4 23 14 8 6 5 8 6 7 5 6 6 9 1 

RUN 10:
Optimum Distance: 22.67
Optimal Team: 1,152,373,695,
Required Skills: 0 1 4 5 9 10 11 12 14 15 16 18 22 23 24 26 
Distance; Skill Score; isValid; Team; Skill Counts
52.93 ; 7.315e-18 ; True ; 234 293 313 373 695 735  ; 1 1 1 4 2 1 1 2 2 1 1 1 1 1 1 1 
53.21 ; 2.177e-17 ; True ; 152 165 373 519 641 695  ; 2 1 1 5 3 3 1 1 1 1 1 1 1 1 2 1 
60.98 ; 4.703e-17 ; True ; 152 220 228 313 373 527  ; 1 1 1 4 2 2 1 2 2 1 2 1 1 2 1 1 
63.8 ; 6.35e-17 ; True ; 1 152 373 527 585 802  ; 1 1 1 5 2 2 1 2 1 1 3 1 1 2 2 1 
66.98 ; 9.381e-17 ; True ; 1 152 323 324 373 527  ; 1 1 2 4 2 2 1 3 1 1 3 1 1 1 2 1 
71.25 ; 9.852e-17 ; True ; 19 373 527 587 715 729  ; 1 1 1 4 3 1 2 2 1 3 2 1 2 1 1 1 
76.54 ; 2.825e-16 ; True ; 1 152 192 373 679 695 782  ; 4 1 1 6 4 1 2 2 1 1 3 1 1 2 2 1 
77.44 ; 7.35e-16 ; True ; 152 373 378 467 480 527 609  ; 2 1 1 6 3 2 1 2 2 1 3 1 2 2 3 1 
85.26 ; 2.433e-15 ; True ; 19 100 171 373 414 467 527  ; 3 1 2 6 3 2 2 2 2 1 4 1 2 1 3 1 
99.94 ; 2.67e-15 ; True ; 1 119 152 192 373 679 695 782  ; 4 1 1 7 4 2 3 2 2 1 3 2 1 2 2 1 
100.9 ; 3.886e-15 ; True ; 152 373 378 467 527 595 609 645  ; 3 1 1 6 3 3 2 2 3 1 3 1 2 3 2 1 
118.2 ; 4.233e-15 ; True ; 19 24 258 373 483 518 681 827  ; 1 1 1 6 5 3 3 3 2 3 3 1 1 2 3 1 
119.1 ; 5.395e-15 ; True ; 1 19 121 124 162 373 467 594 695  ; 3 1 2 7 5 2 2 4 1 3 4 1 1 1 4 1 
126.1 ; 6.431e-15 ; True ; 1 19 47 373 422 465 477 655 695  ; 2 1 1 8 3 1 3 3 3 3 3 3 1 2 2 1 
138.9 ; 9.571e-15 ; True ; 1 138 152 373 465 529 531 695 852  ; 3 1 2 5 4 1 3 3 3 2 3 3 1 1 3 1 
148.7 ; 2.107e-14 ; True ; 19 100 152 373 467 480 527 609 759  ; 3 1 1 7 6 2 2 2 3 2 4 1 2 2 4 2 
156.7 ; 2.464e-14 ; True ; 19 121 318 373 398 451 527 557 591 695  ; 2 1 1 5 5 3 4 3 2 2 3 3 2 2 2 1 
167.4 ; 9.635e-14 ; True ; 1 19 152 223 281 373 527 587 609 743  ; 3 1 1 8 4 3 2 2 3 4 5 1 3 3 3 2 
207.5 ; 1.897e-13 ; True ; 1 150 152 288 340 373 527 587 695 706 816  ; 4 1 1 8 5 5 2 3 3 2 4 3 3 3 4 1 
248.1 ; 2.609e-13 ; True ; 96 152 162 245 344 373 483 520 609 641 685 774  ; 4 1 2 10 8 5 2 2 2 3 4 3 2 3 6 1 
317.2 ; 2.798e-13 ; True ; 19 27 164 311 318 362 370 373 519 527 681 695 829  ; 4 1 2 9 5 3 5 3 2 2 4 3 2 3 4 1 
333.4 ; 3.614e-13 ; True ; 1 19 100 171 373 414 462 467 477 527 588 596 599 751  ; 5 1 3 13 6 4 3 3 5 2 6 2 2 1 6 1 
347.2 ; 4.873e-13 ; True ; 19 60 77 149 173 195 271 329 373 406 467 488 527 609  ; 3 1 2 9 5 1 5 5 4 2 5 3 3 3 5 1 
355.2 ; 5.421e-13 ; True ; 14 24 29 36 90 152 291 373 396 527 595 685 782 838  ; 3 1 2 11 6 5 4 4 5 1 6 2 3 3 4 1 
385.5 ; 6.227e-13 ; True ; 1 67 150 152 279 288 292 340 373 527 587 695 768 816  ; 4 1 1 11 7 6 2 3 4 3 5 4 3 3 4 1 
420.2 ; 7.158e-13 ; True ; 14 24 29 36 152 282 373 527 592 595 685 715 782 838 846  ; 2 1 2 11 9 5 4 4 4 2 6 2 3 3 4 1 
429.3 ; 1.502e-12 ; True ; 96 152 162 245 330 373 424 483 520 601 609 641 652 685 774  ; 5 1 2 10 8 4 2 2 5 3 5 7 3 3 5 1 
489.5 ; 1.632e-12 ; True ; 25 40 119 152 176 207 315 373 388 391 398 524 554 609 685 695 764  ; 6 1 3 11 7 6 4 3 6 1 3 5 3 4 3 1 
505.6 ; 3.003e-12 ; True ; 1 17 19 61 81 145 245 248 256 315 346 373 464 527 560 610 660 790  ; 4 1 2 12 8 2 6 5 4 4 6 2 3 4 6 1 
543.6 ; 3.799e-12 ; True ; 1 11 19 41 49 190 204 368 373 553 676 684 685 695 720 735 774  ; 4 1 3 13 7 3 4 5 4 3 4 3 3 5 5 1 
660.7 ; 5.361e-12 ; True ; 96 97 121 152 155 162 330 373 424 483 520 527 601 609 641 734 774 829  ; 8 1 2 13 9 6 3 3 5 3 10 6 2 3 7 1 
673.9 ; 7.982e-12 ; True ; 25 40 65 119 152 176 207 315 373 388 391 398 467 524 554 609 685 695 764 820  ; 7 1 4 13 8 6 4 5 6 1 4 7 3 5 4 1 
764.7 ; 8.397e-12 ; True ; 19 29 41 43 86 96 232 260 276 278 287 326 370 373 424 527 534 572 756  ; 5 1 2 13 10 5 4 4 5 4 6 5 4 4 3 1 
791.8 ; 1.066e-11 ; True ; 8 19 64 100 145 171 373 398 420 467 471 486 527 550 636 684 695 697 705 739 818  ; 6 1 4 15 9 4 5 5 4 2 6 5 3 5 4 1 
859.8 ; 1.271e-11 ; True ; 29 32 67 118 121 152 233 313 324 362 373 441 527 553 568 626 654 738 744 780 796 843  ; 8 1 4 14 8 6 3 7 4 3 5 3 4 3 6 1 
880.6 ; 1.28e-11 ; True ; 19 24 142 223 293 316 318 373 398 448 483 527 552 587 595 639 640 648 772 834 853 864  ; 5 1 2 15 10 8 5 3 4 4 5 3 3 4 6 2 
926.7 ; 3.043e-11 ; True ; 19 41 67 118 130 138 147 160 162 373 414 422 429 439 488 512 662 684 695 713 835 849  ; 11 1 3 15 7 5 3 4 5 5 8 6 4 3 10 1 
1280 ; 4.173e-11 ; True ; 19 29 41 43 55 86 96 232 260 263 276 278 283 287 313 326 370 373 380 424 486 527 534 572 756  ; 7 1 2 18 11 6 4 4 5 5 9 6 6 4 6 1 
1415 ; 4.729e-11 ; True ; 23 25 36 47 134 152 207 254 269 315 345 370 373 430 466 487 501 525 527 568 594 609 652 731 741 783 798 800 858  ; 5 1 4 21 9 6 4 4 7 3 12 4 4 5 11 1 
1415 ; 5.386e-11 ; True ; 1 106 141 149 238 269 293 373 401 406 463 467 473 486 517 529 553 572 606 650 653 665 685 695 711 801 849 852 859  ; 8 1 4 21 16 5 5 6 6 3 6 3 4 7 8 1 
1447 ; 1.024e-10 ; True ; 19 24 29 118 134 139 179 258 271 275 313 343 373 448 483 529 538 542 568 580 595 695 728 808 833 849 855  ; 8 1 5 16 11 7 5 6 7 4 4 6 3 6 8 1 
1704 ; 1.043e-10 ; True ; 36 60 79 149 165 191 271 285 293 321 365 373 379 384 414 416 468 527 587 610 638 655 663 695 707 758 784 785 792 807 839  ; 7 1 4 22 11 10 6 5 7 2 7 8 5 4 10 1 
1774 ; 1.074e-10 ; True ; 1 19 25 41 44 51 103 108 135 245 373 393 406 421 439 443 467 485 500 518 534 587 595 626 665 666 680 739 785 804  ; 4 1 6 18 4 4 6 7 5 5 7 8 3 7 7 1 
1880 ; 1.317e-10 ; True ; 1 12 39 59 119 152 229 249 250 329 344 373 441 447 451 460 467 480 483 505 506 527 537 586 610 617 684 688 716 740 824 840  ; 5 1 5 22 12 7 5 6 7 4 10 6 3 5 10 1 
1926 ; 1.455e-10 ; True ; 4 14 29 145 148 152 184 229 250 288 293 309 313 327 373 421 424 431 467 539 614 667 671 695 709 762 774 789 818 831 844 849  ; 12 1 3 24 14 5 5 5 8 4 8 5 4 5 6 2 
1979 ; 1.689e-10 ; True ; 7 48 118 134 139 152 160 197 207 222 249 277 287 344 353 373 399 400 465 553 595 603 632 654 656 663 818 824 835 845 862  ; 10 1 4 18 11 7 4 6 6 4 10 6 6 4 11 1 
1995 ; 2.416e-10 ; True ; 1 9 26 29 145 152 213 229 316 340 341 354 370 373 466 474 483 527 529 541 546 609 672 697 719 728 784 791 830 834 839 841  ; 9 1 4 23 12 12 4 7 7 5 9 4 6 5 8 1 

