Iteration: 900
 Population Size: 1000
RUN 1:
Optimum Distance: 26.48
Optimal Team: 163,388,455,634,
Required Skills: 0 1 2 4 5 7 9 10 11 12 14 15 16 18 22 23 24 26 
Distance; Skill Score; isValid; Team; Skill Counts
54.07 ; 6.538e-17 ; True ; 1 163 359 388 547 885  ; 2 1 4 2 4 1 3 3 1 2 1 2 3 1 2 1 3 1 
90.58 ; 1.016e-16 ; True ; 112 163 257 388 455 483 880  ; 2 1 5 1 4 2 2 3 3 2 1 1 3 2 1 2 2 1 
106.1 ; 1.754e-16 ; True ; 25 163 240 388 612 680 684 711  ; 2 1 3 1 4 1 3 2 1 2 3 1 4 2 3 2 3 1 
113.5 ; 3.173e-16 ; True ; 101 112 163 191 388 483 713 761  ; 3 1 4 1 7 3 3 4 1 2 1 1 3 2 2 2 4 1 
117.2 ; 3.923e-16 ; True ; 104 152 163 359 388 464 500 547  ; 2 1 3 1 5 2 5 4 2 2 3 1 3 3 1 2 2 1 
142.3 ; 9.311e-16 ; True ; 1 125 163 276 341 359 388 547 885  ; 2 1 4 2 6 1 3 3 3 2 1 2 3 3 2 2 3 1 
165.3 ; 1.418e-15 ; True ; 20 49 379 388 413 483 547 574 612 653  ; 2 1 4 2 7 2 4 3 2 3 2 3 4 1 3 1 2 1 
165.9 ; 2.508e-15 ; True ; 15 67 163 388 438 543 592 620 723 854  ; 3 1 4 1 6 2 4 3 3 4 3 1 3 3 1 3 3 1 
181.5 ; 3.554e-15 ; True ; 59 110 112 163 187 257 388 455 483 880  ; 3 1 6 1 7 4 5 3 4 3 2 1 3 4 1 2 3 1 
195.4 ; 6.844e-15 ; True ; 143 163 171 329 388 483 594 723 750 817  ; 3 1 5 2 6 2 4 2 3 4 3 1 4 2 2 3 3 1 
216.2 ; 8.716e-15 ; True ; 30 112 163 257 388 455 462 648 723 785 880  ; 5 1 7 1 7 2 5 2 4 3 3 1 4 3 2 3 3 1 
231.3 ; 1.209e-14 ; True ; 1 20 56 181 215 231 320 344 388 500 723  ; 4 1 6 2 8 2 5 2 3 4 3 3 3 3 2 1 3 1 
264.3 ; 1.73e-14 ; True ; 20 67 83 385 388 459 547 575 627 662 769 856  ; 2 1 5 2 6 4 5 3 2 5 2 2 3 3 3 2 3 1 
279.4 ; 4.85e-14 ; True ; 1 30 160 163 299 388 547 585 759 761 786 788  ; 2 1 5 2 9 2 8 2 3 5 5 2 4 3 2 4 4 1 
377 ; 1.051e-13 ; True ; 3 67 115 156 163 257 323 388 455 537 612 663 723 729  ; 5 1 5 1 7 4 4 4 5 2 3 3 4 3 3 5 3 1 
422.5 ; 1.871e-13 ; True ; 20 67 83 198 382 385 388 498 547 575 627 764 769 856 886  ; 3 1 5 2 8 4 6 4 3 5 2 2 3 4 4 4 5 1 
439.5 ; 2.894e-13 ; True ; 1 30 138 160 163 299 388 547 585 693 759 761 786 788 886  ; 2 1 5 2 11 4 8 2 5 5 6 2 4 5 2 6 4 1 
478 ; 3.091e-13 ; True ; 112 126 163 257 260 270 338 383 388 537 591 620 688 713 736 833  ; 2 1 8 3 7 5 7 6 3 3 4 2 4 3 2 5 6 1 
535.2 ; 3.319e-13 ; True ; 20 83 159 163 214 236 290 388 417 500 634 691 709 781 863 906  ; 6 1 11 2 13 2 9 6 3 3 3 4 5 1 3 3 6 2 
553.6 ; 3.594e-13 ; True ; 20 63 101 137 335 354 364 385 388 425 455 537 547 643 654 740 900  ; 3 1 8 3 12 5 7 5 4 6 4 2 3 3 2 3 4 1 
568 ; 3.831e-13 ; True ; 20 33 145 260 285 388 395 430 438 691 702 713 723 786 805 816 828 896  ; 7 1 10 1 11 3 7 6 3 5 4 2 5 2 5 3 7 1 
604.9 ; 3.86e-13 ; True ; 4 20 30 198 214 231 388 429 444 547 549 591 705 772 780 791 831  ; 4 1 4 3 10 4 4 4 2 5 4 2 6 3 5 3 5 1 
623.3 ; 4.865e-13 ; True ; 25 28 69 81 163 224 269 388 413 537 543 555 680 710 780 781 886 906  ; 6 1 6 2 14 2 5 8 2 3 5 3 5 5 3 4 5 1 
633.9 ; 5.72e-13 ; True ; 19 20 127 138 182 240 277 388 431 484 499 510 528 547 575 764 765 795 861  ; 5 1 6 3 14 3 6 5 7 3 3 2 4 4 2 5 5 1 
655.7 ; 1.086e-12 ; True ; 1 30 35 138 160 163 186 330 388 547 571 585 612 693 759 761 788 886  ; 4 1 6 2 14 4 7 3 5 4 5 2 5 4 4 5 6 1 
704.2 ; 1.3e-12 ; True ; 97 127 163 258 283 299 322 335 388 438 483 484 547 628 693 787 839 852 895  ; 5 1 10 3 15 4 8 8 3 5 5 2 6 6 2 2 7 1 
768.4 ; 1.459e-12 ; True ; 68 149 267 306 370 388 393 437 459 483 500 535 547 576 592 654 677 694 888 900  ; 3 1 5 3 9 6 8 4 5 5 4 2 5 7 3 4 4 1 
789.9 ; 1.802e-12 ; True ; 16 20 25 35 46 68 89 97 283 388 392 429 547 576 612 623 730 814 874  ; 4 1 5 3 12 5 7 5 4 5 3 2 6 5 6 3 5 1 
854.2 ; 2.913e-12 ; True ; 15 20 22 30 103 156 283 330 362 364 388 505 576 592 617 629 639 654 723 769 870  ; 5 1 9 3 16 6 10 6 4 5 6 3 5 4 2 3 7 1 
896.8 ; 3.67e-12 ; True ; 1 42 55 160 173 176 181 188 257 270 306 344 388 406 500 521 636 684 774 787 832  ; 7 1 10 3 11 3 7 6 4 3 8 5 5 3 3 4 6 1 
911.7 ; 6.521e-12 ; True ; 67 68 98 149 163 267 306 312 370 388 437 483 500 535 547 576 654 677 683 694 895 900  ; 4 1 7 2 11 7 10 6 4 6 3 2 6 8 3 6 6 2 
1093 ; 6.859e-12 ; True ; 4 24 45 67 69 90 149 306 332 364 387 388 457 491 522 568 612 669 709 713 743 750 763 851  ; 6 1 7 3 13 5 10 4 4 6 4 4 6 6 3 5 6 1 
1176 ; 9.077e-12 ; True ; 20 29 112 184 219 316 345 380 388 413 513 549 578 645 680 684 694 723 749 781 834 861 885 891  ; 8 1 9 3 13 7 8 7 5 4 4 2 5 6 4 6 7 1 
1228 ; 1.092e-11 ; True ; 20 104 138 173 174 284 335 358 385 388 394 416 525 530 537 547 553 592 668 750 794 817 850 884  ; 7 1 9 3 16 7 12 7 6 4 5 3 6 6 4 3 6 1 
1415 ; 1.144e-11 ; True ; 20 30 57 60 67 126 163 197 280 320 332 341 365 372 388 507 575 681 694 723 739 741 761 784 813 885  ; 9 1 11 2 20 4 10 7 5 3 5 3 3 4 5 9 7 2 
1436 ; 1.447e-11 ; True ; 20 25 92 94 113 135 161 205 251 264 327 331 367 388 483 484 522 547 587 625 683 689 741 751 772 786 817 851 899  ; 5 1 9 3 25 4 8 7 4 8 5 4 7 5 3 6 7 1 
1478 ; 1.488e-11 ; True ; 15 20 27 83 99 112 127 144 163 199 218 255 329 388 433 503 518 563 618 624 668 710 745 761 773 885 899  ; 7 1 10 1 19 8 12 10 5 4 4 5 6 5 3 7 6 2 
1533 ; 2.367e-11 ; True ; 1 17 20 108 110 176 187 190 192 194 239 246 280 323 332 334 388 413 499 547 620 623 697 759 781 817 874 890  ; 5 1 10 5 19 8 11 6 5 8 6 4 5 5 2 5 8 1 
1579 ; 2.604e-11 ; True ; 8 20 25 42 50 92 112 140 156 171 213 259 388 410 418 483 484 512 542 592 610 623 677 713 727 740 776 885  ; 6 1 8 5 20 7 9 6 3 9 4 6 5 4 5 4 7 1 
1773 ; 2.769e-11 ; True ; 12 15 20 25 30 40 79 105 147 166 196 208 252 304 332 340 388 474 481 507 547 595 614 620 651 688 817 867 885 890  ; 9 1 10 2 23 3 12 8 8 5 5 5 8 5 4 7 7 1 
1803 ; 3.417e-11 ; True ; 0 1 4 27 69 121 163 173 200 203 259 268 302 306 339 388 420 428 439 484 549 555 600 612 636 642 667 677 700 713 721 795  ; 8 1 11 6 21 8 10 5 3 6 4 5 9 3 4 3 8 2 
1838 ; 4.098e-11 ; True ; 15 20 89 98 112 115 170 257 283 302 320 359 362 388 480 484 548 580 617 636 651 694 701 723 828 846 850 852 856 857 874  ; 7 1 12 6 17 9 12 8 6 6 4 3 6 6 3 5 8 1 
1973 ; 4.558e-11 ; True ; 15 68 69 89 112 166 259 280 306 324 388 389 455 474 477 491 498 502 547 572 592 659 713 741 769 775 805 816 830 840 861 879  ; 9 1 9 5 21 7 12 7 4 6 4 4 6 8 4 5 9 1 
2018 ; 5.821e-11 ; True ; 1 15 27 30 40 82 160 163 250 260 268 282 287 335 372 385 388 421 438 475 500 540 637 655 693 705 730 817 834 837 839 866 899  ; 5 1 10 3 25 9 12 8 5 7 8 5 10 5 3 5 11 1 
2196 ; 6.219e-11 ; True ; 1 20 32 122 158 160 161 165 251 270 314 329 388 452 479 483 486 553 562 591 612 614 637 646 651 659 710 713 746 748 769 792 824 856 867  ; 9 1 12 4 23 5 15 6 4 5 6 6 8 6 5 5 9 1 
2264 ; 9.163e-11 ; True ; 6 9 18 25 112 149 156 163 175 221 271 284 293 330 388 419 455 477 500 513 547 563 592 624 627 634 667 711 782 821 831 840 864 866 885  ; 12 1 13 4 25 8 13 12 6 6 7 5 9 7 3 3 10 1 
2576 ; 1.228e-10 ; True ; 20 85 133 163 259 261 304 388 400 407 427 537 539 552 570 634 680 684 710 711 723 745 757 788 793 794 800 817 863 864 874 882 888 895 900  ; 8 1 8 4 21 8 18 5 5 4 9 6 6 7 5 5 6 2 

RUN 2:
Optimum Distance: 26.48
Optimal Team: 163,388,455,634,
Required Skills: 0 1 2 4 5 7 9 10 11 12 14 15 16 18 22 23 24 26 
Distance; Skill Score; isValid; Team; Skill Counts
52.27 ; 7.862e-18 ; True ; 20 173 388 471 723 900  ; 2 1 4 1 4 2 4 1 2 2 1 2 1 1 1 2 1 1 
71.02 ; 3.118e-17 ; True ; 1 160 163 388 617 701 723  ; 2 1 5 1 5 1 4 2 2 2 1 1 2 1 1 3 3 1 
77.75 ; 2.72e-16 ; True ; 1 20 99 388 547 691 856  ; 1 1 4 1 5 1 3 3 3 2 2 3 2 2 2 2 2 1 
112.9 ; 2.775e-16 ; True ; 163 236 368 388 413 500 678 723  ; 2 1 5 1 6 2 5 4 2 2 2 2 2 2 1 1 3 1 
117.5 ; 3.575e-16 ; True ; 27 30 97 163 388 576 634 759  ; 2 1 6 1 6 2 5 2 1 3 4 1 2 1 3 3 2 1 
129.7 ; 3.754e-16 ; True ; 69 99 163 190 260 338 388 850  ; 2 1 3 1 3 2 5 4 2 2 2 2 2 3 1 2 2 1 
130.1 ; 1.267e-15 ; True ; 163 260 329 388 552 769 850 863  ; 4 1 5 2 2 3 5 2 3 2 3 1 3 3 1 1 3 1 
169.6 ; 4.919e-15 ; True ; 163 249 260 329 332 388 483 531 713 817  ; 3 1 5 2 5 3 5 4 2 2 2 3 3 2 2 1 4 1 
185.3 ; 5.705e-15 ; True ; 27 30 97 163 260 388 574 576 634 759  ; 3 1 8 1 7 2 7 4 1 3 5 2 4 1 3 3 3 1 
196.1 ; 6.716e-15 ; True ; 48 163 370 388 592 684 723 724 765 839 885  ; 3 1 6 2 7 2 6 4 1 4 2 1 4 3 3 2 4 1 
207.6 ; 1.799e-14 ; True ; 1 30 138 149 159 173 283 306 388 473 547  ; 3 1 5 2 7 2 5 2 2 4 3 2 5 4 2 2 4 1 
243.9 ; 1.857e-14 ; True ; 163 218 249 260 329 332 388 433 483 713 817  ; 4 1 5 3 5 4 5 4 2 2 2 3 4 3 2 1 4 1 
288.7 ; 2.046e-14 ; True ; 1 88 90 112 163 296 379 388 464 592 634 723 898  ; 2 1 6 2 7 3 6 2 2 5 3 2 3 4 2 3 3 1 
295.8 ; 2.579e-14 ; True ; 156 163 327 365 385 388 489 547 634 697 732 874 888  ; 2 1 3 2 9 3 7 4 3 3 4 3 4 2 2 2 4 1 
298.3 ; 3.674e-14 ; True ; 20 27 56 72 232 270 326 388 484 612 723 740 895  ; 4 1 8 1 10 3 5 3 2 3 4 2 3 2 3 5 5 1 
339.8 ; 1.044e-13 ; True ; 27 49 86 158 163 178 388 483 576 636 692 710 723 761  ; 5 1 6 2 10 3 6 5 2 2 4 2 4 2 4 4 5 1 
354.9 ; 1.188e-13 ; True ; 152 163 173 302 303 310 388 491 500 537 723 769 774 781  ; 7 1 8 1 8 3 6 9 2 4 4 3 4 4 2 2 4 1 
440.1 ; 1.524e-13 ; True ; 49 67 156 163 165 171 343 388 529 540 544 551 689 723 885  ; 4 1 6 2 9 4 5 5 3 4 2 2 4 3 4 3 4 1 
452.9 ; 2.18e-13 ; True ; 27 49 83 138 149 163 241 329 345 372 388 537 617 723 783 788  ; 5 1 9 1 9 4 9 5 4 3 4 2 4 4 4 3 3 1 
454 ; 4.337e-13 ; True ; 1 20 30 138 149 173 284 306 329 388 421 700 828 855 861 874  ; 7 1 8 2 10 2 7 2 5 4 3 3 6 4 2 2 8 2 
514.2 ; 8.02e-13 ; True ; 20 25 132 151 174 182 306 333 385 388 438 498 506 595 634 688 723 885  ; 3 1 6 3 13 3 8 4 3 5 5 3 3 2 4 4 4 2 
558.9 ; 9.002e-13 ; True ; 20 25 132 151 174 182 306 333 388 438 506 595 634 669 688 723 884 885  ; 3 1 6 3 12 3 9 5 3 4 6 3 3 2 4 4 4 2 
623 ; 9.429e-13 ; True ; 20 42 69 129 149 156 304 364 388 429 461 522 584 769 780 869 900  ; 4 1 5 2 10 8 6 5 2 5 6 5 4 5 3 3 3 1 
671.1 ; 1.4e-12 ; True ; 20 30 69 96 200 244 260 284 388 494 547 634 655 676 695 711 768 781 817  ; 5 1 6 2 11 3 7 4 3 4 7 5 5 4 3 4 5 1 
788.6 ; 2.63e-12 ; True ; 63 112 163 177 388 500 505 525 537 545 630 681 684 702 723 769 785 831 863  ; 3 1 7 2 12 7 6 5 3 5 4 4 5 7 4 5 4 1 
901.1 ; 2.653e-12 ; True ; 48 57 163 194 266 388 438 475 549 561 622 634 667 669 679 723 774 787 821 828 840 885 886  ; 9 1 11 3 18 3 6 5 3 5 6 3 4 3 4 4 7 1 
917.9 ; 2.809e-12 ; True ; 1 15 69 160 206 306 368 388 413 436 492 542 547 549 552 634 638 676 723 847 865 880  ; 3 1 6 4 15 3 9 4 4 5 5 4 5 5 3 6 4 1 
965.7 ; 2.823e-12 ; True ; 1 61 128 143 163 214 244 277 290 311 388 421 461 500 531 547 592 692 756 786 863  ; 3 1 6 5 12 8 7 5 4 7 5 2 8 4 2 3 7 1 
1013 ; 2.96e-12 ; True ; 1 15 36 69 206 251 306 356 368 388 413 436 542 547 549 552 634 638 676 704 723 847 865  ; 4 1 5 4 15 3 7 4 4 5 5 4 4 5 3 6 5 1 
1014 ; 3.142e-12 ; True ; 4 10 20 50 60 113 138 151 283 358 388 419 466 503 534 547 549 571 575 814 865 867 885  ; 6 1 8 4 18 6 10 5 4 5 4 2 4 4 3 5 6 1 
1019 ; 3.302e-12 ; True ; 20 129 136 153 163 260 343 383 388 411 458 472 484 499 506 552 573 634 640 750 769 847  ; 5 1 9 2 11 4 10 5 4 5 5 3 6 4 3 3 5 2 
1028 ; 3.991e-12 ; True ; 16 20 25 187 327 344 385 388 421 454 532 535 537 552 595 604 668 684 753 780 867 874 889  ; 4 1 5 3 16 4 7 3 5 5 7 3 5 8 3 5 6 1 
1065 ; 5.353e-12 ; True ; 96 112 143 200 236 306 388 407 476 507 533 538 547 575 597 627 636 683 710 723 759 781 817 828  ; 9 1 9 3 17 3 10 8 4 5 4 2 6 5 4 5 7 1 
1083 ; 8.209e-12 ; True ; 8 36 105 112 127 129 151 306 316 388 531 586 634 636 637 688 729 786 808 863 874 875 885 886  ; 4 1 6 3 16 6 10 6 4 6 5 3 8 7 2 6 9 1 
1205 ; 8.878e-12 ; True ; 20 25 129 136 163 232 260 280 313 343 383 388 411 458 484 499 503 506 552 573 601 634 750 769 847  ; 7 1 12 3 15 3 10 7 4 6 5 3 8 3 3 3 9 2 
1218 ; 1.21e-11 ; True ; 20 25 163 199 240 244 296 310 320 357 388 406 463 481 482 547 639 723 768 778 808 831 861 874 888  ; 8 1 10 3 17 4 10 6 6 4 7 3 4 5 2 6 6 2 
1256 ; 1.867e-11 ; True ; 25 30 68 163 244 295 312 320 327 339 388 489 494 537 547 563 592 623 671 684 710 759 824 830 867  ; 8 1 8 4 15 6 9 6 2 7 6 3 7 8 7 3 7 1 
1453 ; 4.591e-11 ; True ; 20 30 68 97 141 163 244 295 312 321 327 352 388 489 494 537 547 563 575 592 623 671 684 710 759 824 867  ; 8 1 9 3 16 6 10 6 3 6 7 4 4 10 8 3 6 2 
1982 ; 9.088e-11 ; True ; 25 28 30 83 97 129 171 236 260 268 269 287 306 327 383 387 388 395 455 489 519 560 609 618 627 628 634 784 792 836 874 876  ; 7 1 11 4 21 7 12 8 5 7 7 4 10 5 5 5 9 1 
2364 ; 1.288e-10 ; True ; 15 20 49 62 156 182 196 210 239 241 264 306 326 333 352 388 404 410 441 484 500 547 549 602 621 634 651 705 713 723 748 784 814 839 889  ; 6 1 10 5 27 5 15 6 6 5 8 6 7 5 5 5 5 2 


RUN 3:
Optimum Distance: 26.48
Optimal Team: 163,388,455,634,
Required Skills: 0 1 2 4 5 7 9 10 11 12 14 15 16 18 22 23 24 26 
Distance; Skill Score; isValid; Team; Skill Counts
70.25 ; 1.764e-18 ; True ; 20 111 126 388 547 627  ; 1 1 3 1 5 1 4 2 2 1 1 1 2 1 1 1 2 1 
71.68 ; 1.396e-17 ; True ; 1 163 176 388 556 723 839  ; 3 1 5 1 6 1 3 3 1 2 1 2 2 1 1 1 2 1 
87.78 ; 1.905e-17 ; True ; 20 112 376 388 455 499 723  ; 2 1 4 1 4 2 2 1 4 2 1 1 1 3 1 3 1 1 
88.44 ; 2.165e-17 ; True ; 1 20 97 111 388 836 885  ; 1 1 5 1 6 2 3 2 2 2 1 3 1 2 1 1 2 1 
93.83 ; 5.149e-17 ; True ; 112 127 163 290 388 538 885  ; 2 1 5 1 6 2 3 5 2 2 1 1 1 2 1 2 2 1 
99.28 ; 5.319e-17 ; True ; 20 113 243 388 529 850 900  ; 3 1 3 1 4 2 2 2 2 3 1 1 2 2 2 1 2 1 
110.3 ; 5.836e-17 ; True ; 20 105 266 388 390 529 533 547  ; 2 1 2 1 7 1 3 2 2 2 1 3 3 1 2 2 2 1 
112.7 ; 8.682e-17 ; True ; 20 22 149 173 353 359 388 547  ; 4 1 5 1 5 1 4 4 2 1 1 2 3 2 1 1 3 1 
116 ; 1.028e-16 ; True ; 152 163 342 388 395 592 750 885  ; 3 1 5 1 3 1 5 4 1 2 2 1 2 1 2 2 3 1 
117.1 ; 2.947e-16 ; True ; 30 152 163 259 388 395 592 750  ; 4 1 6 1 4 1 6 3 1 3 2 1 3 1 2 2 4 1 
131.1 ; 7.982e-16 ; True ; 1 56 127 163 173 388 575 874 890  ; 3 1 6 2 7 2 3 4 1 3 1 2 5 2 1 1 6 1 
147.9 ; 1.752e-15 ; True ; 1 127 163 173 244 388 435 634 874  ; 2 1 5 3 6 2 4 3 1 4 2 3 4 2 1 1 4 1 
163.8 ; 3.239e-15 ; True ; 1 56 127 163 257 308 388 575 688 874  ; 2 1 6 2 7 3 3 3 2 3 2 1 5 3 1 2 6 1 
177.8 ; 3.772e-15 ; True ; 28 30 163 259 388 419 483 547 583 900  ; 3 1 4 1 8 2 5 3 1 3 2 2 5 2 3 3 4 1 
204.3 ; 4.848e-15 ; True ; 25 56 127 163 201 257 266 388 505 575 688  ; 2 1 7 1 9 3 6 5 2 3 3 1 5 3 1 2 6 1 
242.6 ; 5.304e-15 ; True ; 30 49 105 256 306 388 414 429 446 473 723 900  ; 4 1 6 2 7 2 5 2 1 4 3 1 3 2 3 4 3 1 
248 ; 5.751e-15 ; True ; 15 163 230 266 329 388 399 480 547 713 726 735  ; 3 1 4 1 8 2 7 4 2 2 3 2 4 2 2 3 4 1 
266.6 ; 6.675e-15 ; True ; 45 156 163 187 240 351 388 409 429 817 874  ; 4 1 4 3 7 4 4 3 3 4 3 1 4 3 1 1 3 1 
270.7 ; 8.365e-15 ; True ; 20 30 49 359 388 500 620 788 794 824 864 885  ; 3 1 7 2 8 4 7 2 4 3 5 3 1 3 2 1 2 1 
272.7 ; 3.323e-14 ; True ; 30 163 178 218 239 388 440 547 634 691 710 738  ; 6 1 5 1 9 2 5 4 1 2 5 2 5 4 5 3 4 1 
287.6 ; 3.962e-14 ; True ; 30 163 218 239 332 388 440 522 547 583 634 710  ; 5 1 6 1 9 1 7 5 2 2 5 4 6 3 3 3 3 1 
318.4 ; 4.263e-14 ; True ; 20 25 156 181 236 293 388 438 454 491 547 620 625 834  ; 3 1 5 1 11 2 4 5 5 4 6 3 5 1 2 4 3 1 
321.9 ; 6.343e-14 ; True ; 15 20 30 56 156 218 239 256 388 474 591 781 874  ; 3 1 4 2 7 4 6 4 3 3 5 3 7 2 1 2 8 1 
368.1 ; 1.214e-13 ; True ; 20 25 145 156 181 236 388 438 454 491 528 547 620 625 782  ; 4 1 6 1 11 3 5 6 5 4 5 4 6 1 2 4 3 1 
419.7 ; 1.438e-13 ; True ; 9 15 25 59 67 81 226 306 332 388 524 575 636 709 723 786  ; 4 1 8 2 12 2 11 5 3 6 3 2 4 3 2 3 5 1 
465.2 ; 1.502e-13 ; True ; 10 20 112 251 260 284 388 395 438 474 483 484 510 655 834 885  ; 4 1 8 1 11 3 4 6 4 4 3 5 5 1 3 3 7 1 
472.5 ; 1.645e-13 ; True ; 144 156 163 264 314 388 482 483 547 620 684 735 775 805 865 906  ; 5 1 5 1 10 4 4 5 3 2 4 3 5 3 3 5 5 1 
488.2 ; 1.735e-13 ; True ; 27 112 135 156 306 329 352 388 469 547 551 723 863 879 897 899  ; 4 1 8 1 12 4 8 4 5 3 4 2 4 3 3 5 3 1 
509 ; 1.911e-13 ; True ; 14 20 112 145 156 181 236 272 388 454 478 491 547 620 709 769 782  ; 3 1 5 1 10 6 6 5 7 5 4 3 4 3 3 5 1 1 
510.3 ; 2.444e-13 ; True ; 25 33 49 58 99 174 306 338 388 537 574 634 654 750 765 808  ; 3 1 7 4 9 4 9 6 2 5 3 2 4 3 3 3 3 1 
537.6 ; 5.92e-13 ; True ; 15 20 30 56 156 218 239 256 388 414 474 525 591 634 660 781 874  ; 4 1 5 2 10 4 7 5 3 3 6 4 8 2 2 4 8 1 
586.6 ; 1.059e-12 ; True ; 1 20 67 156 199 218 241 339 357 388 484 626 764 769 780 850 886  ; 5 1 6 4 10 7 7 2 4 5 2 4 5 7 2 4 4 1 
649.2 ; 1.125e-12 ; True ; 41 45 152 163 181 280 283 388 421 537 634 655 723 735 736 795 863 874  ; 5 1 6 3 10 6 4 4 3 4 3 3 6 3 4 4 6 1 
709.2 ; 1.43e-12 ; True ; 1 20 112 156 217 218 249 268 282 329 388 438 458 484 516 522 643 721 869  ; 7 1 10 3 14 6 7 5 5 7 3 4 4 3 2 2 5 1 
709.8 ; 1.493e-12 ; True ; 18 20 85 101 113 176 320 328 388 455 488 547 643 720 722 723 874 887 900  ; 5 1 10 3 13 4 9 5 4 6 4 2 5 5 2 4 5 1 
730.9 ; 2.668e-12 ; True ; 15 27 112 156 160 163 182 267 283 329 388 544 547 551 559 591 654 807 870 879 885  ; 4 1 9 2 13 4 10 8 6 3 3 4 6 3 3 6 8 1 
868.2 ; 3.259e-12 ; True ; 1 70 92 99 140 147 153 163 232 260 306 353 359 388 506 509 552 634 684 691 740 778 805  ; 7 1 11 2 14 3 9 6 2 5 7 3 6 3 3 4 8 2 
915.1 ; 4.028e-12 ; True ; 69 149 153 163 216 237 266 267 278 325 385 388 395 484 500 522 547 667 681 698 808 854  ; 6 1 6 2 15 3 8 5 4 4 7 4 7 6 3 4 8 1 
952.9 ; 5.483e-12 ; True ; 15 20 37 99 110 159 196 232 236 250 306 334 388 438 466 547 682 751 763 765 783 877 885  ; 6 1 10 1 17 3 11 10 4 5 4 4 6 6 3 4 8 2 
960.1 ; 6.83e-12 ; True ; 61 79 80 158 163 331 332 352 388 395 436 466 476 485 500 547 667 713 723 765 817 834 900  ; 6 1 8 4 19 4 10 9 4 5 4 2 6 5 4 5 6 1 
1093 ; 8.326e-12 ; True ; 8 25 45 187 222 234 306 309 388 395 415 421 449 481 537 611 634 680 685 713 723 740 832 851 863  ; 5 1 8 3 18 3 11 5 5 5 7 2 7 5 7 4 7 1 
1114 ; 1.129e-11 ; True ; 1 17 20 75 99 175 388 413 469 473 479 484 489 500 563 695 723 750 765 770 773 808 885 900  ; 8 1 10 5 17 4 9 5 5 7 7 4 4 6 2 4 5 1 
1191 ; 1.211e-11 ; True ; 5 8 16 37 42 52 73 127 159 163 173 234 280 359 388 472 500 547 691 692 705 710 756 874 902  ; 4 1 7 2 14 6 9 9 5 5 6 4 7 6 4 4 7 1 
1297 ; 5.014e-11 ; True ; 1 17 20 30 75 99 175 388 413 457 473 484 500 563 599 605 718 723 750 755 765 770 773 808 885 900  ; 7 1 12 5 17 5 11 6 6 8 7 4 5 6 4 4 7 1 
1742 ; 7.643e-11 ; True ; 3 20 49 77 99 112 163 174 263 328 332 345 376 388 421 485 491 529 625 630 651 691 701 713 723 840 849 863 874  ; 8 1 11 4 18 8 10 10 7 6 4 2 7 6 5 5 7 2 
2084 ; 8.893e-11 ; True ; 4 20 99 112 160 163 209 256 260 268 272 315 329 350 351 358 388 397 406 413 414 547 584 612 645 694 695 711 748 778 861  ; 10 1 12 4 19 8 15 8 9 4 4 3 7 4 4 8 8 2 
2313 ; 1.029e-10 ; True ; 1 123 125 163 173 187 216 228 244 249 329 383 388 414 455 471 511 547 553 562 604 609 669 701 704 710 712 759 780 846 850 852 861 874 890  ; 12 1 13 6 22 8 13 7 6 5 5 3 8 8 4 7 8 1 
2346 ; 1.049e-10 ; True ; 18 42 72 93 97 156 163 178 181 187 211 231 251 388 414 455 496 514 537 572 620 645 694 713 767 777 780 807 814 815 819 885 890  ; 6 1 9 4 21 10 9 7 8 3 7 4 8 10 7 7 5 1 
2405 ; 1.052e-10 ; True ; 30 97 100 160 206 240 266 306 335 388 408 425 455 469 483 506 534 535 537 549 552 557 569 627 641 666 684 750 780 822 847 863 896 900  ; 6 1 8 5 23 7 12 5 6 8 8 3 9 7 5 6 9 1 
2407 ; 1.157e-10 ; True ; 20 99 144 145 160 176 178 218 240 347 388 416 479 483 598 612 631 651 663 694 706 720 723 746 748 756 779 786 787 807 839 863 878 892 894  ; 8 1 11 5 23 7 14 7 5 5 5 4 9 6 5 9 11 1 
2536 ; 1.229e-10 ; True ; 67 120 127 163 184 241 251 259 260 272 275 283 295 332 378 382 385 388 457 469 504 506 537 567 620 624 678 709 736 741 750 782 808 817 828 905  ; 7 1 15 3 20 8 10 9 8 7 6 5 8 5 5 5 10 1 
2633 ; 1.27e-10 ; True ; 4 20 22 29 30 127 167 181 262 266 271 288 310 388 399 406 439 477 494 513 529 547 565 597 604 634 638 680 710 727 831 867 874 886 890 898  ; 9 1 10 3 27 6 11 7 6 6 9 5 6 9 6 6 7 1 
3.625e+04 ; 1.309e-10 ; True ; 7 24 37 156 163 192 241 259 268 328 335 344 357 388 400 403 436 474 483 488 535 546 605 634 681 684 693 699 713 760 777 817 846 869 903  ; 13 1 11 3 24 7 14 8 5 3 8 5 7 7 6 5 8 2 


RUN 4:
Optimum Distance: 26.48
Optimal Team: 163,388,455,634,
Required Skills: 0 1 2 4 5 7 9 10 11 12 14 15 16 18 22 23 24 26 
Distance; Skill Score; isValid; Team; Skill Counts
47.66 ; 7.621e-18 ; True ; 163 388 500 547 557  ; 1 1 3 1 3 1 3 3 2 2 2 1 2 2 1 1 1 1 
62.65 ; 9.075e-18 ; True ; 49 163 388 436 547 612  ; 2 1 3 1 4 1 3 2 1 2 1 1 4 1 2 1 2 1 
71.26 ; 4.87e-17 ; True ; 69 163 388 547 759 781  ; 2 1 3 1 3 1 3 3 1 2 3 1 3 2 1 2 2 1 
75.06 ; 9.472e-17 ; True ; 144 163 283 385 388 483 723  ; 2 1 3 2 4 2 2 2 1 3 1 1 3 1 2 2 4 1 
89.11 ; 9.745e-17 ; True ; 163 218 388 500 547 707 834  ; 3 1 3 1 5 1 4 3 2 1 2 1 4 3 1 2 2 1 
99.88 ; 1.231e-16 ; True ; 163 181 277 388 500 547 863  ; 3 1 4 1 4 1 4 3 3 1 2 1 4 2 2 1 2 1 
105 ; 2.065e-16 ; True ; 144 163 385 388 483 624 723 743  ; 2 1 4 1 5 2 2 3 2 2 1 1 3 2 2 2 4 1 
112 ; 8.93e-16 ; True ; 126 163 388 455 634 678 723 817  ; 2 1 3 3 6 2 5 2 2 2 2 1 2 3 2 2 3 1 
130.5 ; 9.294e-16 ; True ; 20 25 260 388 455 529 850 902  ; 2 1 4 2 4 2 4 3 4 2 1 2 3 2 2 1 3 1 
133.9 ; 1.568e-15 ; True ; 20 69 136 388 547 692 723 863  ; 3 1 5 1 4 2 4 2 3 1 3 2 3 3 2 3 2 1 
162.9 ; 5.202e-15 ; True ; 20 25 260 383 388 390 455 462 529 723  ; 3 1 6 3 5 2 4 4 3 2 2 2 3 2 2 1 4 1 
211.4 ; 1.448e-14 ; True ; 20 124 218 260 388 490 547 680 684 874  ; 2 1 3 2 3 4 3 2 2 2 4 2 5 5 3 2 4 1 
222.5 ; 1.732e-14 ; True ; 45 163 388 483 500 539 634 702 723 880 900  ; 4 1 6 1 8 2 5 3 2 4 3 3 5 2 3 3 2 1 
241.3 ; 1.893e-14 ; True ; 20 68 69 163 272 336 388 723 740 783 863  ; 4 1 7 1 7 3 5 2 3 2 3 2 3 3 3 3 2 2 
255.8 ; 3.412e-14 ; True ; 45 163 184 388 483 500 570 634 702 723 880 900  ; 5 1 6 1 7 3 4 3 2 4 3 3 5 2 3 3 3 1 
309.5 ; 6.615e-14 ; True ; 20 25 175 213 260 383 388 390 455 462 529 723 850  ; 5 1 6 3 6 4 5 4 4 2 2 2 3 3 3 2 4 1 
353.8 ; 7.668e-14 ; True ; 17 42 99 112 163 243 329 388 553 568 605 669 765 780  ; 5 1 5 2 11 3 4 6 3 4 3 1 3 5 2 4 4 1 
400.1 ; 1.086e-13 ; True ; 17 42 63 99 112 158 163 181 329 388 553 605 669 764 780  ; 7 1 6 1 11 5 4 6 3 4 3 1 4 4 3 4 4 1 
434 ; 1.319e-13 ; True ; 1 99 144 163 207 268 388 475 504 534 665 723 769 863 900  ; 4 1 7 4 9 6 5 3 3 4 3 1 4 3 2 4 4 1 
452.4 ; 1.995e-13 ; True ; 25 112 260 306 334 338 388 535 557 578 612 654 680 831 886  ; 4 1 7 3 7 4 5 6 2 5 3 3 5 3 2 2 4 1 
488 ; 2.879e-13 ; True ; 4 20 141 206 221 260 385 388 429 454 483 491 634 709 762 769 805  ; 3 1 5 3 10 4 6 4 2 8 3 4 6 2 3 2 5 1 
522.5 ; 2.949e-13 ; True ; 20 63 72 83 266 310 320 358 388 431 605 624 636 654 713 723 885  ; 7 1 10 2 12 4 8 6 2 4 3 3 2 4 4 2 6 1 
529.7 ; 3.165e-13 ; True ; 1 37 67 127 301 306 388 479 483 484 537 571 651 675 723 782 807 892  ; 4 1 8 2 13 2 5 4 3 5 4 3 6 4 3 2 6 1 
559.7 ; 3.66e-13 ; True ; 1 20 30 116 151 216 283 299 332 359 388 421 429 438 529 599 669 902  ; 4 1 7 4 12 3 5 5 4 5 3 4 6 2 3 1 6 1 
566.1 ; 9.797e-13 ; True ; 20 30 144 213 334 359 388 409 462 464 597 634 713 723 816 817 869 906  ; 7 1 8 3 10 7 6 3 2 5 4 2 3 5 4 4 6 1 
601.1 ; 3.59e-12 ; True ; 20 27 37 112 150 163 171 272 388 395 413 452 608 680 867 874 885  ; 4 1 8 3 9 7 5 4 5 5 3 2 4 5 5 4 4 2 
806 ; 5.64e-12 ; True ; 20 30 144 217 234 330 334 359 388 406 409 455 462 597 634 713 723 816 817 869 900 906  ; 10 1 10 5 12 7 7 5 3 5 4 2 3 5 4 5 8 1 
949.6 ; 7.859e-12 ; True ; 1 20 28 30 72 99 101 103 144 173 245 266 267 329 388 389 465 625 696 709 780 863  ; 5 1 8 2 14 7 8 4 6 5 5 4 8 6 2 6 8 1 
1139 ; 7.987e-12 ; True ; 20 27 37 112 138 150 163 171 172 272 287 343 388 413 452 544 608 651 654 680 867 874 885  ; 4 1 8 3 11 9 6 4 7 6 3 2 4 6 5 6 3 2 
1272 ; 9.232e-12 ; True ; 4 8 20 58 149 151 156 157 181 256 257 283 290 388 394 397 524 680 692 704 786 805 817 835 885 890  ; 6 1 8 4 18 8 13 5 3 8 5 3 6 4 3 5 6 1 
1280 ; 1.045e-11 ; True ; 42 49 99 163 167 191 266 284 309 330 388 437 484 485 494 514 547 573 612 655 727 759 761 814 815  ; 6 1 8 3 18 4 10 8 5 5 5 4 7 5 3 4 7 1 
1305 ; 1.223e-11 ; True ; 1 27 79 112 125 163 173 176 187 190 200 253 261 272 333 388 498 528 547 585 597 678 684 694 748 769 799  ; 5 1 9 3 18 5 8 7 4 4 4 4 7 6 4 7 6 1 
1315 ; 1.296e-11 ; True ; 17 20 25 112 247 303 325 388 391 414 437 529 541 544 547 553 636 661 697 701 723 786 794 814 826 885 891  ; 7 1 8 2 19 6 9 7 5 6 5 2 9 5 4 8 7 1 
1316 ; 1.535e-11 ; True ; 1 20 43 168 172 231 240 260 326 364 379 388 399 438 484 500 547 659 692 703 723 729 743 810 891  ; 5 1 8 3 17 4 11 6 7 5 9 4 8 4 3 4 8 1 
1342 ; 2.145e-11 ; True ; 1 19 20 42 56 84 140 229 267 344 370 388 438 454 477 483 489 531 535 551 636 679 723 729 735 743 832 878  ; 9 1 8 3 18 7 5 5 6 4 6 4 9 6 3 5 10 1 
1356 ; 2.162e-11 ; True ; 20 39 149 194 270 299 311 329 388 391 397 435 454 508 537 547 551 592 634 679 765 836 858 869 874 885  ; 5 1 10 3 19 6 11 7 4 5 4 5 6 7 4 7 6 1 
1380 ; 2.787e-11 ; True ; 33 42 137 151 163 181 226 264 329 332 388 440 491 529 541 547 616 623 634 636 706 723 752 768 817 874 897 904  ; 12 1 9 3 17 5 9 8 4 4 7 3 9 6 7 4 7 1 
1718 ; 3.048e-11 ; True ; 1 24 83 96 163 182 244 265 309 319 388 420 439 455 465 469 483 547 556 575 576 645 659 750 792 805 826 839 885 886  ; 6 1 10 4 19 5 11 6 6 5 4 3 7 5 6 6 9 1 
1733 ; 3.929e-11 ; True ; 1 13 49 119 306 338 387 388 429 457 461 500 514 571 595 601 612 625 684 708 712 760 785 817 867 873 874 900  ; 4 1 8 6 13 8 8 3 4 8 6 4 9 7 4 6 7 1 
1903 ; 4.023e-11 ; True ; 1 6 30 125 145 163 213 252 329 388 473 489 496 519 537 549 554 627 659 699 711 781 796 824 836 850 861 874 875 885 890 900  ; 10 1 13 4 20 6 13 5 4 6 4 3 9 6 5 7 10 1 
1917 ; 4.442e-11 ; True ; 1 110 112 127 143 152 163 206 208 216 260 276 283 339 341 383 388 515 529 531 547 584 634 659 682 729 744 781 864 869 883  ; 9 1 14 2 19 8 10 10 6 9 5 3 8 6 4 5 9 1 
1933 ; 9.673e-11 ; True ; 20 33 87 105 112 132 163 165 201 226 251 303 354 386 388 429 444 479 490 522 547 588 592 625 668 684 700 713 761 805 817  ; 9 1 10 3 20 8 8 10 5 6 6 3 7 7 4 6 8 2 
2231 ; 1.046e-10 ; True ; 1 20 36 49 158 163 230 244 248 253 260 306 330 343 345 368 388 444 473 480 490 498 584 627 634 656 681 710 723 787 796 850  ; 9 1 13 4 17 7 17 9 4 5 5 5 6 5 5 3 9 3 
2335 ; 1.339e-10 ; True ; 1 6 45 67 163 213 214 222 240 257 294 332 385 388 438 455 468 480 537 547 571 578 588 592 631 676 710 740 757 774 805 808 852 871 885  ; 10 1 16 4 23 6 12 12 5 9 6 5 10 6 3 6 10 1 
2425 ; 2.033e-10 ; True ; 19 60 68 88 136 156 197 237 239 268 306 332 367 388 403 438 514 537 547 557 576 596 613 614 634 643 653 659 723 776 780 787 817 884 885  ; 8 1 12 3 27 5 17 8 7 6 11 6 5 7 10 9 4 1 
 

RUN 5:
Optimum Distance: 26.48
Optimal Team: 163,388,455,634,
Required Skills: 0 1 2 4 5 7 9 10 11 12 14 15 16 18 22 23 24 26 
Distance; Skill Score; isValid; Team; Skill Counts
40.48 ; 4.52e-18 ; True ; 4 42 163 388 547  ; 1 1 2 1 4 2 2 2 1 2 3 1 2 1 2 1 1 1 
65.86 ; 6.205e-18 ; True ; 27 163 388 694 788 885  ; 2 1 4 1 4 2 3 2 1 1 1 1 1 1 2 2 2 1 
65.97 ; 8.3e-18 ; True ; 163 338 388 547 634 643  ; 1 1 3 1 4 1 3 2 1 3 2 1 2 1 2 2 1 1 
81.24 ; 1.424e-17 ; True ; 20 156 301 388 484 677 723  ; 2 1 4 1 4 2 3 1 3 3 2 2 1 1 1 1 1 1 
84.36 ; 2.549e-17 ; True ; 20 173 338 388 596 723 805  ; 3 1 5 1 5 1 4 1 2 3 1 3 2 1 1 1 2 1 
89.59 ; 4.82e-17 ; True ; 20 69 388 395 429 676 817  ; 3 1 4 1 5 1 2 3 1 2 1 2 2 2 2 1 3 1 
96.93 ; 7.158e-17 ; True ; 20 32 150 329 388 537 678 900  ; 2 1 4 1 4 2 4 2 3 2 1 2 2 1 1 2 2 1 
103.2 ; 1.031e-16 ; True ; 112 163 388 622 634 817 850  ; 2 1 3 1 4 3 3 2 2 3 2 1 1 3 2 2 1 1 
107.3 ; 1.622e-16 ; True ; 30 163 187 260 388 459 636 684  ; 2 1 4 1 4 1 4 2 1 2 5 1 4 2 2 1 4 1 
111.9 ; 4.553e-16 ; True ; 20 156 388 395 429 676 786 817  ; 3 1 4 1 7 2 4 4 2 3 2 2 2 1 2 1 3 1 
122.4 ; 7.188e-16 ; True ; 20 171 192 388 547 723 786 805  ; 2 1 4 1 6 2 4 1 3 4 3 1 3 2 2 3 2 1 
131.1 ; 1.687e-15 ; True ; 20 192 217 388 547 723 765 786 805  ; 3 1 4 1 8 1 4 2 3 4 3 1 3 2 2 3 4 1 
162.3 ; 1.871e-15 ; True ; 20 40 266 359 388 473 723 850 885  ; 3 1 6 1 6 2 4 2 3 2 2 3 2 3 3 1 3 1 
177.9 ; 4.863e-15 ; True ; 4 20 346 388 416 505 537 547 636 740  ; 1 1 4 2 9 2 5 3 2 3 5 2 5 2 2 2 3 1 
188.5 ; 9.064e-15 ; True ; 1 83 99 127 163 247 388 403 723 732 885  ; 4 1 9 1 8 1 7 5 3 3 2 2 3 3 3 2 3 1 
211.5 ; 9.653e-15 ; True ; 89 163 287 388 500 522 547 552 769 850  ; 3 1 4 1 7 3 7 6 4 2 3 2 2 5 2 2 2 1 
223.6 ; 1.144e-14 ; True ; 20 245 259 388 529 688 723 765 869 885 892  ; 5 1 6 1 10 2 5 3 2 3 2 3 2 4 3 2 4 1 
224.7 ; 1.341e-14 ; True ; 1 24 83 156 163 388 421 601 646 723 732 765  ; 3 1 7 2 7 2 6 3 3 4 3 2 5 2 2 1 4 1 
251.3 ; 1.848e-14 ; True ; 20 81 127 163 231 388 395 401 634 709 780  ; 3 1 6 1 8 2 7 4 3 3 4 2 3 2 3 2 2 2 
268.2 ; 3.569e-14 ; True ; 1 15 24 83 99 127 163 247 388 403 723 732 885  ; 5 1 9 1 9 1 8 6 3 3 2 3 5 3 3 2 5 1 
303.6 ; 4.8e-14 ; True ; 1 20 30 163 205 213 388 483 574 634 668 679 788  ; 4 1 6 1 10 3 7 3 2 3 3 4 5 1 3 3 4 2 
345.6 ; 8.008e-14 ; True ; 20 37 145 163 266 270 388 414 491 560 598 713 769 885  ; 4 1 6 2 9 4 5 4 2 4 3 3 4 2 2 2 3 2 
374.1 ; 2.152e-13 ; True ; 20 127 156 163 217 231 239 388 395 634 717 780 836 885  ; 4 1 6 1 12 2 7 5 4 2 5 4 2 3 4 4 4 2 
401.8 ; 2.33e-13 ; True ; 1 15 24 83 115 127 163 231 388 403 421 461 723 732 885  ; 6 1 10 2 9 3 7 6 3 4 4 3 5 3 3 1 5 1 
484.2 ; 2.477e-13 ; True ; 15 24 83 127 163 231 344 388 421 601 723 765 852 867 874 905  ; 6 1 8 3 9 2 6 4 3 5 5 1 7 7 2 2 5 1 
511 ; 3.078e-13 ; True ; 1 42 45 112 115 156 163 164 171 224 260 300 388 583 788 867  ; 5 1 9 2 11 5 7 6 3 5 5 4 7 3 1 2 3 1 
519.3 ; 2.398e-12 ; True ; 20 81 127 156 163 231 239 260 388 395 634 709 780 833 836 863  ; 4 1 9 2 12 3 9 6 5 3 6 4 5 3 3 4 4 2 
818.3 ; 2.726e-12 ; True ; 4 57 75 163 181 183 240 306 388 414 427 484 537 620 636 655 673 739 769 848 885  ; 7 1 6 4 14 4 7 5 3 4 5 3 6 4 3 2 5 2 
901.1 ; 3.953e-12 ; True ; 0 1 4 20 30 67 173 198 234 358 388 465 495 547 549 594 612 614 740 756 905  ; 5 1 8 3 13 4 8 3 3 7 5 4 6 3 5 5 5 1 
1075 ; 4.76e-12 ; True ; 1 37 128 155 163 302 310 320 359 388 398 484 516 518 537 547 549 654 721 723 725 761 854 885  ; 7 1 9 4 18 4 8 7 4 4 5 3 5 4 4 3 6 1 
1077 ; 6.148e-12 ; True ; 30 38 154 163 215 244 252 290 329 331 388 426 455 482 483 494 521 547 577 612 616 783 871  ; 5 1 6 3 14 7 7 6 5 5 5 3 6 5 4 4 4 1 
1086 ; 1.107e-11 ; True ; 20 30 40 68 99 104 192 251 272 388 473 522 537 544 612 616 694 765 808 836 840 865 880  ; 5 1 8 3 16 6 5 6 5 3 4 4 7 6 5 5 8 1 
1140 ; 1.184e-11 ; True ; 1 17 20 37 61 129 259 268 305 314 388 455 483 547 612 669 684 694 708 730 743 773 790 871 893  ; 3 1 5 4 15 7 6 5 6 5 3 5 8 7 5 3 8 1 
1296 ; 1.223e-11 ; True ; 19 20 49 62 77 104 151 161 187 290 310 325 327 330 388 401 483 502 529 547 576 634 701 708 713 886  ; 3 1 5 3 19 7 13 6 5 3 7 4 5 6 5 7 7 1 
1338 ; 1.236e-11 ; True ; 4 20 90 126 173 183 231 237 303 306 355 362 368 388 429 432 500 547 598 707 723 757 762 787 869  ; 9 1 8 4 19 6 14 5 4 6 5 3 5 5 3 3 5 2 
1414 ; 1.726e-11 ; True ; 20 30 53 67 156 239 257 260 287 299 359 372 388 395 443 545 573 598 630 723 730 817 863 880 882 885  ; 8 1 11 3 14 7 14 6 4 4 7 5 5 5 4 5 5 1 
1430 ; 2.773e-11 ; True ; 20 42 56 111 137 163 181 235 307 330 388 446 464 503 547 557 592 618 627 634 681 688 723 746 763 780 800  ; 7 1 6 3 22 7 8 5 3 4 5 3 6 7 7 7 6 2 
1444 ; 2.863e-11 ; True ; 20 42 56 82 87 111 137 163 181 235 307 330 388 446 464 503 524 547 557 592 618 622 627 634 682 688 723 780  ; 8 1 7 2 23 7 9 7 3 6 6 3 6 6 6 5 7 2 
1615 ; 5.741e-11 ; True ; 1 17 20 37 61 129 243 259 268 305 314 388 391 454 455 483 547 612 669 672 684 694 708 735 773 790 805 828 876 893  ; 7 1 8 4 20 8 6 6 6 6 3 5 9 6 6 5 9 1 
2053 ; 2.04e-10 ; True ; 20 28 30 48 113 163 215 300 310 341 342 365 385 388 407 528 547 565 608 612 620 624 633 656 712 751 769 794 867 870 874 885 900  ; 6 1 11 4 22 6 12 6 4 8 8 4 10 8 4 8 9 2 
 

RUN 6:
Optimum Distance: 26.48
Optimal Team: 163,388,455,634,
Required Skills: 0 1 2 4 5 7 9 10 11 12 14 15 16 18 22 23 24 26 
Distance; Skill Score; isValid; Team; Skill Counts
53.82 ; 3.451e-18 ; True ; 163 388 576 592 634 777  ; 2 1 4 1 4 1 3 1 1 2 2 1 2 1 1 2 1 1 
63.98 ; 3.537e-18 ; True ; 163 171 388 459 710 723  ; 3 1 3 1 3 2 3 2 1 2 1 1 2 1 1 1 1 1 
66.09 ; 4.196e-18 ; True ; 42 163 388 684 713 828  ; 2 1 3 1 4 2 2 1 1 1 2 1 1 2 4 1 1 1 
67.6 ; 7.478e-18 ; True ; 163 218 236 388 402 547  ; 2 1 3 1 3 1 2 2 1 1 1 1 3 2 2 1 3 1 
76.83 ; 3.583e-17 ; True ; 86 101 163 236 388 547 769  ; 3 1 4 1 4 2 3 3 1 2 1 1 2 2 1 1 4 1 
86.69 ; 6.44e-17 ; True ; 163 329 388 500 592 857 885  ; 3 1 5 1 4 1 5 3 2 2 2 2 1 2 1 1 2 1 
93.4 ; 6.564e-17 ; True ; 1 306 388 547 634 706 764 772  ; 2 1 2 1 5 1 3 2 1 2 2 2 3 1 2 2 4 1 
98.87 ; 7.656e-17 ; True ; 1 83 156 161 163 388 886 891  ; 2 1 4 1 6 1 3 3 2 4 1 2 3 1 1 1 4 1 
99.77 ; 5.193e-16 ; True ; 1 30 44 163 268 388 547 906  ; 3 1 5 1 7 1 4 4 2 3 2 1 5 1 3 1 4 1 
107.7 ; 1.127e-15 ; True ; 163 329 388 490 547 612 692 817  ; 4 1 3 1 5 2 4 3 2 2 2 1 5 2 2 2 4 1 
159.2 ; 1.782e-15 ; True ; 106 163 239 388 483 500 713 874 886  ; 1 1 4 2 7 2 4 3 2 2 2 2 3 4 2 2 3 1 
177.5 ; 9.524e-15 ; True ; 1 37 138 163 259 388 438 627 634 850  ; 5 1 6 1 8 2 5 3 3 3 3 3 4 2 2 1 5 1 
226.3 ; 1.225e-14 ; True ; 1 20 42 144 151 257 326 388 504 634 828 874  ; 1 1 6 2 8 3 4 2 3 3 4 4 4 1 3 3 3 1 
247.4 ; 2.747e-14 ; True ; 20 56 305 388 494 505 528 547 684 765 805 900  ; 1 1 3 2 9 3 4 3 3 4 4 2 6 4 2 3 4 1 
294.7 ; 4.337e-14 ; True ; 25 60 92 138 163 236 341 388 494 537 713 885 899  ; 2 1 5 2 12 3 5 4 3 3 2 3 3 4 3 2 5 1 
334.1 ; 8.948e-14 ; True ; 20 24 41 42 115 144 173 239 388 484 513 547 691 836  ; 5 1 6 1 9 2 3 5 4 2 3 3 6 3 3 4 5 1 
385.5 ; 1.112e-13 ; True ; 1 20 22 42 98 124 144 151 257 326 388 634 709 828 874  ; 2 1 6 2 9 5 5 3 4 4 4 4 5 1 3 3 4 1 
401.5 ; 1.367e-13 ; True ; 37 73 112 163 218 332 388 475 533 537 683 694 740 780  ; 3 1 6 2 10 4 4 4 3 4 4 2 3 5 2 5 3 1 
425.2 ; 2.412e-13 ; True ; 28 143 260 290 306 319 340 388 440 455 500 547 856 885  ; 3 1 5 2 7 4 6 4 3 2 5 4 5 5 2 3 5 1 
452.7 ; 2.804e-13 ; True ; 1 4 27 82 97 163 196 237 388 537 575 591 723 737 768 900  ; 5 1 7 3 10 3 7 5 1 4 4 2 4 3 5 4 5 1 
533.8 ; 5.776e-13 ; True ; 27 52 99 101 163 371 382 388 413 483 537 547 688 733 783 805 874  ; 4 1 7 2 12 4 6 8 2 4 2 2 7 5 4 4 7 1 
578.3 ; 7.196e-13 ; True ; 1 45 68 113 163 200 388 389 474 483 506 529 547 628 805 849 885 886  ; 6 1 7 1 14 2 4 5 3 6 5 3 9 3 5 3 8 1 
601.6 ; 1.144e-12 ; True ; 30 42 73 82 114 163 305 332 388 552 599 622 691 723 763 765 867 874  ; 5 1 7 2 12 3 9 5 3 5 6 2 5 6 4 3 5 1 
725.7 ; 1.873e-12 ; True ; 163 173 201 234 265 266 316 341 388 390 415 522 547 650 693 723 786 787 788  ; 4 1 7 2 15 3 8 5 4 4 5 3 6 4 3 7 6 1 
778.8 ; 2.444e-12 ; True ; 20 25 30 156 218 358 388 423 453 515 547 709 713 824 835 850 871 900 905  ; 5 1 8 4 11 6 12 4 5 5 3 2 6 5 4 3 4 1 
850.6 ; 6.215e-12 ; True ; 4 27 37 52 56 99 101 163 249 371 382 388 413 483 537 636 684 710 783 786 805 874  ; 6 1 6 4 16 5 7 8 2 6 6 3 8 3 4 4 9 1 
1067 ; 1.083e-11 ; True ; 20 42 72 95 171 173 223 270 300 301 388 507 546 547 574 625 634 694 709 719 723 807 840 885  ; 7 1 10 2 15 6 10 7 5 3 7 5 8 3 5 6 4 1 
1302 ; 3.665e-11 ; True ; 4 27 28 37 56 61 99 101 163 277 382 388 413 457 483 537 636 684 710 718 786 799 805 828 874 889  ; 6 1 10 4 21 5 10 8 4 7 5 3 10 4 6 5 11 1 
1656 ; 4.558e-11 ; True ; 9 20 25 42 99 105 244 248 287 306 325 359 388 395 464 475 485 509 573 575 576 680 720 788 802 817 846 900 905  ; 6 1 13 5 17 10 14 8 4 6 6 3 4 5 4 5 5 2 
1880 ; 5.675e-11 ; True ; 20 25 50 67 72 99 112 137 156 183 246 290 348 385 388 395 483 491 525 528 562 636 678 685 740 756 772 790 808 817  ; 6 1 7 5 20 8 8 8 4 8 4 4 5 8 4 8 8 1 
1919 ; 6.589e-11 ; True ; 1 18 119 156 163 178 190 252 260 282 287 294 295 296 306 336 388 403 419 484 547 549 574 608 723 755 760 785 794 812 836  ; 8 1 10 3 21 7 15 9 6 5 5 4 8 5 4 5 6 2 
2053 ; 6.862e-11 ; True ; 20 73 145 173 176 178 191 218 219 220 260 288 342 351 364 388 415 455 506 507 519 544 547 592 651 652 765 781 823 828 831 879  ; 8 1 8 5 19 9 11 8 4 6 6 6 11 6 4 3 8 1 
2074 ; 1.032e-10 ; True ; 7 42 71 163 184 219 240 248 268 294 306 307 331 370 375 388 455 464 482 494 549 634 675 706 709 713 723 740 787 832 839 852 897  ; 5 1 9 4 27 7 15 5 7 7 7 3 7 6 5 5 8 2 
2361 ; 1.093e-10 ; True ; 20 25 43 50 67 69 99 112 137 156 246 290 348 365 385 388 395 483 491 507 525 562 636 685 700 715 740 756 772 808 817 825 836  ; 8 1 7 5 21 6 10 10 5 8 5 4 6 8 4 10 7 1 
2426 ; 2.028e-10 ; True ; 6 20 25 46 64 120 160 163 194 268 283 290 313 329 335 388 410 415 429 443 484 511 522 532 547 584 592 681 723 749 759 763 780 807 848  ; 6 1 12 6 25 7 16 6 7 6 4 2 8 8 7 8 10 2 
 

RUN 7:
Optimum Distance: 26.48
Optimal Team: 163,388,455,634,
Required Skills: 0 1 2 4 5 7 9 10 11 12 14 15 16 18 22 23 24 26 
Distance; Skill Score; isValid; Team; Skill Counts
43.07 ; 7.752e-18 ; True ; 163 388 547 612 713  ; 2 1 2 1 4 1 3 2 1 1 1 1 3 2 3 1 2 1 
66.96 ; 9.943e-18 ; True ; 1 163 372 388 401 547  ; 1 1 3 1 3 2 3 2 1 2 3 1 3 1 1 1 2 1 
69.53 ; 3.427e-17 ; True ; 25 163 268 388 634 850  ; 2 1 3 1 4 2 5 2 2 2 1 1 2 1 3 1 2 1 
79.24 ; 6.17e-17 ; True ; 20 227 388 547 576 612 713  ; 2 1 4 1 6 1 4 1 3 1 2 2 2 2 3 2 1 1 
83.58 ; 9.269e-17 ; True ; 163 281 388 547 576 612 713  ; 2 1 3 1 6 1 5 2 2 1 2 1 3 2 3 2 2 1 
107.1 ; 4.1e-16 ; True ; 144 163 281 388 547 576 612 713  ; 2 1 3 1 6 2 5 2 2 1 2 1 4 2 3 3 3 1 
137.6 ; 4.25e-16 ; True ; 145 163 388 489 506 537 547 596 713  ; 2 1 2 1 5 3 4 3 1 2 2 2 3 2 3 2 2 1 
146.2 ; 1.369e-15 ; True ; 25 42 163 268 365 388 627 634 850  ; 3 1 4 1 7 3 7 4 2 2 2 2 3 1 4 1 3 1 
151.3 ; 2.387e-15 ; True ; 20 30 388 416 464 500 665 723 765  ; 3 1 6 1 7 1 5 4 3 4 3 2 3 3 2 1 2 1 
151.5 ; 3.438e-15 ; True ; 20 173 244 268 388 438 634 750 769  ; 2 1 5 2 5 3 5 2 3 4 3 3 2 1 2 2 2 1 
185.8 ; 7.381e-15 ; True ; 20 30 388 416 500 665 723 732 765 780  ; 3 1 7 1 8 1 6 4 3 3 4 2 3 3 3 2 2 1 
189 ; 9.606e-15 ; True ; 1 163 232 272 388 415 429 455 500 576  ; 3 1 6 2 7 2 4 4 4 2 2 2 4 2 3 1 5 1 
246.9 ; 1.763e-14 ; True ; 42 161 163 330 388 416 438 474 547 636 760 817  ; 5 1 6 2 10 2 5 7 2 4 5 1 5 2 2 1 5 1 
257.9 ; 2.137e-14 ; True ; 1 20 30 156 187 388 509 622 723 749 807 863  ; 3 1 8 2 6 3 6 2 4 3 5 3 3 2 2 1 4 1 
261.5 ; 2.793e-14 ; True ; 83 127 163 173 260 276 388 500 713 780 782 865  ; 3 1 8 2 8 1 7 6 3 2 4 3 4 5 3 1 3 1 
283.6 ; 3.362e-14 ; True ; 1 20 25 52 110 127 358 388 488 547 660 869 881  ; 4 1 8 2 10 2 5 5 3 5 3 2 3 4 1 2 4 1 
333 ; 3.977e-14 ; True ; 20 37 200 260 308 340 388 455 612 676 696 723 769 881  ; 5 1 5 2 8 3 3 3 4 2 3 3 3 3 2 2 6 1 
344 ; 4.755e-14 ; True ; 4 29 138 163 173 239 329 334 388 537 699 713 770 781  ; 6 1 7 2 10 4 8 5 2 2 5 2 4 2 2 2 4 1 
348.3 ; 1.736e-13 ; True ; 20 33 83 123 163 236 329 388 455 529 547 734 781 867  ; 6 1 9 1 9 2 8 5 4 2 5 2 4 3 3 3 4 2 
502.9 ; 1.944e-13 ; True ; 14 20 27 163 214 231 280 326 388 438 489 547 599 692 743 874  ; 4 1 7 2 9 5 4 6 3 4 4 1 6 3 2 2 5 2 
506.5 ; 1.957e-13 ; True ; 14 27 163 214 231 357 359 388 438 500 545 547 599 678 743 874  ; 4 1 7 3 10 5 6 7 3 4 4 1 6 4 2 2 4 1 
513.3 ; 2.298e-13 ; True ; 1 20 25 101 112 127 170 377 388 537 562 563 634 788 812 882  ; 2 1 8 2 13 3 7 5 4 4 4 4 3 4 3 2 4 1 
516.9 ; 2.627e-13 ; True ; 1 37 48 112 163 324 347 353 388 395 468 482 547 592 662 835 874  ; 4 1 7 3 12 3 5 6 3 5 3 2 8 4 2 2 4 1 
524.1 ; 2.795e-13 ; True ; 20 30 246 306 326 341 388 416 515 665 682 723 732 743 765 780 885  ; 5 1 8 1 13 2 7 6 4 4 4 2 3 4 4 3 3 2 
530.1 ; 3.566e-13 ; True ; 1 20 30 156 375 388 509 622 634 638 723 749 759 807 817 863  ; 3 1 8 4 9 5 6 2 3 5 5 4 3 2 3 3 4 1 
588.6 ; 3.575e-13 ; True ; 4 27 38 156 163 221 249 344 359 388 395 538 579 620 723 732 867 885  ; 7 1 8 2 13 6 8 5 3 2 6 2 3 3 4 4 3 1 
617.3 ; 3.576e-13 ; True ; 20 23 25 71 81 163 283 290 295 299 316 388 395 484 628 696 723  ; 6 1 8 4 10 3 8 4 2 4 1 2 7 3 3 3 7 2 
633.5 ; 4.083e-13 ; True ; 7 15 20 134 251 259 381 388 413 490 634 682 723 726 817 867 871 886 905  ; 6 1 9 2 13 4 6 2 4 4 3 4 4 4 2 5 4 1 
641.8 ; 6.363e-13 ; True ; 25 138 163 173 290 295 299 383 388 395 433 438 447 457 533 680 723 764  ; 8 1 9 2 11 5 8 6 2 3 3 2 6 5 5 2 7 1 
645.1 ; 7.71e-13 ; True ; 15 20 171 173 187 257 284 345 388 416 439 451 554 576 612 634 688 793 817  ; 5 1 8 2 14 3 11 4 4 3 4 5 5 3 3 4 4 1 
675.8 ; 1.145e-12 ; True ; 20 44 112 151 218 257 301 324 388 500 529 536 547 552 694 740 817 873  ; 2 1 6 3 12 6 7 6 6 5 6 2 6 6 2 5 2 1 
685.2 ; 1.262e-12 ; True ; 15 20 61 69 112 152 218 244 388 390 531 547 659 700 724 773 867 907  ; 4 1 5 3 10 5 7 7 3 4 3 3 7 5 2 5 5 1 
724.7 ; 1.309e-12 ; True ; 15 18 20 95 171 187 257 284 332 345 388 416 451 475 612 630 634 651 688 723 793  ; 6 1 8 1 14 3 10 4 5 4 6 5 6 3 4 4 4 1 
767.3 ; 1.356e-12 ; True ; 20 99 150 163 259 293 296 331 334 381 388 484 549 584 636 670 680 723 830 834  ; 6 1 8 3 12 4 7 4 4 3 5 2 4 4 2 4 6 2 
785.1 ; 2.817e-12 ; True ; 15 42 61 112 152 163 218 244 370 385 388 390 393 450 483 547 724 773 867 907  ; 4 1 6 4 15 5 7 8 2 6 3 3 9 4 3 4 8 1 
837.4 ; 4e-12 ; True ; 1 20 67 112 130 142 149 223 261 354 365 388 421 483 490 505 612 688 720 765 863 899  ; 4 1 6 3 17 6 6 5 3 6 4 4 10 6 2 4 8 1 
926.3 ; 4.977e-12 ; True ; 4 20 42 67 101 196 257 329 332 333 359 376 388 429 440 455 500 608 671 695 750  ; 6 1 9 3 10 6 8 4 7 3 8 4 3 5 3 5 4 1 
1056 ; 6.873e-12 ; True ; 4 20 67 71 100 149 163 251 289 295 388 414 484 500 537 552 625 665 679 765 770 844 867  ; 5 1 7 3 17 2 8 6 5 5 5 3 8 6 3 4 5 2 
1175 ; 7.216e-12 ; True ; 41 50 127 163 285 327 332 376 388 421 551 555 575 598 634 641 677 682 688 713 735 765 850 851 900  ; 6 1 8 3 16 5 8 10 4 5 3 3 5 6 4 5 6 1 
1206 ; 1.016e-11 ; True ; 24 112 125 129 163 178 187 192 249 308 338 388 484 490 494 499 500 548 612 684 816 840 856 863 888  ; 8 1 7 3 16 6 4 6 5 5 6 3 9 6 3 3 11 1 
1335 ; 2.172e-11 ; True ; 20 100 113 126 157 173 178 330 338 388 415 438 475 476 547 585 612 614 713 723 740 781 786 787 820 897  ; 7 1 11 4 23 4 14 5 3 7 8 3 9 4 6 4 9 1 
1498 ; 2.939e-11 ; True ; 1 20 35 67 112 130 142 149 198 228 261 354 388 421 474 483 490 505 537 561 585 612 688 765 782 863 889 899  ; 5 1 9 3 20 6 7 6 4 6 4 5 11 6 5 5 9 1 
1642 ; 3.434e-11 ; True ; 28 48 56 74 109 138 150 198 241 260 306 314 388 413 414 438 462 470 484 492 537 574 620 634 676 697 713 765 871 900  ; 5 1 9 5 16 8 8 7 3 6 4 4 10 6 4 6 9 1 
1658 ; 3.526e-11 ; True ; 67 101 104 156 159 185 196 261 270 306 332 388 455 537 547 574 592 596 610 625 634 654 777 819 822 834 850 865 893  ; 8 1 8 3 17 7 12 6 6 3 6 5 8 6 5 7 5 1 
1763 ; 3.862e-11 ; True ; 28 48 74 138 150 198 257 260 306 314 375 388 413 414 438 462 470 484 503 574 586 634 676 697 713 728 765 808 871 885 900  ; 7 1 12 5 17 8 10 7 3 6 5 3 9 6 4 6 9 1 
1790 ; 3.953e-11 ; True ; 1 6 20 30 42 56 68 80 101 104 127 140 199 224 254 385 388 480 500 551 554 570 592 606 680 721 723 743 786 788  ; 5 1 9 3 24 9 10 5 6 6 9 4 6 8 5 3 9 1 
1846 ; 4.643e-11 ; True ; 1 6 20 30 42 68 80 101 104 127 140 199 224 254 368 385 388 471 474 480 500 551 570 592 680 707 711 723 786 832 866  ; 7 1 9 3 23 8 12 6 6 6 10 4 7 6 5 3 8 1 
1967 ; 4.663e-11 ; True ; 37 110 143 174 215 223 240 260 269 293 297 306 312 388 407 477 484 494 535 547 586 628 676 678 684 697 713 744 814 817 850 879 896 902  ; 6 1 7 4 25 6 14 5 8 7 8 2 9 6 5 5 9 1 
2043 ; 8.088e-11 ; True ; 1 20 208 269 272 293 320 359 373 387 388 396 429 436 481 483 498 547 604 615 617 644 687 709 723 765 769 780 805 808 843 856  ; 6 1 8 4 23 8 10 6 7 6 7 4 9 5 6 5 7 1 
2442 ; 4.017e-10 ; True ; 25 56 67 84 104 159 163 185 196 240 270 306 332 372 388 505 528 529 537 547 587 592 596 610 625 634 654 675 688 777 787 817 822 865 876  ; 9 1 9 5 25 9 13 7 4 6 8 5 11 7 5 7 10 2 

RUN 8:
Optimum Distance: 26.48
Optimal Team: 163,388,455,634,
Required Skills: 0 1 2 4 5 7 9 10 11 12 14 15 16 18 22 23 24 26 
Distance; Skill Score; isValid; Team; Skill Counts
60.9 ; 9.298e-18 ; True ; 163 260 261 388 547 549  ; 1 1 3 1 2 1 3 3 1 2 2 1 3 1 1 2 2 1 
80.05 ; 6.26e-17 ; True ; 163 173 261 388 547 549 575  ; 3 1 4 1 4 1 4 4 1 2 1 1 3 1 2 2 3 1 
82.76 ; 1.089e-16 ; True ; 163 171 388 438 612 723 744  ; 4 1 5 1 4 2 2 2 1 3 2 1 4 1 2 1 3 1 
83.39 ; 2.157e-16 ; True ; 25 112 163 260 388 446 547  ; 1 1 5 1 5 1 4 5 2 3 2 1 4 2 1 2 3 1 
106.4 ; 4.108e-16 ; True ; 1 112 143 163 388 537 547 653  ; 1 1 4 1 7 1 2 4 2 4 1 2 5 2 2 2 4 1 
122 ; 9.2e-16 ; True ; 163 270 388 455 655 723 765 867  ; 3 1 5 2 5 3 3 2 2 2 3 1 2 3 1 3 2 1 
154.6 ; 1.743e-15 ; True ; 112 126 163 260 286 388 446 547 723  ; 2 1 5 1 6 1 6 4 3 2 3 1 3 3 2 3 3 1 
179.6 ; 3.813e-15 ; True ; 30 42 163 388 413 415 438 547 616 873  ; 3 1 4 1 6 4 3 3 1 5 4 1 6 2 4 1 4 1 
180.9 ; 3.085e-14 ; True ; 1 20 173 244 359 388 500 723 861 885  ; 4 1 8 3 7 2 6 3 3 3 2 5 2 2 2 2 4 1 
278.2 ; 3.447e-14 ; True ; 30 89 99 156 163 270 369 383 388 636 684 769  ; 4 1 5 2 7 4 5 5 2 3 5 1 3 3 2 3 4 1 
299.1 ; 8.083e-14 ; True ; 1 20 173 244 359 388 466 500 628 723 818 861 885  ; 5 1 8 3 10 2 7 4 3 3 2 5 3 2 2 2 6 1 
308.2 ; 9.306e-14 ; True ; 1 25 39 134 163 174 359 388 483 500 628 723 861 879  ; 4 1 7 3 11 2 7 5 2 3 2 4 5 2 3 2 6 1 
375.5 ; 1.366e-13 ; True ; 1 25 260 268 306 310 388 429 489 529 547 661 709 740 789  ; 3 1 5 2 10 2 8 5 3 5 4 2 7 2 4 2 5 1 
376.4 ; 6.608e-13 ; True ; 1 20 25 134 218 359 368 388 483 500 628 723 861 885  ; 5 1 8 4 10 4 7 5 3 3 2 5 5 3 3 2 7 1 
492.5 ; 8.072e-13 ; True ; 1 9 11 20 42 123 276 388 499 505 537 547 612 643 652 723 781  ; 4 1 7 1 12 4 6 3 4 3 6 5 6 4 5 3 5 1 
601.9 ; 1.098e-12 ; True ; 1 20 59 112 116 200 299 342 388 426 483 544 547 549 700 723 765 791  ; 2 1 6 3 9 3 5 5 4 5 4 4 5 6 3 5 3 1 
635.7 ; 2.931e-12 ; True ; 30 145 156 163 231 257 261 306 307 331 388 414 455 506 592 612 771 831 885  ; 5 1 7 3 10 6 7 5 3 5 4 4 5 2 3 4 5 2 
775.8 ; 3.005e-12 ; True ; 1 9 11 20 42 123 388 429 499 505 537 547 574 594 643 652 723 769 770 781 846  ; 5 1 8 2 15 5 9 5 3 4 6 4 7 4 5 3 5 1 
786.6 ; 7.859e-12 ; True ; 20 30 79 105 127 156 221 259 272 283 329 388 463 477 494 634 684 850 851 874  ; 6 1 7 3 10 6 9 3 7 4 8 5 3 5 5 4 4 1 
1106 ; 1.19e-11 ; True ; 20 30 96 105 127 137 156 256 259 272 283 329 337 388 463 624 634 637 684 700 850 851 874  ; 8 1 8 2 10 5 10 5 6 4 7 5 4 4 5 5 7 1 
1201 ; 1.34e-11 ; True ; 20 30 105 127 156 202 250 256 259 283 312 329 337 388 463 555 624 634 684 700 850 851 874 905  ; 8 1 9 2 12 5 8 6 5 5 8 5 6 4 4 5 5 1 
1266 ; 1.467e-11 ; True ; 4 20 26 97 113 163 243 245 268 276 329 359 364 380 388 415 522 634 722 781 796 814 861 863 904  ; 8 1 13 3 19 6 12 7 5 3 8 3 7 3 3 4 7 2 
1292 ; 1.55e-11 ; True ; 4 30 98 145 156 163 176 231 257 331 344 388 395 440 506 542 571 581 592 612 769 771 831 851 885  ; 8 1 10 4 13 8 8 7 2 7 7 5 6 4 4 3 7 1 
1486 ; 1.907e-11 ; True ; 4 6 20 42 61 81 87 104 130 208 283 309 313 388 463 483 500 549 565 575 592 594 645 653 723 763 782 867  ; 8 1 9 4 22 5 9 6 4 6 7 4 5 6 4 3 8 1 
1587 ; 2.226e-11 ; True ; 20 61 130 145 151 163 184 255 388 429 465 473 477 486 568 575 609 612 643 710 713 720 780 788 826 845 874 900  ; 6 1 6 4 20 7 9 6 3 5 4 3 8 6 5 4 7 2 
1599 ; 3.349e-11 ; True ; 6 15 69 110 113 129 163 371 388 483 494 500 541 557 597 623 625 676 704 723 744 765 772 787 788 830 836 855 901  ; 10 1 10 3 23 5 8 7 6 7 7 4 8 6 3 3 15 1 
1708 ; 3.376e-11 ; True ; 57 69 157 163 176 190 268 283 299 327 352 388 415 438 483 537 539 547 600 681 704 741 759 761 787 795 864 869 876  ; 8 1 9 3 21 7 7 7 3 6 4 6 8 5 6 5 8 1 
1713 ; 3.946e-11 ; True ; 20 56 98 109 110 112 127 163 182 260 266 300 313 322 388 395 402 416 421 547 556 575 622 624 713 743 763 768 825 881  ; 9 1 13 2 21 6 12 11 6 4 5 3 8 8 5 3 8 2 
1778 ; 5.175e-11 ; True ; 20 61 101 133 163 189 218 241 338 358 370 388 415 455 474 483 497 575 601 634 640 652 679 717 723 729 786 788 832 846  ; 7 1 8 3 21 6 14 5 7 5 6 4 7 4 5 4 10 2 
1952 ; 8.5e-11 ; True ; 1 15 49 105 110 112 126 163 179 207 208 214 228 262 266 306 310 386 388 459 547 556 684 746 767 768 785 795 805 850 893 900  ; 8 1 10 5 20 8 11 5 4 8 4 5 8 5 3 6 8 2 
2349 ; 8.764e-11 ; True ; 1 4 110 137 160 163 166 187 201 231 269 284 288 318 331 332 367 376 385 388 416 507 517 518 532 537 571 584 689 713 723 740 763 828 894  ; 9 1 11 5 26 6 14 7 6 8 5 3 8 6 5 5 10 1 
2360 ; 1.066e-10 ; True ; 92 96 99 111 113 124 143 163 211 241 266 270 272 295 332 364 388 400 416 450 514 555 612 634 669 677 691 710 737 765 787 792 817 861  ; 8 1 9 4 23 7 9 8 4 8 8 6 9 5 5 4 10 1 
2529 ; 1.137e-10 ; True ; 15 20 30 83 122 163 168 171 181 218 239 258 303 352 369 380 388 411 459 537 551 552 553 564 593 617 636 646 651 729 741 756 769 836 885  ; 11 1 11 4 25 7 11 7 4 7 4 4 11 5 6 4 10 2 
2612 ; 1.724e-10 ; True ; 1 20 27 49 60 140 156 176 187 190 233 283 308 347 388 415 429 440 513 530 533 534 538 547 557 575 585 612 644 680 808 810 836 848 878 907  ; 7 1 11 4 24 8 14 9 6 5 7 5 10 9 7 4 8 1 


RUN 9:
Optimum Distance: 26.48
Optimal Team: 163,388,455,634,
Required Skills: 0 1 2 4 5 7 9 10 11 12 14 15 16 18 22 23 24 26 
Distance; Skill Score; isValid; Team; Skill Counts
57.94 ; 7.337e-18 ; True ; 69 112 163 385 388 780  ; 1 1 3 1 4 1 1 2 1 3 2 1 1 3 1 3 2 1 
59.33 ; 1.004e-17 ; True ; 163 388 484 491 634 788  ; 3 1 3 1 4 1 3 2 1 3 2 1 2 1 1 1 2 1 
66.64 ; 1.683e-17 ; True ; 99 163 388 413 500 850  ; 2 1 3 1 3 2 4 3 3 2 1 1 1 3 1 1 1 1 
80.82 ; 9.421e-17 ; True ; 67 163 260 359 388 451 723  ; 3 1 4 1 2 2 3 2 1 2 2 1 2 2 2 2 2 1 
86.41 ; 1.442e-16 ; True ; 20 319 388 484 491 547 634  ; 2 1 3 1 4 1 3 2 2 3 2 2 3 1 2 2 2 1 
113.6 ; 1.569e-16 ; True ; 10 163 388 484 491 547 634 848  ; 3 1 3 1 5 1 4 3 1 3 2 1 3 2 2 2 2 1 
118.9 ; 2.13e-16 ; True ; 20 357 388 547 553 599 713 874  ; 2 1 4 2 5 3 5 3 2 2 1 1 3 3 2 1 1 1 
132.6 ; 2.89e-16 ; True ; 15 37 163 388 636 713 768 788 867  ; 3 1 3 2 7 2 5 2 2 1 4 1 3 3 1 1 3 1 
138.1 ; 2.912e-16 ; True ; 20 156 160 237 388 395 441 765 886  ; 2 1 4 1 8 1 5 3 4 2 2 2 2 1 1 3 3 1 
138.9 ; 2.986e-16 ; True ; 49 163 334 388 455 634 697 777 828  ; 4 1 6 2 5 2 5 2 2 2 2 1 3 1 2 1 2 1 
140.3 ; 4.257e-16 ; True ; 30 163 388 439 615 634 723 773 817  ; 4 1 5 1 8 1 5 2 1 3 3 1 3 2 3 2 2 1 
140.7 ; 1.544e-15 ; True ; 15 30 163 388 615 634 723 817 822  ; 4 1 4 1 8 1 5 2 1 3 3 2 4 2 3 2 4 1 
161.5 ; 3.259e-15 ; True ; 42 49 163 243 388 547 634 874 883  ; 2 1 3 2 6 3 4 3 1 3 3 2 3 3 3 2 2 1 
168.5 ; 4.484e-15 ; True ; 1 15 101 126 149 163 239 270 388 723  ; 4 1 6 2 7 2 6 3 1 2 3 2 4 2 1 3 6 1 
210.9 ; 6.123e-15 ; True ; 159 163 326 377 388 438 472 549 612 713 723  ; 4 1 4 2 7 3 5 3 1 3 3 1 4 3 3 2 3 1 
211.9 ; 9.11e-15 ; True ; 20 25 30 149 173 388 483 521 874 900  ; 3 1 5 3 5 3 5 4 1 5 1 3 6 2 2 1 6 1 
230.8 ; 1.679e-14 ; True ; 20 25 112 241 376 383 388 484 505 537 576  ; 3 1 7 2 8 2 4 4 3 4 2 3 5 2 1 2 5 1 
291.8 ; 3.215e-14 ; True ; 20 25 30 110 112 388 528 547 622 644 689 794 868  ; 2 1 6 1 10 4 6 3 3 5 4 2 4 3 2 3 3 1 
295.1 ; 3.242e-14 ; True ; 30 45 126 163 260 292 388 723 786 828 874 890  ; 5 1 7 2 9 2 6 2 2 5 4 1 5 2 3 3 5 1 
298.3 ; 3.364e-14 ; True ; 4 163 388 407 455 464 547 601 628 634 706 723 834  ; 3 1 3 2 9 3 5 3 3 3 4 1 4 4 3 4 3 1 
317.7 ; 3.571e-14 ; True ; 20 171 218 268 302 341 388 537 636 750 817 869  ; 2 1 5 4 8 5 3 2 4 4 2 2 4 4 2 2 3 1 
336.5 ; 6.757e-14 ; True ; 1 30 149 163 218 372 388 464 500 723 789 813  ; 5 1 6 2 6 3 6 2 2 4 4 2 5 5 2 2 5 1 
356.4 ; 1.17e-13 ; True ; 1 110 160 163 215 237 299 388 490 535 559 613 634 713 723  ; 6 1 6 2 13 2 9 2 2 4 3 3 4 3 3 4 6 1 
402.7 ; 2.276e-13 ; True ; 20 25 52 112 241 266 383 388 484 505 537 543 575 576 681  ; 3 1 8 2 12 2 5 5 3 5 3 4 5 2 3 3 6 1 
435.8 ; 3.217e-13 ; True ; 20 42 196 270 388 455 575 634 696 765 769 781 783 794 816  ; 3 1 6 3 8 6 5 5 2 3 5 3 4 3 4 2 5 1 
479.9 ; 3.224e-13 ; True ; 12 20 25 30 112 149 173 364 388 483 521 544 818 874 900  ; 3 1 6 3 9 5 5 6 2 6 2 3 7 3 2 3 6 1 
519.8 ; 6.502e-13 ; True ; 27 42 61 99 163 187 235 329 385 388 461 489 555 668 874 885 900  ; 5 1 5 3 10 5 5 5 3 5 4 2 4 3 3 4 5 1 
687.3 ; 1.572e-12 ; True ; 30 143 144 202 241 257 306 335 359 388 413 500 503 537 676 694 780 817 890  ; 3 1 6 4 11 5 5 3 3 5 5 3 5 4 3 5 6 1 
741 ; 2.168e-12 ; True ; 86 163 187 358 388 464 472 494 500 529 537 636 723 764 786 836 846 850 873  ; 7 1 5 1 12 5 9 5 6 4 6 2 7 8 4 3 7 1 
789.8 ; 3.008e-12 ; True ; 1 4 24 103 112 163 184 240 283 343 357 388 413 551 575 617 634 680 861 868 904  ; 6 1 10 4 14 5 8 7 3 6 4 2 5 2 4 5 7 1 
862 ; 3.022e-12 ; True ; 1 5 27 29 68 104 124 150 163 173 219 329 353 388 395 438 557 615 723 792 795 873  ; 9 1 11 2 14 7 7 6 4 5 5 2 7 3 4 3 7 1 
951 ; 1.034e-11 ; True ; 20 30 66 145 160 163 297 347 385 388 402 429 505 531 537 547 576 611 817 848 850 856  ; 4 1 5 2 15 6 10 5 5 4 5 3 6 5 6 4 8 2 
1208 ; 1.351e-11 ; True ; 20 22 55 120 127 159 214 240 244 256 262 388 444 446 500 547 565 680 723 761 765 850 874 891  ; 6 1 8 3 15 5 6 6 7 4 7 2 6 8 4 6 6 1 
1268 ; 2.11e-11 ; True ; 1 20 30 68 89 127 160 167 187 214 217 266 332 388 421 439 508 537 577 651 669 683 713 817 837 873  ; 5 1 12 4 21 4 9 7 6 8 4 5 7 7 4 2 8 1 
1346 ; 2.262e-11 ; True ; 17 20 105 127 266 270 272 368 388 432 455 473 484 491 511 612 615 723 742 765 773 781 835 843 867 875  ; 8 1 9 3 18 6 8 6 5 6 6 4 7 8 3 5 5 1 
1376 ; 4.53e-11 ; True ; 27 30 52 112 182 207 272 280 289 306 310 323 369 388 460 468 484 537 547 634 723 765 775 787 800 805 885 895  ; 8 1 11 4 22 5 9 6 4 7 7 3 7 4 8 5 9 1 
1617 ; 5.025e-11 ; True ; 20 24 44 54 84 105 113 129 163 236 240 251 293 335 338 388 393 399 483 484 542 575 592 636 661 689 788 828 885  ; 7 1 12 4 23 3 12 7 6 6 5 5 9 4 4 3 12 2 
1798 ; 5.639e-11 ; True ; 1 20 27 30 55 163 199 240 258 320 332 354 357 388 455 505 506 559 582 592 612 627 656 705 725 772 808 815 820 834 885  ; 9 1 11 3 24 5 12 8 4 5 6 5 10 4 4 4 11 2 
2008 ; 8.05e-11 ; True ; 25 42 45 75 123 149 161 163 164 174 214 231 268 306 329 335 379 388 525 597 612 628 634 683 760 769 812 850 877 886 891 896  ; 12 1 9 3 21 7 13 5 5 6 5 3 8 7 6 5 8 2 
2457 ; 1.03e-10 ; True ; 1 20 26 48 79 138 143 149 171 173 200 221 324 330 388 450 466 482 502 535 547 549 575 592 629 660 669 782 787 788 808 842 850 865 899 900  ; 9 1 9 8 27 10 14 7 5 9 5 4 11 7 3 3 11 1 
2470 ; 1.167e-10 ; True ; 43 58 157 159 161 163 205 215 250 295 310 332 385 388 437 438 455 477 483 499 503 516 522 549 557 575 599 601 612 620 683 720 795 836 842 867  ; 7 1 8 5 25 7 11 8 5 7 6 4 9 8 4 7 8 1 
2497 ; 1.59e-10 ; True ; 25 42 45 123 153 161 163 164 214 231 268 306 329 335 379 388 465 469 525 544 582 597 612 625 628 634 683 760 769 805 850 852 877 886 891 896  ; 11 1 11 3 24 8 11 5 6 7 6 3 10 8 5 6 9 2 
 

RUN 10:
Optimum Distance: 26.48
Optimal Team: 163,388,455,634,
Required Skills: 0 1 2 4 5 7 9 10 11 12 14 15 16 18 22 23 24 26 
Distance; Skill Score; isValid; Team; Skill Counts
56.06 ; 1.379e-17 ; True ; 1 163 388 395 494 900  ; 2 1 4 2 4 1 2 2 1 3 1 1 3 1 1 1 3 1 
82.18 ; 2.016e-17 ; True ; 1 163 388 432 547 776 900  ; 2 1 3 2 4 1 3 2 1 3 1 1 3 1 1 2 2 1 
89.36 ; 2.041e-17 ; True ; 163 261 268 320 388 500 863  ; 3 1 5 1 4 2 4 3 2 1 1 1 2 1 1 1 3 1 
92.79 ; 5.186e-17 ; True ; 144 163 388 612 750 856 874  ; 2 1 3 1 2 3 2 1 1 2 2 2 4 1 1 2 4 1 
94.23 ; 1.144e-16 ; True ; 163 388 461 547 735 765 885  ; 2 1 3 1 4 2 3 4 1 2 2 1 3 1 2 2 3 1 
106 ; 1.616e-16 ; True ; 25 163 364 388 438 732 885 886  ; 3 1 6 1 7 2 4 4 1 3 2 1 4 1 1 1 4 1 
109 ; 2.092e-16 ; True ; 20 25 112 246 260 388 713 839  ; 1 1 5 2 6 3 4 4 2 3 1 2 2 2 1 1 2 1 
118.3 ; 2.691e-16 ; True ; 83 163 329 388 525 547 817 856  ; 2 1 4 1 3 2 4 2 2 3 3 1 2 2 2 3 1 1 
119.3 ; 3.736e-16 ; True ; 20 30 329 388 535 612 680 787  ; 5 1 5 1 5 1 3 1 2 3 3 2 3 1 3 1 4 1 
145.5 ; 6.692e-16 ; True ; 163 270 388 491 636 688 831 850 885  ; 4 1 4 1 5 3 3 3 1 2 2 2 2 2 2 2 3 1 
158.4 ; 1.027e-15 ; True ; 20 67 171 383 388 529 627 634 863  ; 4 1 5 2 4 3 3 3 1 3 1 2 4 1 2 2 3 1 
183 ; 1.32e-15 ; True ; 112 163 364 388 438 477 732 748 885 886  ; 3 1 6 1 7 3 3 4 2 3 2 1 4 2 1 2 4 1 
186.7 ; 1.575e-15 ; True ; 67 160 163 170 270 388 537 547 728 765  ; 1 1 4 1 6 2 3 4 2 3 2 1 4 3 2 4 4 1 
199.7 ; 2.496e-15 ; True ; 95 112 163 177 388 483 484 529 805 850  ; 5 1 5 1 6 3 2 4 2 4 1 1 5 3 3 1 5 1 
210.6 ; 9.098e-15 ; True ; 20 30 104 163 176 218 388 461 547 570  ; 4 1 5 1 6 3 6 3 2 2 4 2 5 2 2 1 4 2 
222.6 ; 1.747e-14 ; True ; 163 173 176 268 329 388 645 723 761 874 905  ; 5 1 7 1 8 2 6 3 4 2 3 2 4 3 2 3 3 1 
258.9 ; 1.849e-14 ; True ; 1 183 259 306 388 406 484 547 574 592 684 891  ; 5 1 6 3 8 2 4 3 1 4 2 2 5 4 2 2 4 1 
279.2 ; 2.075e-14 ; True ; 20 30 67 88 98 129 388 484 500 850 861 870  ; 4 1 6 1 7 3 7 2 3 5 2 2 5 3 2 2 5 1 
300.8 ; 2.488e-14 ; True ; 8 20 30 137 176 251 388 455 500 612 713 826  ; 3 1 5 2 7 2 6 3 4 3 2 4 2 3 3 2 3 1 
303.4 ; 3.809e-14 ; True ; 25 58 163 206 306 388 421 484 705 723 761 836 885  ; 4 1 6 2 9 1 5 3 3 4 3 1 4 4 2 3 5 2 
316.8 ; 1.356e-13 ; True ; 1 163 240 306 358 388 413 483 547 583 678 683 850  ; 3 1 5 2 9 2 7 5 3 3 2 2 6 3 3 3 5 2 
454.4 ; 2.818e-13 ; True ; 25 33 68 163 253 366 388 537 547 597 722 723 780 781 863  ; 7 1 9 2 12 3 6 7 2 2 4 1 7 5 5 3 6 1 
484.5 ; 2.914e-13 ; True ; 61 75 129 156 217 259 306 368 388 537 634 683 694 765 780 850  ; 3 1 3 2 11 4 8 5 2 4 3 4 4 3 4 4 6 1 
486.9 ; 2.936e-13 ; True ; 25 33 163 240 253 388 537 547 685 716 722 723 772 780 781 863  ; 7 1 8 2 13 2 8 7 3 2 5 1 6 4 4 4 6 1 
507 ; 4.729e-13 ; True ; 1 20 27 30 158 187 191 210 271 358 388 484 576 654 662 713 723  ; 8 1 10 3 13 2 8 2 4 5 4 2 5 3 4 3 5 1 
513.5 ; 9.218e-13 ; True ; 25 42 58 129 163 206 306 314 388 421 484 631 705 723 761 836 885  ; 4 1 7 2 12 3 7 4 3 5 4 2 5 5 3 3 6 2 
607.7 ; 1.056e-12 ; True ; 8 18 25 163 171 270 276 388 421 436 483 612 765 781 817 828 856 894  ; 5 1 7 4 11 4 4 6 3 8 4 3 9 3 3 1 7 1 
618.4 ; 1.383e-12 ; True ; 1 20 36 121 161 260 357 379 388 395 531 547 634 694 702 720 722 786 836  ; 3 1 7 2 12 3 9 6 3 5 6 4 5 3 3 5 6 1 
649.4 ; 1.517e-12 ; True ; 1 20 38 39 86 112 329 388 432 534 547 680 691 740 763 785 863 873  ; 5 1 9 2 12 5 7 4 4 5 4 3 5 4 3 5 4 1 
730 ; 1.69e-12 ; True ; 1 115 150 163 203 216 257 388 440 456 522 531 544 591 634 723 750 782 805 894 900  ; 7 1 11 2 10 3 9 5 4 5 5 3 7 3 2 6 5 1 
810.6 ; 3.605e-12 ; True ; 75 129 156 173 259 306 321 368 388 494 500 537 634 671 683 694 765 780 830 850  ; 4 1 5 2 14 4 11 7 4 3 5 6 5 5 4 4 7 1 
887.2 ; 6.623e-12 ; True ; 59 75 129 156 163 259 306 368 388 484 494 537 557 589 634 671 683 694 765 830 850  ; 5 1 5 4 14 7 10 6 3 5 3 4 6 4 3 3 8 2 
928.2 ; 8.828e-12 ; True ; 1 20 25 33 40 80 149 231 256 268 329 341 349 357 388 438 624 637 701 713 723 736 867  ; 9 1 12 4 16 4 10 6 5 5 4 2 6 5 3 6 8 1 
1015 ; 1.225e-11 ; True ; 129 156 163 173 259 267 321 368 388 494 500 537 634 671 683 694 756 765 780 817 825 830  ; 4 1 6 3 17 5 10 8 4 4 5 6 6 6 4 4 8 1 
1305 ; 1.5e-11 ; True ; 13 20 30 87 173 184 214 218 237 266 341 360 386 388 417 502 547 575 592 716 765 788 814 874 901  ; 8 1 6 4 18 4 8 6 5 7 4 3 9 7 3 4 9 1 
1371 ; 2.063e-11 ; True ; 25 163 241 256 260 272 283 323 329 340 341 388 390 469 474 494 537 625 651 681 682 691 723 797 805 842 895  ; 6 1 9 3 19 4 8 7 7 6 7 3 7 3 5 5 9 1 
1493 ; 2.695e-11 ; True ; 20 27 49 67 81 99 140 145 149 208 260 299 325 329 332 388 390 432 475 497 522 531 552 624 763 765 780 785 805 857  ; 6 1 12 3 19 6 14 7 5 5 5 6 6 7 2 7 9 1 
1657 ; 2.949e-11 ; True ; 1 14 20 30 64 83 127 144 156 234 246 261 314 358 359 371 388 438 466 592 616 628 677 694 699 709 723 738 762 843 873  ; 7 1 11 4 16 9 11 4 5 9 6 3 7 5 3 6 7 1 
1666 ; 3.054e-11 ; True ; 8 15 121 163 196 218 220 232 247 264 377 388 406 411 491 547 576 634 646 709 713 723 730 769 780 831 863 870 878  ; 8 1 8 4 17 4 14 7 4 5 5 3 8 10 6 5 6 1 
1771 ; 4.192e-11 ; True ; 27 30 41 42 83 151 163 218 306 388 465 488 522 537 540 547 570 665 723 764 792 802 805 827 844 856 870 874 875 882  ; 7 1 9 2 17 7 10 8 2 5 6 4 11 7 8 4 8 2 
2006 ; 4.394e-11 ; True ; 15 20 25 37 42 56 81 104 161 187 234 236 261 270 290 295 388 394 425 484 495 498 511 537 583 680 693 704 712 719 723 842 887  ; 6 1 11 3 25 6 11 5 4 4 10 5 8 5 5 7 10 1 
2054 ; 4.781e-11 ; True ; 1 20 24 29 40 50 81 123 127 161 189 192 218 259 265 268 295 299 310 339 388 425 438 578 603 612 634 663 729 817 831 881  ; 8 1 10 3 23 8 8 7 4 5 5 7 8 8 4 4 9 1 
2073 ; 5.69e-11 ; True ; 27 30 37 49 63 104 110 163 176 207 257 300 307 331 332 338 381 388 445 500 626 693 710 720 723 753 759 815 817 828 834 896  ; 8 1 15 4 24 7 16 9 6 8 9 4 5 4 4 6 4 1 
2100 ; 6.211e-11 ; True ; 25 30 46 67 145 152 156 160 176 304 306 310 313 349 364 376 388 440 457 464 477 482 483 529 576 586 604 697 707 713 739 786 837 841  ; 8 1 9 3 25 7 17 7 4 6 8 4 11 5 5 6 9 1 
2229 ; 1.08e-10 ; True ; 15 20 37 49 74 163 166 170 178 197 232 268 287 388 390 395 457 462 468 488 500 587 592 622 634 740 741 745 758 778 795 820 885 899  ; 7 1 12 3 24 9 15 7 5 5 5 6 5 5 6 6 7 2 
2360 ; 1.12e-10 ; True ; 1 8 29 45 107 156 163 180 225 240 266 321 329 330 372 388 399 415 443 453 488 529 547 548 583 604 620 682 692 694 702 723 743 745 874  ; 8 1 9 3 22 8 15 8 7 8 7 4 10 5 4 7 9 1 
2569 ; 1.639e-10 ; True ; 6 20 35 49 84 123 143 160 163 171 200 207 266 269 301 335 388 399 406 438 454 455 483 495 511 547 552 554 568 667 713 740 763 816 858 898  ; 4 1 10 4 25 8 14 7 7 7 9 3 8 7 4 6 9 2 


