Iteration: 1000
 Population Size: 1000
RUN 1:
Optimum Distance: 33.53
Optimal Team: 174,307,389,727,906,
Required Skills: 0 1 2 4 5 7 9 10 11 12 13 14 15 16 18 20 22 23 24 26 
Distance; Skill Score; isValid; Team; Skill Counts
81.17 ; 1.74e-19 ; True ; 20 30 209 389 555 686 906  ; 3 1 6 1 4 1 3 1 1 3 2 1 1 2 1 2 1 2 2 1 
114.7 ; 3.526e-19 ; True ; 20 27 59 113 389 553 638 911  ; 1 1 6 1 7 2 2 2 2 2 2 1 1 3 2 1 1 2 2 1 
122.9 ; 3.3e-18 ; True ; 1 20 389 549 606 788 879 913  ; 2 1 5 2 6 1 3 3 2 3 2 1 2 5 2 1 1 1 3 1 
147 ; 1.068e-17 ; True ; 30 63 164 389 439 442 486 713 727  ; 6 1 7 1 7 1 5 3 1 4 1 3 1 4 3 2 2 1 3 1 
153.1 ; 1.203e-17 ; True ; 30 307 365 389 415 457 539 597 727  ; 2 1 3 2 4 3 3 1 3 3 1 3 1 3 2 2 3 2 2 1 
170.8 ; 1.749e-17 ; True ; 20 30 86 139 220 389 636 638 821 898  ; 3 1 4 1 7 1 5 2 2 2 2 3 2 3 2 3 2 1 5 1 
187.4 ; 3.805e-17 ; True ; 28 164 174 277 284 389 496 845 890 906  ; 4 1 5 2 6 2 3 4 2 3 2 1 2 2 3 2 1 2 4 1 
212.2 ; 5.81e-17 ; True ; 15 30 135 164 258 389 410 486 683 713 745  ; 5 1 7 1 6 2 6 3 1 4 1 4 2 4 1 3 2 2 4 1 
240 ; 3.791e-16 ; True ; 1 271 307 389 577 636 653 758 855 879 890  ; 3 1 5 2 6 3 5 2 1 4 2 2 3 3 2 4 4 2 4 1 
295.7 ; 7.172e-16 ; True ; 1 30 60 144 164 260 365 389 415 502 672 727 802  ; 4 1 7 3 11 2 6 2 2 5 1 4 3 5 2 2 2 2 6 1 
302.4 ; 7.522e-16 ; True ; 164 174 389 577 614 629 687 704 822 868 879 908  ; 6 1 6 3 7 4 4 4 1 3 3 1 2 6 3 1 3 3 7 1 
338.5 ; 8.612e-16 ; True ; 20 144 162 174 241 341 389 415 430 687 765 780 786 879  ; 5 1 6 2 10 3 7 4 2 5 3 3 2 4 2 2 1 2 6 1 
371.9 ; 1.109e-15 ; True ; 3 44 49 102 129 164 177 277 389 507 531 575 727 785  ; 5 1 7 1 9 3 7 6 2 2 3 3 1 4 4 3 3 3 4 1 
374.8 ; 5.215e-15 ; True ; 42 67 128 145 164 244 245 389 483 507 539 786 788 845  ; 5 1 6 1 10 5 3 7 2 3 5 4 2 6 4 3 2 2 6 1 
414.7 ; 9.384e-15 ; True ; 4 8 20 30 174 219 311 320 331 334 359 389 416 549 773  ; 7 1 7 2 11 4 7 6 2 4 4 5 2 6 3 4 2 1 6 1 
471.8 ; 1.542e-14 ; True ; 20 30 160 174 219 360 389 410 486 525 549 578 656 684 725 872  ; 9 1 10 3 11 2 8 3 3 3 3 4 2 5 3 3 3 5 4 1 
504.8 ; 2.403e-14 ; True ; 20 30 174 219 313 360 389 410 486 525 549 578 590 684 725 872  ; 8 1 9 3 10 3 7 3 3 4 3 4 2 5 3 3 3 4 5 1 
550 ; 2.503e-14 ; True ; 30 114 120 127 164 333 341 389 407 502 552 636 681 755 785 822  ; 4 1 8 2 12 3 8 5 3 4 3 6 3 4 3 3 3 3 6 1 
654.1 ; 1.761e-13 ; True ; 30 114 120 127 164 241 333 389 407 502 636 681 755 774 785 790 822 906  ; 3 1 8 4 13 4 10 5 4 6 2 7 4 5 4 3 3 5 5 1 
996.6 ; 2.18e-13 ; True ; 38 116 164 174 180 184 307 389 476 507 614 636 687 705 734 804 822 835 868 879 908  ; 7 1 6 3 12 7 5 3 2 4 4 4 3 9 6 3 3 4 7 2 
1146 ; 5.649e-13 ; True ; 46 128 164 182 222 234 389 414 508 549 560 603 613 680 697 785 788 861 868 872 879 890 906 913  ; 6 1 8 4 13 7 8 6 2 5 6 7 2 10 5 3 4 5 5 1 
1327 ; 5.774e-13 ; True ; 20 30 76 135 164 174 197 209 241 307 355 389 442 669 686 694 707 712 716 741 744 793 822 895 896 902  ; 7 1 11 2 18 4 11 4 5 4 3 6 2 6 6 5 4 3 7 3 
1334 ; 1.476e-12 ; True ; 20 30 81 113 139 157 232 267 389 391 431 436 507 593 616 617 618 672 692 694 697 713 754 770 836 863 883  ; 5 1 6 5 19 9 11 9 4 6 5 3 5 6 6 7 3 2 9 1 
1491 ; 3.066e-12 ; True ; 20 30 33 47 72 164 174 214 261 384 389 396 427 457 476 559 597 624 676 694 696 697 751 753 835 871 879  ; 10 1 11 5 11 7 7 8 4 4 5 5 3 8 3 5 3 5 9 2 
2011 ; 3.624e-12 ; True ; 30 42 67 125 250 261 307 330 354 389 404 407 424 480 505 516 531 533 549 551 569 598 608 653 672 690 703 756 782 790 841 885 890  ; 12 1 10 2 19 7 10 8 4 5 4 6 5 10 5 9 5 4 7 1 
2013 ; 4.775e-12 ; True ; 25 30 269 298 307 319 334 353 370 389 421 461 479 502 516 549 601 636 639 662 697 724 728 776 845 861 872 878 879 893 906 913  ; 5 1 9 5 20 10 11 5 4 6 6 8 3 8 5 6 4 5 8 1 
2167 ; 6.849e-12 ; True ; 1 18 33 113 126 135 164 179 190 240 252 330 335 379 389 435 461 477 502 512 519 538 549 577 587 676 694 716 746 774 778 845 884 901  ; 11 1 15 3 23 9 11 12 5 5 5 6 3 5 6 8 5 6 7 1 
2262 ; 7.952e-12 ; True ; 1 18 33 113 135 155 179 185 252 253 271 307 330 335 389 435 461 477 502 512 519 538 549 577 587 676 716 764 774 778 845 872 875 901  ; 10 1 14 4 20 10 12 10 6 6 5 7 2 6 7 7 4 6 7 1 
2342 ; 1.057e-11 ; True ; 20 24 42 49 81 113 177 208 235 241 268 284 305 350 389 423 502 507 520 531 543 546 588 599 627 636 639 672 673 676 722 765 773 841 855  ; 11 1 11 3 24 9 12 8 9 4 5 8 5 5 8 6 4 6 6 1 
2490 ; 1.374e-11 ; True ; 30 67 87 113 117 118 139 150 155 157 175 215 245 250 307 328 345 365 389 396 435 517 555 560 614 627 638 680 694 712 746 825 833 856 885 900 906  ; 13 1 11 3 24 9 9 8 6 9 5 6 3 11 5 10 6 4 8 1 
2530 ; 1.762e-11 ; True ; 20 33 48 86 104 144 172 179 191 235 244 268 307 326 349 389 407 445 485 487 491 502 549 556 589 636 638 657 687 799 810 833 868 882 892 898  ; 10 1 10 3 23 7 9 9 6 4 4 6 5 8 9 6 6 5 7 2 
2852 ; 2.109e-11 ; True ; 1 27 37 92 113 130 160 164 179 220 274 303 340 348 389 486 515 524 560 585 617 618 630 638 646 665 679 704 710 713 727 748 755 760 765 774 792 838 845 878  ; 11 1 17 5 29 9 13 11 7 8 4 5 3 11 7 9 3 7 10 1 
2975 ; 2.338e-11 ; True ; 1 11 20 25 73 98 121 177 183 207 212 241 252 269 302 327 330 341 349 354 389 416 428 515 539 546 591 636 639 670 685 728 736 737 813 831 845 868 890  ; 9 1 15 4 21 9 14 10 6 6 6 8 6 6 6 6 4 6 8 1 
 

RUN 2:
Optimum Distance: 33.53
Optimal Team: 174,307,389,727,906,
Required Skills: 0 1 2 4 5 7 9 10 11 12 13 14 15 16 18 20 22 23 24 26 
Distance; Skill Score; isValid; Team; Skill Counts
56.93 ; 1.914e-20 ; True ; 307 360 389 431 549 636  ; 1 1 1 1 3 1 3 2 1 1 1 2 1 2 1 2 3 2 1 1 
81.45 ; 4.525e-20 ; True ; 49 164 389 639 727 765 836  ; 4 1 5 1 5 1 5 2 1 2 1 1 1 2 1 1 1 1 2 1 
88.52 ; 7.618e-19 ; True ; 164 360 389 431 549 836 879  ; 2 1 2 2 4 2 2 3 1 2 2 1 1 4 2 1 2 1 3 1 
118.1 ; 1.079e-18 ; True ; 1 20 113 165 238 244 389 531  ; 3 1 4 1 7 1 2 3 2 3 2 1 2 2 2 1 1 2 2 1 
124.2 ; 1.248e-18 ; True ; 25 237 258 307 332 389 543 549 614  ; 1 1 4 1 5 1 4 3 2 2 1 2 2 3 1 1 2 3 3 1 
126.7 ; 1.231e-17 ; True ; 20 30 174 261 389 655 727 757 906  ; 3 1 6 1 6 1 5 2 2 3 2 3 3 3 1 1 2 2 3 1 
136.2 ; 6.284e-17 ; True ; 164 355 360 389 431 549 636 788 879  ; 3 1 3 2 6 2 3 5 1 2 3 3 1 5 2 2 3 2 3 1 
176.3 ; 1.371e-16 ; True ; 164 238 355 360 389 431 549 636 788 879  ; 4 1 3 2 7 2 3 5 1 2 3 4 1 5 2 2 3 3 3 1 
214.3 ; 1.782e-16 ; True ; 164 256 300 355 389 431 549 636 788 879 891  ; 3 1 3 1 7 2 5 6 1 2 3 3 2 5 3 3 3 2 3 1 
266.8 ; 2.195e-16 ; True ; 1 20 30 40 389 547 693 718 727 855 868  ; 5 1 7 2 7 2 6 1 3 3 3 2 2 4 2 3 3 1 4 1 
270.8 ; 3.758e-16 ; True ; 20 30 113 114 389 693 718 727 740 855 868  ; 5 1 7 1 6 4 5 1 4 4 3 3 1 3 3 2 3 3 3 1 
274.4 ; 4.289e-15 ; True ; 20 30 174 261 389 443 549 562 676 727 868 906  ; 5 1 9 2 8 2 7 4 3 3 4 5 3 6 2 1 3 3 4 1 
482.6 ; 3.265e-14 ; True ; 20 30 42 54 128 389 465 577 611 652 697 727 774 777 779 879  ; 5 1 8 3 9 4 5 3 4 4 4 5 2 3 4 4 4 2 5 1 
719.3 ; 3.78e-14 ; True ; 1 4 24 30 164 175 186 246 262 276 341 366 389 502 549 570 577 744 774 904  ; 6 1 7 3 14 2 8 5 3 5 3 6 2 5 3 4 4 2 7 1 
775.2 ; 5.283e-14 ; True ; 20 184 224 257 339 346 389 391 502 531 539 549 593 653 704 716 722 787 903 912  ; 3 1 5 3 14 5 8 8 3 3 4 2 3 8 4 4 4 3 5 1 
775.3 ; 1.857e-13 ; True ; 1 4 48 164 262 341 366 389 502 507 518 539 549 577 670 673 744 774 868 904  ; 4 1 8 4 15 5 9 7 3 4 4 6 3 7 4 4 3 2 7 1 
1015 ; 1.913e-13 ; True ; 22 30 157 207 216 258 274 307 323 360 363 389 491 524 549 697 727 783 788 793 868 881 892  ; 7 1 10 3 14 6 10 5 6 4 3 6 2 4 4 4 3 5 4 1 
1077 ; 2.715e-13 ; True ; 20 30 100 125 172 188 252 261 278 359 389 531 555 579 615 641 683 727 758 779 826 827 868  ; 8 1 11 2 13 4 10 6 6 4 5 5 2 7 4 3 4 4 6 1 
1086 ; 1.154e-12 ; True ; 1 4 24 30 164 186 246 262 276 309 341 366 389 502 507 539 549 577 670 744 774 868 904 912  ; 8 1 9 4 17 5 8 7 3 5 5 8 3 9 4 6 4 2 12 1 
1369 ; 1.628e-12 ; True ; 1 13 20 25 33 105 113 154 209 217 273 307 324 339 389 423 485 541 549 687 695 723 760 782 798 829  ; 5 1 10 3 15 5 10 6 6 5 3 5 3 10 6 5 4 3 7 2 
1701 ; 1.76e-12 ; True ; 1 20 30 32 137 219 240 245 277 359 380 389 417 449 474 501 518 559 582 636 644 655 745 748 768 800 829 879 890  ; 6 1 10 5 19 7 10 3 4 7 3 5 4 6 7 5 4 5 8 1 
1746 ; 1.828e-12 ; True ; 20 25 74 76 175 247 251 254 258 339 341 389 414 421 457 459 510 549 562 636 640 670 672 740 782 786 788 792 823 879  ; 7 1 10 6 21 7 9 6 4 5 5 6 2 8 4 4 4 6 7 1 
1847 ; 3.046e-12 ; True ; 20 25 46 87 161 164 195 238 250 252 270 309 314 355 389 407 451 475 549 619 624 636 683 716 736 738 747 748 753 845 906  ; 7 1 10 3 22 4 10 8 6 3 4 8 2 8 6 6 4 6 9 2 
1981 ; 3.299e-12 ; True ; 20 27 30 50 72 105 123 128 157 162 244 304 334 348 389 402 415 441 449 466 496 636 639 653 701 724 782 851 879 902 906 908  ; 7 1 7 3 23 8 9 5 5 9 6 8 3 6 8 5 3 6 5 1 
2104 ; 4.021e-12 ; True ; 25 51 61 83 86 215 267 271 307 333 389 419 431 485 533 549 636 644 654 661 669 714 729 732 733 745 788 817 822 830 855 879 912  ; 8 1 10 3 21 6 11 8 4 8 6 4 4 10 4 4 7 4 9 1 
2128 ; 5.689e-12 ; True ; 20 25 46 67 87 128 150 161 164 252 307 309 314 355 389 407 475 602 603 619 624 636 683 716 736 738 747 748 753 804 845 846 906  ; 7 1 12 3 21 5 10 8 5 4 5 6 2 9 8 7 3 5 9 3 
2300 ; 5.7e-12 ; True ; 20 27 49 97 144 145 174 267 277 334 353 366 372 389 392 404 480 481 507 519 527 557 614 653 654 655 687 727 728 774 785 811 837 866 871 912  ; 10 1 11 2 22 5 14 5 5 6 6 7 4 8 7 5 5 7 10 1 
2361 ; 5.853e-12 ; True ; 20 25 114 124 258 261 278 353 362 370 388 389 407 467 475 477 490 491 539 598 624 686 687 698 707 716 765 780 788 823 831 878 890 892 906  ; 9 1 15 3 22 7 11 8 4 5 4 8 5 6 7 5 4 8 7 1 
2388 ; 2.022e-11 ; True ; 42 100 105 106 160 188 219 253 257 258 261 272 295 307 365 389 418 431 473 485 536 539 567 590 653 716 745 750 774 787 822 842 856 876 892  ; 7 1 8 4 23 9 16 8 5 6 5 7 6 10 7 5 5 7 9 1 
2880 ; 2.686e-11 ; True ; 30 37 164 215 261 328 331 341 368 387 389 422 473 481 486 539 546 551 554 577 607 613 616 669 694 697 733 743 754 764 768 779 787 788 793 824 873 879 896 906  ; 14 1 14 6 27 8 14 11 4 7 7 6 3 11 4 9 5 6 13 1 
3179 ; 3.525e-11 ; True ; 1 28 67 100 128 130 182 183 192 195 208 244 277 292 307 348 356 389 476 479 502 507 525 538 559 577 579 608 614 617 638 653 696 710 755 756 765 770 810 821 822  ; 10 1 10 7 29 6 11 10 6 10 5 8 3 13 10 9 3 5 10 1 

RUN 3:
Optimum Distance: 33.53
Optimal Team: 174,307,389,727,906,
Required Skills: 0 1 2 4 5 7 9 10 11 12 13 14 15 16 18 20 22 23 24 26 
Distance; Skill Score; isValid; Team; Skill Counts
56.87 ; 1.011e-19 ; True ; 20 389 638 727 737 890  ; 2 1 5 1 5 1 4 1 2 1 1 2 2 1 1 2 2 1 2 1 
93.26 ; 3.583e-19 ; True ; 20 30 172 331 389 426 727  ; 3 1 5 1 5 1 4 1 2 3 1 2 1 2 1 2 2 1 2 1 
117.5 ; 6.526e-19 ; True ; 20 83 244 320 389 473 549 638  ; 1 1 3 1 5 2 4 2 2 2 1 2 1 3 2 2 2 1 2 1 
120.9 ; 4.163e-18 ; True ; 20 30 45 172 331 389 681 727  ; 4 1 6 1 6 1 5 2 2 4 1 2 1 4 1 3 2 1 3 1 
140.2 ; 6.34e-18 ; True ; 20 68 164 389 577 638 727 737 829  ; 3 1 7 1 8 2 6 2 2 1 1 2 1 2 3 2 3 1 3 2 
167.9 ; 3.854e-17 ; True ; 20 111 359 389 509 594 636 676 679 879  ; 5 1 6 2 7 3 4 4 1 4 3 1 2 2 2 3 1 1 4 1 
192.9 ; 6.687e-17 ; True ; 20 30 128 219 271 282 359 389 688 727  ; 4 1 7 1 7 2 5 2 3 2 3 4 1 2 3 2 2 2 3 1 
196.8 ; 9.831e-17 ; True ; 20 113 251 389 507 596 716 727 737 890  ; 2 1 6 1 9 4 6 2 3 2 3 2 2 2 4 2 3 2 2 1 
205.2 ; 1.351e-16 ; True ; 20 30 45 265 331 389 681 727 855 879  ; 6 1 6 1 7 2 6 2 3 4 2 2 1 4 3 3 3 1 4 1 
213.3 ; 5.473e-16 ; True ; 20 111 238 359 389 431 509 594 636 679 879  ; 6 1 5 2 8 3 4 4 1 4 3 2 2 3 2 4 2 2 5 1 
309.3 ; 1.188e-15 ; True ; 20 111 139 238 359 389 431 509 594 636 692 811 879  ; 5 1 4 2 9 4 4 3 3 4 2 2 2 3 5 3 2 2 4 1 
352.5 ; 2.86e-15 ; True ; 30 67 128 130 157 172 284 307 389 480 485 627 724 727  ; 2 1 4 2 8 4 6 4 4 6 2 5 2 5 3 2 3 2 3 1 
441.9 ; 3.73e-15 ; True ; 8 20 40 84 106 176 238 241 268 389 653 716 774 868 890  ; 5 1 6 3 11 4 7 4 3 4 2 2 3 3 3 3 2 3 3 1 
447.3 ; 5.986e-15 ; True ; 113 164 170 389 407 440 457 464 577 687 713 764 768 879 912  ; 7 1 7 3 9 4 3 7 2 5 3 2 1 3 5 4 2 3 6 1 
475.2 ; 6.329e-15 ; True ; 6 25 30 67 79 98 112 164 253 267 291 389 687 727 744 861  ; 4 1 6 2 12 5 7 3 3 5 2 6 2 4 4 1 3 4 5 1 
530.4 ; 1.051e-14 ; True ; 164 174 186 321 389 553 559 576 636 687 768 774 841 856 868 884  ; 7 1 8 3 9 3 6 6 1 3 4 2 3 5 4 3 2 4 7 1 
535.8 ; 1.225e-14 ; True ; 1 20 45 100 219 233 247 303 389 442 549 554 628 687 774 822  ; 5 1 7 4 11 3 6 4 4 5 1 4 2 5 9 3 2 3 3 1 
582.8 ; 1.783e-14 ; True ; 30 67 99 128 157 164 172 209 285 368 389 485 516 627 633 724 727  ; 4 1 8 1 11 4 6 4 5 4 3 6 2 6 4 3 4 2 5 1 
622.9 ; 6.144e-14 ; True ; 4 10 20 27 69 303 330 389 440 470 507 549 577 579 692 798 856 879  ; 6 1 10 2 10 4 6 5 3 5 3 6 2 5 5 3 3 4 5 1 
775.6 ; 6.225e-14 ; True ; 1 39 63 164 174 215 238 241 274 320 330 389 400 403 496 532 569 594 694 727 838  ; 7 1 10 2 14 5 7 6 4 4 3 5 2 5 3 3 3 4 6 1 
873.4 ; 9.273e-14 ; True ; 42 84 128 130 219 232 273 307 342 389 502 537 656 697 715 717 727 813 847 912  ; 6 1 8 3 12 6 7 6 5 3 2 6 2 4 7 3 3 4 5 1 
880.3 ; 9.454e-14 ; True ; 3 20 30 32 49 188 236 258 332 380 389 467 555 589 679 691 770 890 891 894 897 906  ; 6 1 9 3 14 4 8 6 4 5 3 5 2 4 3 6 2 5 5 1 
903.1 ; 1.017e-13 ; True ; 1 20 24 27 102 113 183 268 350 360 373 389 396 459 480 482 617 638 653 694 784 839 872  ; 7 1 11 4 16 5 7 5 3 4 2 3 2 5 3 7 4 4 7 1 
954.4 ; 1.373e-13 ; True ; 1 16 45 63 164 174 215 229 238 274 277 320 330 389 496 531 537 569 594 727 821 838 904  ; 9 1 11 2 14 5 6 7 4 6 5 4 2 9 4 3 2 3 7 1 
1051 ; 2.129e-13 ; True ; 94 98 127 162 183 258 269 307 321 330 353 359 360 389 502 598 638 676 727 778 791 829 881 900 905  ; 7 1 11 4 18 5 14 7 5 5 3 7 2 2 4 7 2 4 6 1 
1098 ; 2.202e-13 ; True ; 1 20 37 69 100 105 112 145 164 176 261 302 389 408 431 502 552 598 608 625 691 712 822 844  ; 5 1 6 2 16 7 9 6 5 4 2 5 6 7 5 2 2 4 6 2 
1132 ; 2.804e-13 ; True ; 7 20 30 54 72 113 128 157 203 207 216 222 231 261 342 354 371 386 389 392 396 447 686 694 789  ; 5 1 13 1 19 4 9 7 5 7 3 6 3 7 5 5 3 4 8 1 
1153 ; 3.338e-13 ; True ; 3 25 27 151 164 177 291 365 389 424 439 481 485 531 549 559 576 598 638 672 748 807 810 900  ; 6 1 9 5 18 5 9 8 3 5 2 4 3 9 4 3 4 4 8 1 
1159 ; 3.652e-13 ; True ; 20 22 45 67 172 174 178 179 211 245 389 431 437 482 539 549 622 676 703 724 841 878 879  ; 7 1 6 3 12 7 5 8 4 7 4 2 3 9 6 3 4 4 5 1 
1248 ; 5.745e-13 ; True ; 20 125 161 240 339 389 396 424 428 466 502 539 553 631 672 683 696 710 713 781 799 822 856 879 884  ; 5 1 6 4 16 8 7 6 3 5 3 6 5 5 6 5 3 3 7 1 
1272 ; 6.298e-13 ; True ; 20 128 177 219 258 267 301 342 379 389 474 531 544 546 549 594 601 633 656 683 688 725 740 778 845  ; 8 1 11 2 13 6 9 8 5 3 6 4 3 6 7 6 3 5 4 1 
1291 ; 9.948e-13 ; True ; 25 27 32 111 146 157 164 175 241 267 308 317 336 353 389 428 507 551 622 627 727 783 785 822 853 887  ; 6 1 10 3 19 6 13 3 6 6 3 8 2 6 7 5 4 6 7 1 
1369 ; 1.454e-12 ; True ; 4 7 20 30 72 113 128 157 198 200 222 231 342 354 371 389 391 396 417 447 476 530 594 629 694 789 891  ; 6 1 11 3 22 7 8 7 6 6 3 6 3 7 5 5 4 4 7 1 
1701 ; 3.595e-12 ; True ; 1 20 47 54 121 164 168 179 269 271 284 345 349 389 407 431 501 502 531 539 549 595 721 762 764 768 829 848  ; 6 1 12 3 18 6 9 9 4 4 3 4 4 7 6 6 6 6 6 2 
1770 ; 4.099e-12 ; True ; 20 37 40 75 90 113 128 164 204 232 238 274 309 331 373 389 390 497 502 539 645 707 716 737 767 778 821 879 890 911  ; 8 1 14 3 22 6 13 10 5 5 6 6 4 8 5 6 3 2 9 2 
1876 ; 4.558e-12 ; True ; 20 30 36 47 63 68 113 136 183 314 321 345 389 395 411 431 446 501 509 539 638 657 685 687 733 745 798 821 855 901 906  ; 9 1 10 3 23 7 7 9 4 7 4 5 3 7 6 7 6 5 9 1 
2034 ; 6.819e-12 ; True ; 20 30 121 130 141 169 174 219 296 307 330 368 389 508 516 521 537 546 594 614 638 643 650 687 695 697 728 744 786 801 833 850  ; 10 1 10 4 17 5 11 5 5 5 3 8 3 11 5 6 6 4 11 2 
2098 ; 1.011e-11 ; True ; 8 17 67 71 85 89 128 164 179 241 254 291 300 307 335 359 366 389 392 415 423 431 440 481 500 577 672 716 786 790 819 837 855  ; 10 1 9 4 25 8 17 11 6 6 3 8 2 6 9 6 5 4 9 2 
2606 ; 2.34e-11 ; True ; 20 21 39 42 49 62 111 190 240 273 305 335 342 389 416 485 493 502 507 531 555 559 614 633 657 712 728 749 755 785 789 804 811 839 879  ; 10 1 15 3 24 9 13 9 7 7 5 7 6 9 6 6 6 5 6 1 
3059 ; 3.13e-11 ; True ; 1 6 20 104 139 162 185 220 238 249 252 258 279 312 344 389 398 446 453 502 553 554 556 577 613 713 716 722 727 736 778 788 793 863 866 879 884 890 892  ; 11 1 14 3 29 6 18 10 10 4 6 7 6 6 9 6 6 6 11 1 
3253 ; 3.626e-11 ; True ; 1 48 87 128 133 141 174 204 231 307 309 327 336 389 485 487 502 523 526 531 581 647 676 682 687 691 712 749 750 755 768 841 843 855 868 879 880 898 906  ; 8 1 12 4 27 8 13 10 8 6 6 6 5 11 12 5 4 7 9 1 


RUN 4:
Optimum Distance: 33.53
Optimal Team: 174,307,389,727,906,
Required Skills: 0 1 2 4 5 7 9 10 11 12 13 14 15 16 18 20 22 23 24 26 
Distance; Skill Score; isValid; Team; Skill Counts
84.88 ; 1.264e-19 ; True ; 1 102 164 342 380 389 431  ; 3 1 4 1 6 1 2 3 1 2 1 1 1 3 1 2 1 1 4 1 
109.5 ; 5.718e-19 ; True ; 46 98 307 389 485 486 502 704  ; 1 1 4 1 5 2 4 3 1 2 1 2 2 3 2 2 1 1 2 1 
117.4 ; 9.349e-19 ; True ; 164 174 384 389 392 549 614 822  ; 4 1 4 1 6 1 3 4 1 2 1 1 2 4 2 1 2 1 3 1 
117.8 ; 4.359e-18 ; True ; 33 164 172 215 389 496 507 636  ; 3 1 4 1 6 2 3 3 1 2 3 3 1 4 2 3 1 1 2 1 
127.1 ; 4.948e-18 ; True ; 20 30 104 363 389 502 549 764  ; 1 1 4 1 6 1 4 3 3 3 2 3 2 2 2 2 2 1 2 1 
128.3 ; 7.321e-18 ; True ; 1 67 102 164 373 389 553 890 892  ; 3 1 6 1 6 3 3 4 1 3 1 1 2 3 2 2 1 2 5 1 
151.3 ; 9.732e-18 ; True ; 25 85 164 215 389 496 507 539 687  ; 2 1 4 1 7 1 4 4 1 2 3 3 1 5 3 2 2 1 4 1 
181.2 ; 1.097e-17 ; True ; 20 215 335 389 486 679 696 712 785 835  ; 5 1 6 1 7 1 3 3 2 3 2 3 1 4 1 3 1 2 3 1 
183.9 ; 4.011e-17 ; True ; 20 30 128 244 389 396 415 483 687 750  ; 3 1 5 1 7 1 4 3 3 3 2 3 2 2 3 3 3 1 2 1 
213.5 ; 8.961e-17 ; True ; 25 114 151 164 258 296 389 431 539 695 896  ; 2 1 5 1 6 2 4 5 2 3 2 2 1 6 2 2 3 2 6 1 
217 ; 1.333e-16 ; True ; 20 30 33 49 100 171 389 606 716 786 906  ; 4 1 6 3 8 3 7 3 2 4 2 2 1 2 3 2 2 2 2 1 
255.1 ; 4.413e-16 ; True ; 30 74 164 174 264 389 549 681 763 844 879 890  ; 4 1 6 1 7 3 7 6 1 3 3 2 2 6 2 2 3 2 6 1 
309.8 ; 6.652e-16 ; True ; 20 30 33 42 49 100 171 389 420 716 773 786 906  ; 4 1 6 3 9 4 7 3 2 4 2 3 2 2 3 2 3 2 2 1 
363.2 ; 8.413e-16 ; True ; 20 30 128 172 389 493 553 555 575 577 669 746 793 857  ; 5 1 9 1 9 3 7 6 3 4 5 3 1 4 3 3 2 1 3 1 
364.6 ; 1.702e-15 ; True ; 25 114 151 164 242 296 389 431 539 578 695 716 766 797  ; 2 1 5 2 9 3 5 5 2 3 2 4 2 6 3 2 4 2 6 1 
419.7 ; 2.987e-15 ; True ; 267 307 362 389 415 431 473 508 537 549 578 614 707 727 793 911  ; 6 1 5 1 12 4 6 3 4 4 1 5 2 6 3 2 4 3 5 1 
429.5 ; 7.552e-15 ; True ; 25 113 164 188 333 389 410 411 435 440 531 636 658 694 709 890  ; 6 1 9 1 13 2 6 9 3 4 3 3 3 5 2 3 4 2 7 1 
577.1 ; 2.119e-14 ; True ; 20 61 67 139 157 225 336 353 367 373 389 549 575 755 835 879 890  ; 4 1 8 1 11 5 7 4 6 4 3 4 3 5 5 3 2 3 5 1 
670.9 ; 2.69e-14 ; True ; 1 2 20 44 99 350 389 396 442 463 502 518 551 684 727 754 774 845  ; 5 1 8 3 10 5 7 6 3 4 2 4 3 4 4 5 3 2 3 1 
773.9 ; 3.44e-14 ; True ; 20 28 30 67 92 162 229 247 307 330 389 396 531 586 598 683 807 857 868 911  ; 8 1 9 1 13 4 8 4 2 4 3 4 2 5 4 5 4 3 5 2 
774.3 ; 5.925e-14 ; True ; 30 67 69 80 83 116 128 172 307 320 353 389 457 524 614 670 764 860 886 887  ; 5 1 7 3 9 6 5 4 2 6 4 4 3 5 4 5 3 2 5 1 
793.8 ; 8.212e-14 ; True ; 20 83 86 145 164 191 193 233 261 365 386 389 396 457 531 589 636 723 748 868  ; 6 1 8 3 12 6 9 6 3 3 3 4 3 8 2 2 4 2 10 2 
945.1 ; 1.526e-13 ; True ; 19 20 63 127 128 174 206 245 302 307 380 389 417 467 487 531 549 636 749 844 856 874  ; 5 1 9 2 13 7 8 8 3 4 4 4 3 4 5 2 4 3 5 2 
1109 ; 3.211e-13 ; True ; 20 25 30 72 112 113 128 132 172 227 265 389 421 423 445 472 636 674 713 768 856 857 890 896  ; 6 1 10 2 19 5 8 6 4 5 5 4 4 3 6 4 3 5 6 1 
1228 ; 3.613e-13 ; True ; 4 20 30 67 116 128 162 236 258 305 389 400 401 441 445 549 636 641 657 737 744 786 800 869 887 906  ; 6 1 10 2 19 6 10 7 6 6 3 9 3 4 3 4 3 6 4 1 
1243 ; 5.315e-13 ; True ; 113 164 219 220 222 267 273 306 311 333 380 386 389 502 531 573 620 687 733 770 775 780 790 853 892  ; 6 1 7 3 21 5 10 8 6 5 3 4 4 8 7 3 3 3 7 1 
1246 ; 6.831e-13 ; True ; 1 30 113 128 145 164 201 212 229 270 313 389 493 506 531 555 575 578 615 653 656 707 716 727 746 797 802  ; 9 1 14 2 18 6 10 7 5 7 7 6 1 7 5 3 4 6 6 1 
1395 ; 1.196e-12 ; True ; 18 25 30 59 76 113 147 220 221 270 307 381 389 453 473 578 590 597 614 629 646 716 861 879 890 911  ; 9 1 10 3 17 7 11 5 4 6 4 4 3 8 4 5 5 4 9 1 
1484 ; 4.267e-12 ; True ; 18 25 30 59 105 113 130 147 221 270 307 335 356 389 453 578 590 614 629 646 716 833 861 868 879 890 911  ; 12 1 12 4 17 7 12 6 4 7 5 6 3 12 4 5 6 3 11 1 
1699 ; 5.229e-12 ; True ; 25 27 52 113 145 150 157 158 164 174 188 218 227 267 321 335 356 360 373 389 431 458 502 561 572 687 744 770 792 801  ; 9 1 12 4 19 6 10 10 5 6 5 8 4 10 5 4 3 4 12 1 
2114 ; 5.899e-12 ; True ; 2 20 39 42 81 164 191 260 284 315 332 389 417 457 482 491 507 546 553 554 583 626 638 659 683 685 694 712 713 716 745 788 895  ; 7 1 12 4 23 7 15 12 4 5 3 6 4 8 6 6 5 3 7 2 
2214 ; 7.643e-12 ; True ; 4 15 20 25 69 85 92 141 258 268 298 328 354 369 372 389 396 410 416 431 455 475 516 524 529 549 554 597 627 636 653 664 764 872  ; 7 1 12 3 25 4 14 9 8 5 3 11 6 10 7 6 4 6 5 1 
2323 ; 9.394e-12 ; True ; 20 25 35 47 52 94 113 145 150 157 158 164 173 174 218 236 244 267 335 356 360 373 389 431 458 502 561 687 729 744 770 775 792 801  ; 9 1 10 4 23 5 11 11 5 6 5 7 5 10 5 5 3 3 10 2 
2528 ; 1.785e-11 ; True ; 20 39 42 81 124 144 164 191 192 199 260 265 284 315 332 389 417 457 482 491 507 518 546 553 554 638 659 683 685 712 713 716 737 745 788 849  ; 8 1 10 4 26 9 15 11 4 6 4 7 4 9 6 6 6 4 8 2 
2703 ; 2.15e-11 ; True ; 2 20 30 39 53 81 164 191 236 260 284 315 342 389 417 457 491 507 546 553 583 626 638 683 685 687 712 713 716 736 788 822 868 889 895  ; 8 1 12 6 22 8 15 11 4 6 5 6 3 10 8 8 5 3 8 2 
2941 ; 2.3e-11 ; True ; 1 11 30 59 61 116 128 164 179 188 231 233 242 277 298 330 341 354 383 389 403 418 422 485 501 553 560 582 604 676 686 716 747 766 810 819 822 845 872 890  ; 14 1 17 3 33 4 14 12 5 6 6 7 4 9 9 7 6 6 14 1 
2991 ; 2.95e-11 ; True ; 25 32 87 134 139 174 228 263 307 312 317 341 358 386 389 401 460 485 516 549 551 614 636 645 671 683 697 714 719 727 770 781 785 791 799 840 842 868 886  ; 11 1 9 6 24 9 13 8 4 7 4 9 4 9 6 6 8 6 10 1 
3165 ; 4.239e-11 ; True ; 4 20 39 42 81 131 164 167 191 199 260 284 330 332 360 389 417 457 482 507 546 553 554 583 626 638 641 659 683 685 694 712 713 716 745 769 788 829 862 895  ; 9 1 14 6 29 9 17 12 5 6 3 8 4 10 6 6 6 6 8 2 

RUN 5:
Optimum Distance: 33.53
Optimal Team: 174,307,389,727,906,
Required Skills: 0 1 2 4 5 7 9 10 11 12 13 14 15 16 18 20 22 23 24 26 
Distance; Skill Score; isValid; Team; Skill Counts
90.03 ; 2.845e-21 ; True ; 100 294 307 389 457 531 657  ; 1 1 1 1 4 2 2 2 2 1 1 1 1 1 2 1 1 1 1 1 
93.32 ; 2.611e-20 ; True ; 20 284 389 555 638 683 819  ; 1 1 3 2 4 2 2 1 2 2 1 2 1 2 1 1 1 1 1 1 
98.98 ; 4.535e-19 ; True ; 20 30 128 389 415 746 790 812  ; 1 1 5 1 5 2 3 1 2 3 2 2 2 2 1 2 1 1 2 1 
117.4 ; 6.044e-19 ; True ; 100 307 389 457 507 531 657 685  ; 1 1 2 1 5 3 3 3 2 2 2 1 1 2 3 3 1 1 2 1 
117.6 ; 1.325e-17 ; True ; 30 164 245 389 539 687 727 787  ; 4 1 5 1 5 1 4 3 1 3 1 3 1 4 2 2 4 2 3 1 
166.1 ; 2.847e-17 ; True ; 261 307 373 389 549 712 779 890 905 906  ; 2 1 4 1 4 3 6 4 2 4 1 3 2 3 1 3 2 2 2 1 
196.3 ; 6.011e-17 ; True ; 164 215 260 304 389 507 727 761 848 879  ; 5 1 5 1 5 4 4 2 1 3 3 2 1 4 3 2 2 2 4 1 
197.7 ; 9.786e-17 ; True ; 30 69 164 301 333 341 342 389 716 792  ; 5 1 6 2 7 1 5 3 2 3 2 2 2 2 3 2 2 2 4 1 
226.8 ; 1.423e-16 ; True ; 20 30 174 240 284 342 389 396 553 572 725  ; 4 1 7 1 8 2 5 4 2 3 3 2 2 4 1 3 2 2 4 1 
228.9 ; 1.895e-16 ; True ; 113 164 300 339 389 485 578 674 727 787 788  ; 4 1 7 1 8 2 5 5 3 3 2 2 2 4 3 1 2 3 3 1 
230.7 ; 2.018e-16 ; True ; 100 114 307 355 389 457 485 502 507 531 685  ; 1 1 4 1 8 2 4 6 3 3 2 4 2 4 4 5 2 1 4 1 
259.1 ; 2.408e-16 ; True ; 30 69 164 178 301 333 341 389 716 785 792  ; 5 1 6 2 7 2 5 3 1 3 2 3 2 2 4 2 3 2 4 1 
271.4 ; 3.837e-16 ; True ; 30 157 164 216 284 353 389 580 685 727 872 885  ; 6 1 9 1 10 2 6 4 2 5 2 4 1 4 2 4 2 2 3 1 
328.5 ; 4.793e-16 ; True ; 1 33 113 145 160 261 285 307 361 389 605 636 755 774  ; 1 1 6 2 6 3 4 3 2 5 3 3 3 3 3 2 1 5 4 1 
355.6 ; 8.566e-16 ; True ; 15 30 164 389 431 531 534 602 622 698 716 824 855 890  ; 7 1 5 1 11 2 6 5 2 2 3 2 2 6 2 4 6 1 7 1 
358.7 ; 2.27e-15 ; True ; 1 33 67 113 261 307 389 578 605 614 755 774 854 866  ; 3 1 8 2 7 3 5 3 3 5 2 4 3 3 4 2 1 5 4 1 
382.4 ; 2.422e-15 ; True ; 20 146 219 237 238 389 540 575 639 700 727 855 890 906  ; 7 1 6 2 8 4 7 3 3 2 2 2 3 3 3 2 3 4 5 1 
386.7 ; 3.044e-15 ; True ; 1 33 113 145 261 285 307 361 389 539 578 605 755 774 866  ; 2 1 8 2 7 3 5 4 3 5 3 3 3 4 3 2 1 5 6 1 
440.4 ; 5.189e-15 ; True ; 15 30 113 164 339 389 431 531 534 602 698 715 811 855 890  ; 7 1 7 1 11 3 5 6 3 4 4 1 2 6 3 3 5 2 8 1 
481.7 ; 1.361e-14 ; True ; 1 33 67 113 145 261 288 307 389 578 605 614 703 755 774 866  ; 4 1 8 2 7 5 5 5 3 5 3 3 3 5 4 2 1 7 5 1 
578.9 ; 1.52e-14 ; True ; 17 139 160 164 258 284 307 389 401 431 440 485 614 622 784 845 861  ; 6 1 6 1 11 4 3 5 3 4 2 5 3 5 2 4 3 3 6 2 
623.8 ; 1.617e-14 ; True ; 30 67 72 99 164 174 245 294 383 389 421 594 598 614 646 694 793 872  ; 6 1 6 2 11 8 9 4 1 5 2 4 3 5 5 3 3 3 6 1 
638.6 ; 1.698e-14 ; True ; 18 25 188 219 258 307 389 415 530 539 584 766 769 774 824 833 845 886  ; 6 1 6 4 10 4 4 4 3 5 3 3 2 6 3 4 2 2 6 1 
644.6 ; 2.781e-14 ; True ; 30 40 69 100 113 164 216 219 222 260 389 459 486 504 533 642 725 822  ; 6 1 9 3 14 5 9 5 2 6 3 2 2 6 5 3 2 3 8 1 
686.8 ; 3.896e-14 ; True ; 4 20 25 74 116 128 138 242 317 389 418 467 479 483 486 509 694 727 879  ; 7 1 9 5 11 3 4 6 4 5 3 3 2 7 4 3 2 2 6 1 
753.3 ; 4.1e-14 ; True ; 69 112 174 284 305 307 389 431 440 441 456 457 475 485 493 496 502 627 777 899  ; 6 1 8 2 13 4 4 7 4 4 2 6 4 5 5 4 2 2 5 1 
756.8 ; 9.855e-14 ; True ; 69 174 284 305 307 373 389 431 440 441 456 457 485 493 502 554 627 687 777 899  ; 6 1 7 2 11 4 5 7 4 4 2 7 4 5 5 4 3 3 5 1 
922.6 ; 1.692e-13 ; True ; 1 25 117 135 150 174 260 305 307 345 363 389 396 463 549 553 558 647 678 727 859 879  ; 8 1 10 3 14 3 9 6 4 4 4 4 3 8 6 3 3 2 9 1 
999.6 ; 1.766e-13 ; True ; 49 69 128 138 164 236 237 330 340 358 373 389 414 478 485 507 633 770 852 879 890 902  ; 5 1 10 3 12 5 9 7 2 4 5 5 4 6 5 6 2 2 8 1 
1084 ; 2.456e-13 ; True ; 20 42 44 51 127 135 139 146 164 196 202 260 389 396 481 622 630 684 727 730 764 864 879 890  ; 8 1 11 3 17 7 9 5 4 3 2 4 4 5 3 2 5 4 8 2 
1151 ; 3.964e-13 ; True ; 55 67 92 130 164 207 296 330 368 389 415 431 502 507 530 559 589 597 638 647 746 786 836 892  ; 5 1 6 3 15 5 7 5 5 6 2 6 3 8 6 4 3 5 7 1 
1238 ; 7.107e-13 ; True ; 3 30 69 98 112 135 174 284 307 334 389 431 440 441 456 457 475 485 493 496 502 627 679 888 899  ; 6 1 10 2 16 6 6 8 4 5 4 9 4 6 6 5 3 3 6 1 
1299 ; 7.952e-13 ; True ; 4 20 30 39 51 61 141 208 304 389 457 502 513 547 614 734 744 745 782 783 788 845 884 890 906 912  ; 10 1 11 3 20 4 7 6 4 7 4 6 5 6 4 7 3 2 7 1 
1442 ; 1.062e-12 ; True ; 20 21 68 73 113 128 154 157 164 227 237 240 263 389 402 415 442 452 457 727 812 820 835 838 842 856 879  ; 5 1 13 3 15 7 10 6 6 5 4 6 3 6 8 3 2 3 8 2 
1459 ; 1.221e-12 ; True ; 4 17 20 30 39 51 61 141 146 304 321 389 457 502 513 547 703 734 744 782 783 788 845 879 884 890 906  ; 10 1 10 4 18 7 7 7 4 8 5 4 4 7 6 7 2 2 7 1 
1505 ; 1.359e-12 ; True ; 20 25 30 113 126 154 157 253 298 348 359 388 389 423 476 639 678 697 701 705 721 727 770 798 800 807 845 884 905  ; 8 1 11 3 23 6 13 9 8 7 6 5 3 5 3 6 2 4 7 1 
1622 ; 1.653e-12 ; True ; 4 25 30 37 39 42 87 101 113 164 187 215 222 338 341 354 372 389 432 441 445 507 539 598 622 653 855 871 890  ; 10 1 9 2 24 6 10 9 4 6 7 6 4 8 3 7 5 2 9 1 
1623 ; 5.104e-12 ; True ; 55 67 92 130 164 174 184 296 329 330 368 389 415 431 440 502 506 507 530 559 597 638 647 746 786 791 833 836 892  ; 8 1 10 3 21 6 9 7 6 7 3 8 4 10 7 4 4 6 9 1 
2284 ; 8.807e-12 ; True ; 1 25 44 144 164 168 174 195 268 323 325 330 357 367 389 431 446 457 527 531 533 549 554 577 625 635 639 640 657 713 716 789 807 860  ; 12 1 13 4 24 6 13 11 5 4 7 4 4 11 6 5 6 4 11 1 
2470 ; 2.5e-11 ; True ; 20 25 30 42 61 113 126 154 157 203 247 253 307 315 388 389 423 476 576 638 639 678 697 701 705 727 770 773 798 800 807 839 845 884 894 902 905  ; 10 1 10 4 26 8 13 7 9 8 5 9 4 8 4 7 3 5 8 2 
3494 ; 3.274e-11 ; True ; 20 25 32 80 147 150 174 193 219 236 268 288 294 325 326 333 353 389 391 430 431 531 549 575 578 579 584 637 674 688 695 697 704 791 825 841 851 879 882 890  ; 9 1 11 5 26 12 14 11 6 5 7 5 4 9 7 7 4 8 13 1 

RUN 6:
Optimum Distance: 33.53
Optimal Team: 174,307,389,727,906,
Required Skills: 0 1 2 4 5 7 9 10 11 12 13 14 15 16 18 20 22 23 24 26 
Distance; Skill Score; isValid; Team; Skill Counts
87.06 ; 9.912e-20 ; True ; 1 164 219 253 389 780 785  ; 3 1 4 2 5 1 3 1 1 2 1 1 1 3 2 1 1 1 3 1 
94.22 ; 1.446e-19 ; True ; 1 20 219 253 358 389 785  ; 2 1 4 2 5 1 3 1 2 2 1 1 2 2 2 1 1 1 2 1 
109.5 ; 8.721e-19 ; True ; 1 20 128 304 389 683 697 787  ; 2 1 5 2 4 3 2 2 2 3 1 2 2 2 2 1 1 1 1 1 
117 ; 8.731e-19 ; True ; 25 164 335 342 389 467 502 564  ; 2 1 6 1 5 1 4 4 2 2 1 2 1 2 3 2 1 1 2 1 
125.5 ; 1.051e-18 ; True ; 1 42 67 145 164 188 294 389 410  ; 2 1 4 1 5 3 2 1 1 3 1 3 2 3 2 1 1 2 3 1 
131.4 ; 1.263e-18 ; True ; 20 30 188 389 440 459 477 625 697  ; 3 1 5 1 6 2 4 1 2 3 1 4 1 2 1 1 3 1 3 1 
133.1 ; 1.637e-18 ; True ; 20 100 389 396 459 555 636 774 842  ; 2 1 5 1 6 1 7 3 2 2 1 1 2 2 2 1 3 2 2 1 
139.4 ; 6.954e-18 ; True ; 25 28 157 307 389 391 493 679 727  ; 3 1 4 2 6 2 4 4 2 3 2 2 1 1 2 2 1 2 2 1 
140.6 ; 1.602e-17 ; True ; 30 42 111 113 164 386 389 423 798  ; 4 1 6 1 8 3 4 2 2 5 2 3 1 2 2 1 2 1 4 1 
156 ; 4.028e-17 ; True ; 113 164 215 261 271 389 457 485 639  ; 3 1 6 1 5 3 3 5 2 2 3 2 2 5 2 1 1 2 4 1 
162.8 ; 4.943e-17 ; True ; 1 20 30 36 145 302 389 416 502 691  ; 2 1 6 1 6 3 3 2 2 3 2 2 3 4 2 3 1 2 4 1 
210 ; 8.986e-17 ; True ; 113 164 207 215 261 271 344 389 457 502  ; 2 1 7 1 4 3 3 5 4 3 2 3 2 3 3 2 1 2 2 1 
230.5 ; 2.143e-16 ; True ; 20 30 49 211 389 404 487 549 638 727 848  ; 4 1 7 2 6 2 7 3 3 3 1 4 1 3 2 3 3 3 2 1 
266.8 ; 3.272e-16 ; True ; 240 307 320 333 389 396 415 431 653 687 768 879  ; 2 1 3 2 6 3 3 3 1 4 4 2 1 5 3 4 3 3 4 1 
293.2 ; 8.306e-16 ; True ; 20 83 106 164 389 407 431 466 502 508 799 868  ; 4 1 7 1 8 4 5 4 2 4 3 3 3 3 2 3 2 1 3 2 
318.8 ; 8.394e-16 ; True ; 25 72 125 128 238 247 307 389 485 727 790 845 874  ; 5 1 6 1 9 3 4 4 2 3 3 3 2 3 4 3 2 3 3 1 
325.9 ; 8.762e-16 ; True ; 20 30 162 301 389 479 548 549 554 694 705 715 791 890  ; 4 1 7 1 10 1 8 5 3 5 1 4 2 3 2 4 4 3 5 1 
326.4 ; 1.102e-15 ; True ; 25 125 128 164 238 247 389 474 485 727 790 845 874  ; 6 1 7 1 10 3 5 5 2 3 3 3 2 5 4 2 2 2 4 1 
370.9 ; 1.159e-15 ; True ; 20 25 314 389 456 524 542 549 576 577 638 785 805 855  ; 3 1 6 2 12 2 7 5 3 2 1 3 2 5 3 3 4 3 4 1 
382.5 ; 1.494e-15 ; True ; 20 219 307 328 389 407 414 440 453 687 797 879 890 911  ; 6 1 6 2 6 2 3 3 1 3 4 3 3 4 3 4 3 1 4 2 
440 ; 3.16e-15 ; True ; 20 219 389 407 414 440 453 557 564 577 593 687 797 879 890  ; 7 1 7 2 7 2 4 6 1 3 5 3 2 5 3 4 5 1 6 1 
465.9 ; 8.947e-15 ; True ; 20 59 83 106 164 231 320 389 407 431 466 502 508 531 868  ; 5 1 7 1 10 5 6 5 2 4 5 3 3 5 3 3 3 1 5 2 
500.9 ; 1.044e-14 ; True ; 20 88 128 145 174 198 251 258 339 389 451 486 527 539 653 716 845  ; 3 1 7 3 11 3 5 4 3 4 5 2 3 8 2 3 2 3 6 1 
562.1 ; 1.991e-14 ; True ; 16 25 106 164 333 360 389 431 441 549 552 576 588 702 727 812 821 872  ; 6 1 11 2 11 3 11 7 3 3 3 3 2 6 3 3 3 4 5 1 
648 ; 4.32e-14 ; True ; 11 20 30 164 242 389 392 431 433 440 549 551 577 578 655 709 737 792 880  ; 7 1 9 2 16 2 8 7 3 5 3 4 2 6 2 4 4 2 7 2 
680 ; 7.113e-14 ; True ; 20 25 40 113 146 185 302 315 332 360 389 636 637 658 694 727 779 810 879  ; 5 1 9 3 10 7 4 6 3 5 4 2 2 6 4 3 3 5 6 1 
737.5 ; 9.075e-14 ; True ; 20 25 40 113 146 302 315 332 389 537 547 636 637 658 694 727 779 800 810 879  ; 5 1 9 2 12 7 5 7 4 5 5 2 2 6 4 3 3 5 6 1 
746.5 ; 9.256e-14 ; True ; 4 30 104 113 164 242 389 396 524 535 538 539 549 586 716 827 830 872 913  ; 6 1 8 2 17 4 9 8 2 4 3 4 3 7 4 4 5 3 6 1 
812.1 ; 1.014e-13 ; True ; 30 100 262 267 270 307 319 331 333 354 356 389 422 428 507 555 594 841 855 879  ; 6 1 6 2 13 4 8 5 5 5 4 4 2 6 7 5 2 3 6 1 
906.9 ; 1.311e-13 ; True ; 4 30 55 104 113 164 242 389 396 453 455 520 524 538 539 549 716 827 830 872 913  ; 7 1 9 2 16 4 9 8 2 4 3 4 3 8 5 3 6 3 7 1 
939 ; 1.411e-13 ; True ; 30 49 157 228 307 344 348 389 496 532 549 594 630 679 683 727 768 836 839 844 886 898 907  ; 6 1 6 2 16 6 7 6 5 4 3 6 2 3 7 5 5 4 3 1 
1005 ; 5.387e-13 ; True ; 20 25 40 100 113 146 283 302 315 332 362 389 502 537 547 636 637 658 694 727 779 810 879  ; 5 1 10 2 16 6 8 9 5 5 5 3 3 6 6 4 3 6 6 1 
1074 ; 6.44e-13 ; True ; 11 20 25 113 127 137 151 171 307 334 335 389 411 490 619 636 638 705 712 714 727 778 804 879  ; 5 1 9 4 15 4 10 5 5 6 4 5 2 7 6 6 2 4 4 2 
1180 ; 8.329e-13 ; True ; 1 20 113 174 192 260 389 505 507 529 533 549 594 627 637 639 653 691 727 738 739 745 829 833 873  ; 7 1 11 2 20 6 10 3 6 6 5 5 4 9 8 2 3 6 8 1 
1431 ; 2.123e-12 ; True ; 20 30 100 111 145 183 236 273 335 337 341 342 379 389 457 485 507 546 624 688 704 810 821 849 879 892 912  ; 7 1 8 3 16 7 8 6 6 5 6 4 2 7 6 6 4 6 10 1 
1764 ; 3.412e-12 ; True ; 20 27 113 144 150 152 161 267 307 338 378 389 415 479 508 555 564 577 617 653 663 679 693 714 727 741 772 791 792 837 856 906  ; 8 1 11 4 20 4 11 6 5 10 5 4 2 7 3 6 4 6 9 2 
1774 ; 3.602e-12 ; True ; 25 30 40 61 80 100 128 154 191 257 267 269 300 305 307 311 359 389 440 452 457 550 562 597 598 616 630 636 661 778 791 884  ; 6 1 8 2 25 3 14 9 5 7 5 7 5 10 5 7 4 5 10 1 
1778 ; 3.913e-12 ; True ; 17 20 42 89 109 164 178 186 195 219 347 363 389 396 485 507 551 553 607 653 727 746 765 813 823 854 879 896 906  ; 8 1 8 4 19 10 8 7 2 6 5 5 3 8 7 5 4 4 12 2 
1855 ; 4.251e-12 ; True ; 20 40 89 109 164 186 219 220 232 361 389 396 485 507 516 551 553 607 633 653 727 746 765 769 813 823 854 896 906  ; 10 1 10 4 17 8 9 9 3 6 5 5 2 9 5 8 3 4 13 2 
2073 ; 6.106e-12 ; True ; 6 20 30 41 116 127 139 154 202 257 260 285 314 354 389 431 467 493 502 512 515 635 636 670 691 697 698 713 755 766 795 822 879  ; 8 1 9 4 22 7 10 8 5 5 4 6 5 6 7 7 3 6 10 1 
2260 ; 1.281e-11 ; True ; 4 7 17 20 25 30 32 35 43 69 113 118 206 232 241 260 270 301 326 389 416 431 529 539 549 558 572 605 619 685 735 819 856 907  ; 9 1 12 3 23 5 10 10 6 8 6 6 4 7 5 8 5 6 8 1 
2472 ; 2.486e-11 ; True ; 31 42 68 128 157 161 164 261 272 277 279 307 337 341 370 389 395 466 485 507 531 551 566 575 620 636 679 704 716 755 761 791 812 821 911  ; 8 1 10 2 22 10 15 9 5 5 6 9 5 7 6 6 7 5 10 2 
3202 ; 3.046e-11 ; True ; 32 37 42 67 87 98 154 164 172 175 184 188 219 284 307 359 366 368 389 440 486 515 523 524 526 531 622 676 683 684 704 717 739 760 774 827 846 887 896 904  ; 10 1 11 5 24 11 14 10 5 8 4 7 2 9 9 6 6 5 9 2 
3270 ; 4.237e-11 ; True ; 1 5 20 67 128 142 187 201 222 233 284 321 327 361 389 396 423 457 486 501 502 505 507 508 524 549 628 653 679 680 690 701 721 722 735 785 845 853 891 908 912  ; 9 1 14 4 30 6 12 12 7 9 6 8 4 8 11 11 3 6 10 1 

RUN 7:
Optimum Distance: 33.53
Optimal Team: 174,307,389,727,906,
Required Skills: 0 1 2 4 5 7 9 10 11 12 13 14 15 16 18 20 22 23 24 26 
Distance; Skill Score; isValid; Team; Skill Counts
76.39 ; 1.903e-19 ; True ; 1 164 389 396 541 727 737  ; 3 1 6 1 6 1 5 2 1 2 1 1 1 4 1 1 2 1 3 1 
100.6 ; 1.119e-18 ; True ; 25 102 257 261 307 389 727 871  ; 3 1 5 1 3 1 5 3 1 2 2 2 1 2 1 2 1 2 4 1 
129.2 ; 2.984e-18 ; True ; 20 354 389 531 610 638 727 837 906  ; 3 1 4 2 6 1 2 2 3 2 1 3 1 2 1 2 2 3 2 1 
139.9 ; 6.576e-18 ; True ; 20 58 174 335 389 431 486 578 721  ; 4 1 7 1 7 1 5 4 2 2 2 2 2 3 1 3 1 1 3 1 
157.4 ; 1.627e-17 ; True ; 269 307 389 396 502 553 603 872 879  ; 2 1 5 1 5 2 5 3 2 2 2 2 1 4 3 3 2 1 3 1 
196.4 ; 2.369e-17 ; True ; 61 164 174 204 359 383 384 389 683 727 906  ; 6 1 6 1 7 2 6 5 1 3 1 2 1 3 2 2 2 2 5 1 
198.2 ; 3.15e-17 ; True ; 1 60 164 241 389 396 431 636 813 835 885  ; 5 1 5 1 9 1 4 3 1 2 1 3 2 6 1 3 3 3 5 1 
201.4 ; 2.61e-16 ; True ; 20 42 44 87 111 174 330 389 549 594 837  ; 4 1 5 1 8 3 5 4 4 3 2 4 3 3 2 1 2 2 3 1 
277.5 ; 5.955e-16 ; True ; 1 114 164 174 258 269 389 457 554 578 638 681 793  ; 2 1 7 3 10 3 8 3 6 3 1 6 2 6 3 1 1 2 6 1 
287.6 ; 8.206e-16 ; True ; 18 20 145 174 179 359 383 384 389 638 683 727 869  ; 6 1 7 1 8 3 5 4 2 2 2 3 2 4 3 3 3 2 6 1 
295.5 ; 9.17e-16 ; True ; 100 128 164 177 389 442 577 581 594 653 727 868  ; 5 1 8 2 8 2 5 5 3 3 3 3 1 4 5 2 2 2 3 1 
338.1 ; 1.611e-15 ; True ; 18 20 145 174 179 253 359 384 389 391 435 440 683 727  ; 6 1 8 1 8 5 5 4 3 3 2 3 2 4 3 2 3 2 5 1 
390 ; 3.192e-15 ; True ; 42 44 87 111 174 307 330 389 457 549 594 815 837 860 912  ; 5 1 5 2 9 4 6 5 4 3 2 4 2 3 3 3 2 2 5 1 
453.8 ; 2.73e-14 ; True ; 30 42 69 100 128 164 191 210 284 389 481 577 653 868 906  ; 5 1 7 3 9 4 7 5 2 5 4 5 2 4 3 3 3 3 5 1 
599.5 ; 2.839e-14 ; True ; 100 145 157 215 224 232 307 389 481 486 549 601 612 694 713 720 727 750  ; 6 1 6 2 13 4 9 6 4 3 2 4 3 5 3 4 3 4 4 1 
623.7 ; 8.431e-14 ; True ; 20 54 113 172 257 326 389 416 487 524 551 558 633 636 687 727 786 868  ; 5 1 11 3 9 4 8 5 3 4 4 4 3 5 3 3 3 5 5 1 
834.7 ; 1.737e-13 ; True ; 20 54 113 116 172 201 257 270 307 326 389 416 487 524 558 636 668 687 727 786 868  ; 6 1 11 2 10 3 9 6 4 3 3 5 3 6 3 4 3 6 5 2 
989.7 ; 1.891e-13 ; True ; 33 100 157 162 164 215 232 286 289 360 388 389 486 502 549 601 612 713 727 746 861 885  ; 7 1 8 3 15 6 10 9 5 4 2 5 4 5 4 5 2 5 3 1 
992.1 ; 3.333e-13 ; True ; 25 73 100 106 126 229 241 246 258 307 328 352 389 391 431 440 502 553 578 687 764 890  ; 3 1 8 4 15 3 10 7 5 5 3 7 4 4 4 4 3 6 5 1 
1135 ; 4.043e-13 ; True ; 18 25 76 81 128 150 164 244 258 301 328 332 389 431 446 553 591 638 642 785 855 856 870 890  ; 10 1 11 3 15 3 9 11 3 3 5 4 2 7 6 7 4 3 9 1 
1158 ; 4.084e-13 ; True ; 1 20 113 215 222 261 273 331 335 346 387 389 394 430 486 497 508 549 551 555 590 670 682 687 707  ; 6 1 11 3 16 7 10 8 4 6 3 7 3 7 3 3 3 4 6 1 
1230 ; 4.366e-13 ; True ; 68 75 92 113 127 164 176 177 183 219 333 353 368 389 439 538 546 554 598 606 638 694 699 727 878 906  ; 7 1 9 5 19 6 11 5 4 4 3 4 3 5 6 3 4 4 7 1 
1233 ; 5.213e-13 ; True ; 1 20 100 145 167 174 307 335 345 372 389 431 450 485 551 554 569 588 607 621 686 687 700 778 836 913  ; 7 1 8 2 16 3 10 7 3 3 4 4 5 9 5 5 3 4 8 2 
1295 ; 8.078e-13 ; True ; 1 19 20 42 62 84 130 157 174 305 333 359 372 388 389 482 486 502 549 687 737 745 751 781 790 891  ; 6 1 12 3 19 3 16 10 5 5 2 6 8 6 4 5 3 5 5 1 
1368 ; 8.686e-13 ; True ; 18 20 24 77 104 179 204 219 261 307 389 449 551 559 679 695 727 730 738 745 755 778 785 797 837 860  ; 8 1 10 3 14 6 8 5 4 5 4 7 2 6 5 4 3 4 7 2 
1503 ; 1.083e-12 ; True ; 10 20 22 30 179 212 287 346 359 389 430 440 486 502 557 577 581 629 657 687 695 716 770 786 868 892  ; 10 1 12 4 18 8 12 11 3 5 2 5 3 9 6 6 5 2 11 1 
1518 ; 1.814e-12 ; True ; 20 26 30 145 157 164 174 224 233 331 389 468 473 496 509 594 615 620 622 627 672 687 754 797 807 848 879 888  ; 7 1 9 3 19 7 11 9 5 4 4 7 3 9 4 5 2 4 10 2 
1541 ; 6.051e-12 ; True ; 10 20 22 30 179 212 257 389 430 440 486 502 555 577 581 629 687 694 695 716 735 770 774 779 786 868 892  ; 11 1 14 5 17 8 10 11 3 6 6 5 2 9 7 7 6 3 12 1 
2355 ; 7.614e-12 ; True ; 83 111 137 201 258 307 326 334 350 353 359 366 377 389 410 446 485 524 530 531 533 539 549 553 593 594 622 637 655 679 681 730 779 812 822 829 906  ; 11 1 15 3 20 7 11 12 3 6 7 4 4 8 5 8 5 5 14 1 
2373 ; 1.817e-11 ; True ; 7 20 30 49 102 113 164 267 333 339 351 356 359 389 396 417 433 443 456 479 507 524 564 696 701 738 766 768 785 815 833 866 892 913  ; 10 1 17 3 27 7 14 9 5 6 3 5 4 9 6 6 6 8 11 2 
2728 ; 2.033e-11 ; True ; 20 25 107 116 188 229 237 262 267 339 368 384 386 389 410 414 479 516 537 578 622 625 638 664 672 684 699 707 727 765 778 780 785 790 845 898 906 910 912  ; 12 1 17 7 26 3 12 8 6 6 4 7 4 9 5 10 5 7 11 1 
2770 ; 2.072e-11 ; True ; 25 61 115 128 150 183 192 207 216 229 241 265 270 271 307 317 389 416 420 448 486 501 507 524 549 556 627 636 638 653 692 694 746 758 813 845 855 856 870 912  ; 10 1 11 5 30 5 12 9 6 7 6 10 2 12 7 9 4 6 12 1 
2992 ; 2.543e-11 ; True ; 1 18 42 54 94 154 164 169 174 241 249 284 303 310 311 345 389 423 431 440 442 460 509 518 549 559 601 636 667 672 683 723 766 779 791 820 878 894  ; 9 1 11 4 22 8 12 11 4 8 4 14 4 14 6 6 6 5 11 1 
 

RUN 8:
Optimum Distance: 33.53
Optimal Team: 174,307,389,727,906,
Required Skills: 0 1 2 4 5 7 9 10 11 12 13 14 15 16 18 20 22 23 24 26 
Distance; Skill Score; isValid; Team; Skill Counts
63.51 ; 3.024e-20 ; True ; 30 106 164 389 414 457  ; 2 1 3 1 3 1 3 1 1 2 2 1 1 2 1 2 1 1 2 1 
83.53 ; 9.386e-20 ; True ; 20 25 87 389 636 737 841  ; 1 1 4 1 6 1 4 2 2 2 2 1 2 1 1 1 1 2 2 1 
84.46 ; 1.614e-19 ; True ; 307 389 431 486 527 549 861  ; 2 1 2 1 3 1 2 2 1 2 1 2 1 3 1 2 2 2 2 1 
110.6 ; 2.413e-19 ; True ; 164 249 389 485 594 620 727 765  ; 3 1 5 1 5 1 4 3 1 2 1 1 1 2 2 1 2 1 3 1 
113.9 ; 1.422e-18 ; True ; 15 204 307 389 549 694 791 879  ; 2 1 2 1 5 1 5 3 1 3 1 2 1 3 2 2 2 2 3 1 
139.5 ; 4.909e-18 ; True ; 20 133 174 359 389 440 549 705 770  ; 3 1 5 1 6 2 4 5 2 4 1 2 2 4 1 1 1 1 4 1 
141.4 ; 5.805e-18 ; True ; 30 45 113 164 328 360 389 640 786  ; 4 1 6 1 7 2 3 3 1 4 2 2 1 4 1 2 1 2 3 1 
149.4 ; 1.018e-17 ; True ; 15 164 204 389 496 549 694 791 879  ; 3 1 3 1 7 1 5 4 2 3 1 3 1 4 3 1 2 2 4 1 
175.7 ; 4.507e-17 ; True ; 30 106 164 389 414 415 457 490 539 856  ; 3 1 4 2 4 2 3 3 1 3 3 1 2 3 2 3 2 2 4 1 
190.5 ; 8.916e-17 ; True ; 25 30 157 164 254 389 531 549 818  ; 3 1 4 1 6 2 5 5 2 3 3 3 1 5 2 1 3 2 4 1 
208.5 ; 1.857e-16 ; True ; 20 30 100 174 241 261 339 389 394 423 638  ; 2 1 5 2 8 1 6 3 4 3 2 5 3 4 2 2 1 2 4 1 
241.4 ; 1.858e-16 ; True ; 29 30 106 164 389 414 457 511 539 638 856 890  ; 4 1 6 2 7 2 4 4 1 2 3 2 3 4 1 5 3 1 6 1 
250.5 ; 2.917e-16 ; True ; 20 164 355 389 553 559 577 716 785 879 885  ; 3 1 6 3 8 3 4 4 1 3 2 2 1 4 3 3 3 1 4 2 
275 ; 7.95e-16 ; True ; 30 113 164 172 300 389 549 556 658 679 686 861  ; 3 1 6 1 8 3 4 4 2 4 3 3 2 5 4 2 2 3 3 1 
325 ; 8.207e-15 ; True ; 20 30 113 300 389 496 549 658 679 686 792 861 890  ; 4 1 8 1 10 2 5 4 4 4 3 4 4 3 5 3 3 3 4 1 
527.8 ; 8.246e-15 ; True ; 20 25 87 148 157 273 339 361 389 638 653 686 687 722 737 788 845  ; 3 1 7 3 11 5 4 5 3 5 5 3 2 4 2 4 2 2 4 1 
543.5 ; 9.177e-15 ; True ; 20 30 211 271 300 331 389 496 549 578 648 658 672 679 878 890 897  ; 6 1 9 1 11 2 8 4 4 3 2 5 3 5 3 4 3 3 6 1 
579.6 ; 2.545e-14 ; True ; 1 20 27 28 67 143 157 219 313 330 383 389 431 534 638 786 842 911  ; 5 1 8 3 12 4 6 4 3 4 2 4 3 6 3 3 2 4 7 1 
638.8 ; 2.942e-14 ; True ; 20 118 226 343 367 389 507 695 696 727 770 844 845 855 890 892 893 906  ; 4 1 6 2 12 6 6 5 4 3 3 4 2 4 4 4 3 4 5 1 
726.2 ; 6.789e-14 ; True ; 11 15 20 113 214 294 359 389 441 485 549 551 638 650 729 810 829 872 875 879  ; 4 1 8 3 15 4 8 5 3 5 2 4 3 7 5 4 2 4 7 1 
768.4 ; 7.549e-14 ; True ; 25 72 174 220 291 307 335 389 415 490 548 555 557 655 661 713 727 770 855 906  ; 8 1 7 5 12 5 12 8 2 5 3 2 2 5 4 4 3 5 4 1 
819.9 ; 1.084e-13 ; True ; 33 55 69 128 164 215 261 344 389 391 457 502 559 615 664 680 694 770 891 906  ; 5 1 9 5 10 4 4 8 4 5 3 4 3 6 4 5 2 2 5 1 
871.4 ; 3.17e-13 ; True ; 20 30 61 113 122 164 172 184 284 288 330 334 389 402 457 596 599 694 868 890  ; 7 1 9 4 12 8 6 5 4 6 3 4 2 5 4 3 3 3 7 2 
991.2 ; 3.529e-13 ; True ; 30 47 146 172 233 301 307 389 417 502 515 549 559 636 702 713 790 835 868 872 902 913  ; 8 1 9 3 13 4 11 6 3 4 2 5 4 8 4 7 4 4 6 1 
1162 ; 5.824e-13 ; True ; 4 25 59 67 154 241 294 307 315 389 412 476 507 516 531 539 557 575 577 622 638 679 829 838 861  ; 5 1 7 3 15 6 9 7 4 4 4 9 2 7 6 7 3 3 8 1 
1308 ; 7.758e-13 ; True ; 4 84 102 113 152 157 164 182 215 313 389 399 507 518 524 577 622 630 636 675 774 822 840 887 892  ; 9 1 9 3 17 8 12 10 4 6 3 5 3 6 5 5 3 4 5 1 
1482 ; 8.624e-13 ; True ; 4 25 45 67 125 154 241 294 307 315 389 412 489 507 516 531 539 564 575 577 622 638 677 679 762 829 861 866  ; 6 1 9 3 17 6 10 6 3 5 4 8 2 7 5 7 4 4 9 1 
1506 ; 9.231e-13 ; True ; 1 20 30 35 42 45 67 72 193 389 397 437 470 495 497 508 521 540 577 614 683 713 717 727 737 778 879  ; 8 1 8 2 19 8 9 4 2 7 4 6 5 7 6 5 7 3 6 1 
1529 ; 9.668e-13 ; True ; 20 45 158 199 309 389 392 395 412 475 497 505 507 549 622 722 727 747 758 764 768 778 790 800 879 885 890 906  ; 8 1 8 3 21 5 7 3 5 5 3 6 3 10 6 7 4 6 5 1 
1568 ; 1.192e-12 ; True ; 20 31 62 116 217 250 314 328 331 355 368 389 426 431 502 507 533 597 638 712 746 747 764 778 785 845 861 879  ; 7 1 7 3 20 6 8 7 4 4 5 6 4 9 4 9 3 3 8 1 
1587 ; 1.975e-12 ; True ; 17 20 52 59 84 89 113 164 174 232 270 285 291 348 389 396 423 468 479 490 551 650 713 731 770 826 833 879  ; 8 1 8 6 21 7 10 9 5 7 4 3 3 5 6 5 2 3 8 2 
1633 ; 2.117e-12 ; True ; 20 25 40 56 96 128 208 240 251 303 336 349 377 389 432 457 486 502 507 563 627 636 687 791 845 850 873 890 908  ; 5 1 11 3 22 3 8 7 7 4 4 10 4 8 6 5 3 6 9 1 
1812 ; 3.42e-12 ; True ; 20 48 56 113 123 155 161 174 195 207 267 329 339 350 389 440 472 549 582 611 624 633 636 638 646 702 727 756 790 843 879 886  ; 6 1 10 3 23 6 12 5 6 7 4 6 5 10 6 5 3 5 8 1 
1976 ; 3.701e-12 ; True ; 1 30 46 97 151 164 188 241 257 298 333 370 379 389 431 432 433 479 502 538 562 586 594 618 643 656 667 687 727 729 766 770 812  ; 7 1 10 4 19 5 11 7 6 5 4 8 3 7 7 5 4 5 8 1 
2013 ; 4.284e-12 ; True ; 20 28 31 201 217 250 273 314 328 331 355 368 380 389 426 431 502 507 510 638 647 712 746 764 772 777 778 785 845 861 878 879  ; 7 1 7 3 24 7 8 7 5 5 5 7 4 9 6 8 4 4 8 1 
2047 ; 6.62e-12 ; True ; 20 25 30 42 130 141 145 157 175 241 268 270 271 281 284 305 306 383 389 407 426 477 485 509 674 676 682 706 731 770 813 872 881 883  ; 7 1 10 3 26 9 11 11 5 6 5 9 4 9 4 5 4 5 10 1 
2204 ; 7.714e-12 ; True ; 19 32 37 87 98 128 164 174 185 269 312 316 358 389 423 427 442 477 486 493 515 531 539 575 638 656 704 746 774 781 828 879 906 908 911  ; 16 1 12 5 22 9 11 10 6 6 4 7 2 10 8 6 3 5 9 1 
2415 ; 8.05e-12 ; True ; 1 20 145 164 215 222 256 263 304 389 411 422 425 432 448 466 481 486 492 496 501 520 549 577 578 667 685 687 699 733 779 785 807 888 890  ; 11 1 13 2 25 7 9 10 5 6 3 6 3 8 6 6 5 7 11 2 
2421 ; 1.629e-11 ; True ; 20 30 42 141 142 145 157 175 219 241 268 271 281 284 305 306 307 383 389 407 426 485 509 643 674 682 706 731 770 774 801 855 872 881 883  ; 8 1 9 4 22 10 12 8 5 5 4 6 4 8 7 6 5 5 9 2 
2972 ; 1.803e-11 ; True ; 4 9 20 30 79 113 155 172 176 177 190 234 261 265 267 294 316 350 351 368 389 407 427 479 507 508 531 549 593 613 620 639 673 696 716 778 785 833 904  ; 12 1 11 4 30 7 15 8 4 7 8 10 4 11 5 5 7 4 7 1 
3156 ; 3.234e-11 ; True ; 1 22 30 33 88 133 146 164 214 233 238 258 265 301 333 359 371 389 436 459 506 507 516 555 564 662 685 702 716 750 751 755 764 765 784 829 833 863 879 890  ; 15 1 24 5 26 7 20 11 5 7 5 6 4 8 5 12 6 5 12 1 
 

RUN 9:
Optimum Distance: 33.53
Optimal Team: 174,307,389,727,906,
Required Skills: 0 1 2 4 5 7 9 10 11 12 13 14 15 16 18 20 22 23 24 26 
Distance; Skill Score; isValid; Team; Skill Counts
84.23 ; 2.838e-20 ; True ; 1 128 307 311 389 785 872  ; 1 1 4 1 5 1 2 1 1 2 1 4 1 1 4 1 1 2 1 1 
92.38 ; 1.03e-19 ; True ; 219 307 330 389 418 539 892  ; 3 1 3 1 3 1 3 2 2 1 1 1 1 3 2 1 1 2 2 1 
119.1 ; 1.978e-19 ; True ; 30 122 164 291 389 421 636 819  ; 2 1 3 1 6 2 5 1 1 2 1 2 1 2 1 1 2 3 2 1 
122.1 ; 2.769e-19 ; True ; 20 30 146 181 311 389 765 868  ; 3 1 5 1 5 3 3 1 1 2 2 2 1 2 1 2 1 1 2 1 
122.9 ; 1.046e-18 ; True ; 113 164 339 341 355 389 539 554  ; 2 1 3 1 6 2 2 4 2 3 2 2 1 2 2 1 1 1 3 1 
133.4 ; 1.176e-17 ; True ; 20 30 67 157 321 360 389 531 600  ; 3 1 4 1 6 3 5 3 2 3 2 2 2 2 1 2 2 1 3 1 
141.1 ; 1.63e-17 ; True ; 0 1 25 307 335 389 485 507 872  ; 2 1 5 2 5 1 5 3 1 3 2 3 2 4 2 3 1 1 4 1 
145.4 ; 2.384e-17 ; True ; 30 219 304 307 330 389 418 539 892  ; 5 1 4 1 4 2 4 2 2 3 2 2 1 4 2 2 2 2 3 1 
154.1 ; 2.643e-17 ; True ; 1 25 307 311 335 389 485 855 872  ; 3 1 5 2 5 2 5 3 1 3 1 3 2 3 3 2 2 1 3 1 
161.7 ; 3.148e-17 ; True ; 20 30 157 321 339 389 531 605 872  ; 4 1 5 1 6 2 5 3 2 3 2 3 2 2 2 2 2 1 3 1 
164.6 ; 9.33e-17 ; True ; 145 307 330 389 555 638 694 713 879 892  ; 4 1 4 2 5 2 4 3 2 2 3 2 1 4 2 4 1 3 4 1 
240.9 ; 1.129e-16 ; True ; 11 145 162 271 307 389 553 554 727 822 890 896  ; 2 1 5 1 7 3 5 3 2 3 2 3 1 2 3 3 2 4 4 1 
241.9 ; 3.478e-16 ; True ; 30 114 174 304 307 330 338 389 638 856 890 892  ; 6 1 7 1 7 1 5 3 2 4 3 4 2 4 1 5 2 2 6 1 
247.2 ; 3.686e-15 ; True ; 30 106 145 307 330 389 539 555 638 694 879 892  ; 4 1 5 2 7 2 5 3 2 3 4 3 2 6 2 4 3 4 6 1 
327.8 ; 4.814e-15 ; True ; 0 1 25 307 330 335 389 477 485 507 577 770 835 872  ; 5 1 7 3 9 2 7 5 2 4 2 5 2 6 2 4 2 2 7 1 
493.9 ; 5.381e-15 ; True ; 1 20 56 105 113 171 344 389 507 549 576 577 582 681 824 852  ; 3 1 6 1 13 3 7 5 4 3 2 3 2 8 5 4 3 2 7 1 
504.2 ; 2.251e-14 ; True ; 1 20 56 113 219 344 389 423 507 549 576 577 582 681 699 852  ; 3 1 6 2 11 5 6 5 5 3 3 3 2 7 6 3 3 2 8 1 
661 ; 5.704e-14 ; True ; 16 33 137 157 164 171 174 291 320 330 389 418 486 502 553 785 879 880  ; 7 1 10 3 13 5 7 7 3 4 5 4 3 8 5 2 1 3 6 1 
798.2 ; 7.171e-14 ; True ; 20 30 33 113 122 143 164 219 220 244 246 309 359 386 389 549 604 837 853 873  ; 7 1 9 2 17 2 8 7 4 4 4 4 1 5 6 7 2 3 7 2 
810.6 ; 1.034e-13 ; True ; 4 8 164 172 219 266 284 330 389 459 502 539 549 603 607 696 780 788 792 839  ; 7 1 8 5 12 5 7 6 3 6 2 5 2 7 3 2 3 5 6 1 
816.3 ; 1.14e-13 ; True ; 20 30 171 302 333 382 389 396 456 507 509 549 594 639 747 786 801 822 833 874  ; 8 1 10 2 15 6 9 5 4 5 3 4 2 7 6 4 4 2 5 1 
830.9 ; 1.335e-13 ; True ; 20 25 122 126 135 185 188 244 273 330 335 351 389 416 484 531 554 636 653 683 879  ; 6 1 6 2 12 4 8 5 5 4 4 6 3 6 6 4 4 2 4 1 
899.7 ; 1.804e-13 ; True ; 20 30 63 100 202 261 365 389 584 597 614 627 639 694 731 756 774 810 822 890 908  ; 6 1 9 2 16 5 7 6 5 6 2 4 4 7 4 3 4 3 7 1 
982.8 ; 1.844e-13 ; True ; 20 30 87 100 123 130 259 287 345 365 389 502 508 636 653 667 769 792 841 868 872  ; 7 1 7 2 14 4 8 5 4 6 3 7 3 6 6 4 2 4 6 1 
1064 ; 2.745e-13 ; True ; 30 55 83 100 164 257 272 332 354 371 384 389 416 438 494 555 594 683 702 727 822 829 861 879  ; 9 1 13 3 12 6 10 7 2 8 4 4 1 8 7 4 4 4 6 1 
1133 ; 3.272e-13 ; True ; 18 20 49 87 98 99 123 175 258 313 389 424 431 465 502 597 603 633 636 639 715 779 796 879  ; 5 1 10 2 13 5 9 5 4 5 5 5 3 6 4 6 3 4 6 1 
1191 ; 4.098e-13 ; True ; 1 14 17 20 49 89 98 208 233 249 261 330 375 389 470 502 507 508 526 539 555 580 791 890  ; 6 1 13 2 17 5 14 9 3 7 3 9 6 7 4 5 2 2 8 1 
1229 ; 4.236e-13 ; True ; 20 69 71 83 128 139 164 219 269 386 389 396 433 485 508 554 565 602 665 746 760 781 800 861 872  ; 6 1 8 2 16 7 7 5 7 4 2 7 4 5 6 2 4 4 5 2 
1234 ; 9.021e-13 ; True ; 20 25 104 135 145 185 188 244 309 335 389 434 487 518 531 539 554 557 570 622 636 682 683 879 899 906  ; 5 1 6 3 15 5 9 9 4 4 5 6 3 8 5 4 4 5 7 1 
1263 ; 1.061e-12 ; True ; 1 12 15 18 25 45 164 355 389 391 423 450 456 459 461 479 482 507 549 650 670 727 779 787 790 845  ; 8 1 11 4 19 5 11 9 3 5 4 6 3 10 4 7 3 3 8 1 
1410 ; 1.684e-12 ; True ; 1 20 21 25 30 56 71 83 105 113 136 145 203 366 389 404 502 507 509 540 555 588 627 699 833 841 894  ; 6 1 13 2 21 5 12 8 7 6 7 7 3 11 4 5 3 3 8 1 
1690 ; 2.234e-12 ; True ; 30 63 106 113 127 130 174 183 253 307 358 360 389 409 486 488 493 502 533 562 578 615 630 636 681 718 747 780 856 879  ; 9 1 12 5 23 5 15 9 4 8 5 5 4 8 3 6 2 4 10 1 
1880 ; 2.869e-12 ; True ; 20 25 26 52 68 105 135 139 152 169 328 388 389 431 436 443 466 532 582 598 614 638 691 727 764 778 792 795 868 872 912  ; 9 1 9 5 23 8 9 6 3 5 4 5 4 9 6 5 4 4 12 1 
2081 ; 3.956e-12 ; True ; 1 25 79 96 105 139 257 307 343 353 359 389 416 431 435 457 485 487 495 530 550 578 622 680 683 685 695 714 723 755 770 776 782 790  ; 7 1 12 4 20 5 11 9 5 6 4 8 4 13 3 8 3 4 11 1 
2123 ; 4.258e-12 ; True ; 25 27 29 36 37 55 113 148 188 267 269 297 307 331 359 362 389 414 437 442 457 508 527 577 582 636 697 716 742 765 782 789 841 861  ; 8 1 11 4 19 9 12 6 6 5 3 6 3 5 6 7 5 6 9 1 
2128 ; 5.196e-12 ; True ; 20 28 30 44 54 68 84 113 128 130 147 155 185 206 229 295 336 389 391 509 539 618 626 636 638 708 713 745 755 770 819 831  ; 6 1 11 3 25 4 11 10 6 6 4 6 4 10 6 5 4 8 8 1 
2335 ; 1.01e-11 ; True ; 20 30 81 89 151 164 177 180 182 188 221 226 315 389 418 453 456 485 499 530 547 551 587 594 638 659 676 683 712 766 776 790 863 879 908  ; 8 1 10 4 27 7 13 7 5 6 4 5 5 10 6 4 5 4 8 2 
2440 ; 1.241e-11 ; True ; 25 42 72 88 147 161 164 204 218 256 271 282 300 304 305 321 348 389 434 477 496 531 538 549 554 603 614 636 646 684 706 745 774 822 890  ; 9 1 8 3 26 9 16 9 4 6 3 8 5 8 7 6 7 8 8 1 
2550 ; 1.801e-11 ; True ; 1 19 26 33 42 72 107 128 129 188 202 214 232 282 301 307 331 344 389 416 485 486 515 549 565 578 582 605 669 685 709 740 770 774 782 791 861  ; 6 1 13 5 22 7 10 12 6 8 3 8 4 8 8 7 4 7 8 1 
2783 ; 2.797e-11 ; True ; 1 19 33 42 128 129 202 214 232 246 282 301 307 328 331 339 344 377 389 416 481 485 486 507 511 549 565 578 582 664 669 685 740 770 774 782 791 861 907  ; 8 1 14 6 24 8 10 10 4 9 4 10 5 10 5 8 4 6 9 1 
3135 ; 2.907e-11 ; True ; 20 28 56 60 67 71 87 113 164 174 208 212 231 237 244 249 272 331 352 367 389 407 415 426 465 480 485 508 531 594 636 662 678 679 681 746 770 785 827  ; 9 1 11 4 28 10 8 12 2 8 7 6 5 10 7 5 4 7 13 2 
3215 ; 3.163e-11 ; True ; 1 20 24 27 46 52 54 89 100 128 139 175 184 199 238 278 289 307 309 332 345 389 417 431 443 479 563 597 636 670 697 758 779 781 791 848 862 879 885 892  ; 8 1 9 4 24 6 13 6 7 4 5 7 3 9 7 9 6 11 8 2 


RUN 10:
Optimum Distance: 33.53
Optimal Team: 174,307,389,727,906,
Required Skills: 0 1 2 4 5 7 9 10 11 12 13 14 15 16 18 20 22 23 24 26 
Distance; Skill Score; isValid; Team; Skill Counts
83.26 ; 3.966e-20 ; True ; 33 164 273 389 395 636 774  ; 3 1 4 1 4 2 2 2 1 2 1 1 1 1 1 2 2 1 1 1 
91.89 ; 1.842e-19 ; True ; 20 128 389 576 577 697 793  ; 2 1 5 1 5 2 4 3 3 1 1 2 1 1 2 2 1 1 1 1 
109.9 ; 9.494e-18 ; True ; 1 20 113 389 431 603 786 890  ; 3 1 6 1 6 1 3 4 2 3 2 1 3 4 1 2 2 1 4 1 
149.3 ; 1.017e-17 ; True ; 113 164 389 507 599 607 716 884 890  ; 4 1 4 1 7 3 5 3 1 2 2 1 2 2 3 2 2 1 5 1 
153.6 ; 1.746e-17 ; True ; 113 151 164 389 507 716 756 884 890  ; 2 1 4 1 6 5 5 3 2 2 2 1 2 2 5 2 2 1 3 1 
167.2 ; 7.379e-17 ; True ; 20 49 100 105 113 389 431 502 681  ; 2 1 5 1 7 2 6 5 4 3 2 2 2 3 3 2 1 2 3 1 
181.4 ; 1.542e-16 ; True ; 113 164 389 431 507 607 691 716 884 890  ; 4 1 4 1 8 4 5 4 1 2 3 1 2 3 4 3 3 2 5 1 
229.7 ; 1.128e-15 ; True ; 1 20 113 389 431 486 675 683 686 786 890  ; 5 1 9 2 8 2 3 4 2 4 2 2 3 4 3 2 3 2 5 1 
371.8 ; 1.771e-15 ; True ; 1 21 45 164 342 389 431 507 549 586 819 890 895  ; 4 1 7 1 11 2 7 4 3 3 2 2 2 7 3 4 3 3 5 1 
404.6 ; 5.467e-15 ; True ; 20 30 172 389 404 438 502 539 555 575 691 755 764 778  ; 5 1 8 2 9 3 7 6 3 4 3 3 3 6 2 5 2 2 2 1 
469.2 ; 8.629e-15 ; True ; 33 89 146 157 164 174 277 389 391 431 463 486 549 724 765 768  ; 7 1 6 2 12 4 6 8 3 2 3 3 2 5 3 4 2 3 5 1 
538.3 ; 1.271e-14 ; True ; 25 174 286 307 320 331 344 379 389 414 415 423 539 614 727 786 810  ; 7 1 8 2 9 2 7 5 3 4 4 3 3 7 2 4 4 1 8 1 
545.5 ; 1.454e-14 ; True ; 22 25 174 217 307 320 331 344 379 389 415 423 539 614 727 778 786  ; 8 1 8 2 11 2 6 7 3 3 4 3 3 7 2 5 4 1 8 1 
584.9 ; 5.94e-14 ; True ; 20 25 33 68 69 83 164 389 410 418 481 547 549 578 792 866 868  ; 8 1 13 3 12 2 10 5 3 4 4 4 2 5 3 2 3 4 6 2 
681.4 ; 6.234e-14 ; True ; 20 25 33 68 69 83 164 238 268 389 410 418 481 531 547 578 633 792 866  ; 9 1 13 2 14 2 10 5 3 4 5 4 2 4 3 3 3 4 6 2 
782.1 ; 6.983e-14 ; True ; 20 30 49 67 113 230 238 288 389 391 435 614 687 695 703 716 797 821 889  ; 5 1 5 3 9 8 6 6 2 5 3 5 2 5 4 3 4 5 4 1 
790 ; 1.122e-13 ; True ; 4 20 54 60 68 114 128 139 262 389 396 416 447 463 549 713 740 768 770 827 890  ; 5 1 8 2 16 5 6 7 4 4 1 5 3 7 5 5 4 5 6 1 
872.4 ; 1.946e-13 ; True ; 20 67 174 245 261 306 309 330 341 359 371 389 396 491 549 711 728 764 779 849 879  ; 7 1 9 3 10 4 11 7 3 6 4 3 3 8 3 4 3 3 9 1 
1066 ; 4.885e-13 ; True ; 20 30 45 49 67 113 230 238 288 358 379 389 391 485 614 654 687 695 703 716 797 821 839  ; 8 1 8 3 13 8 6 7 2 6 3 4 3 7 4 5 5 6 5 1 
1218 ; 5.811e-13 ; True ; 25 30 42 49 58 147 182 267 307 370 389 442 485 509 587 600 694 712 737 774 839 855 856 859 912  ; 8 1 10 3 18 7 10 6 3 7 4 3 3 8 4 6 6 2 7 1 
1379 ; 7.649e-13 ; True ; 24 30 42 46 96 104 145 151 164 202 218 223 252 269 270 358 389 416 466 496 524 554 577 599 770 839 879 902  ; 8 1 8 2 21 6 9 8 6 5 5 6 2 8 5 4 4 3 9 1 
1469 ; 7.942e-13 ; True ; 1 15 20 25 30 90 100 130 133 182 216 389 404 407 425 436 468 499 507 509 549 615 638 669 697 743 817 836  ; 6 1 8 4 21 3 13 8 3 6 5 4 4 10 3 6 3 4 10 1 
1557 ; 1.485e-12 ; True ; 12 16 20 30 49 113 185 188 215 219 250 258 309 319 389 402 523 534 559 636 654 682 727 813 835 906 912  ; 8 1 9 4 14 10 8 4 5 7 4 7 2 6 5 5 3 6 7 1 
1678 ; 2.165e-12 ; True ; 83 164 187 200 218 241 307 342 343 365 382 389 409 414 468 477 479 485 530 556 597 687 716 727 770 774 778 856 875 890  ; 6 1 7 4 19 4 9 6 4 4 3 6 3 6 5 5 6 6 8 2 
1721 ; 2.38e-12 ; True ; 0 25 54 113 122 172 174 220 238 307 349 355 389 415 450 453 458 607 611 633 636 647 679 687 774 793 855 863 872  ; 9 1 9 4 15 6 12 6 6 6 5 6 2 4 8 6 4 5 6 1 
1755 ; 2.449e-12 ; True ; 30 41 114 146 175 258 307 310 331 345 389 418 456 457 497 537 539 545 549 551 563 597 598 628 679 780 819 833 836 879 902  ; 8 1 9 3 22 5 12 7 6 5 3 6 3 7 5 7 5 6 7 1 
1982 ; 2.494e-12 ; True ; 1 25 33 47 69 88 123 145 161 164 174 178 216 267 373 388 389 399 502 504 507 647 684 756 764 773 784 829 855 913  ; 7 1 10 3 19 7 11 6 4 6 5 4 5 9 9 6 2 5 9 1 
2003 ; 3.413e-12 ; True ; 10 18 20 32 67 126 127 152 212 220 224 233 247 249 294 352 355 367 389 485 502 508 549 636 691 694 700 747 821 879 913  ; 7 1 11 3 21 7 11 10 3 5 4 6 4 10 6 8 4 4 11 1 
2036 ; 6.968e-12 ; True ; 14 17 20 59 66 83 84 111 145 168 219 249 307 315 328 330 389 457 538 553 636 638 672 684 696 699 725 755 774 778 782 883  ; 7 1 12 5 17 10 12 5 4 5 5 6 3 6 7 6 3 6 8 2 
2153 ; 7.239e-12 ; True ; 19 20 25 30 59 237 240 307 313 322 349 389 418 435 466 502 531 554 611 616 636 701 703 713 725 748 755 778 790 792 800 880  ; 10 1 10 2 21 6 15 8 7 6 4 6 6 8 7 7 3 4 5 2 
2224 ; 9.912e-12 ; True ; 102 145 155 174 227 233 261 267 270 297 307 324 329 348 371 386 389 445 481 486 496 525 539 549 578 619 653 670 727 761 787 844 856 859 890 894  ; 11 1 15 2 26 5 14 12 7 6 5 9 5 10 3 9 5 4 15 1 
2342 ; 9.946e-12 ; True ; 16 19 20 25 30 38 59 105 307 313 322 389 407 418 435 466 499 502 531 554 611 616 618 636 701 703 713 748 755 778 791 792 880  ; 10 1 9 2 22 8 15 8 6 8 5 7 4 8 8 7 3 4 6 2 
2460 ; 1.157e-11 ; True ; 20 24 25 30 66 68 69 98 154 210 218 241 257 262 273 281 337 339 354 389 396 431 465 489 502 539 583 614 622 687 697 803 892 897  ; 8 1 9 3 19 5 11 7 6 4 4 8 5 9 6 5 8 8 12 1 
2551 ; 1.214e-11 ; True ; 1 25 27 30 145 148 191 224 235 247 257 307 349 366 389 457 466 468 474 475 502 518 526 531 555 611 683 688 707 793 797 804 894 900 906 908 912  ; 8 1 11 4 23 8 12 8 6 8 7 7 2 9 7 6 4 6 9 1 
2714 ; 1.329e-11 ; True ; 20 56 61 82 97 148 151 161 164 196 201 210 221 233 292 319 389 431 457 485 493 537 547 636 691 723 727 742 749 766 868 873 875 879 881 890 906 912  ; 9 1 10 4 24 10 13 8 5 5 4 4 4 10 5 4 5 8 13 2 
2725 ; 1.528e-11 ; True ; 20 30 61 66 68 98 99 154 210 218 241 257 262 273 281 305 339 389 396 431 441 459 465 489 502 508 539 583 614 622 687 694 697 716 815 892 897  ; 8 1 11 3 21 8 13 7 6 5 3 8 4 8 6 6 11 7 13 1 
2800 ; 1.531e-11 ; True ; 20 30 157 171 184 300 306 353 362 378 380 389 394 407 431 447 457 517 524 531 580 597 622 635 680 704 750 764 774 779 787 847 855 889 892 906 912  ; 9 1 10 4 22 8 13 11 7 6 6 6 5 6 7 8 4 5 5 1 
2874 ; 1.593e-11 ; True ; 20 25 56 66 158 209 236 283 342 389 395 423 428 460 524 552 553 557 633 636 639 687 705 708 716 727 770 774 785 797 800 802 809 851 872 881 890 894  ; 7 1 12 4 24 8 14 7 6 5 4 9 4 8 9 5 7 6 8 1 
3060 ; 3.661e-11 ; True ; 1 9 25 30 145 148 191 224 235 257 307 349 365 366 389 425 456 457 466 475 485 502 526 531 536 555 611 653 683 688 793 797 804 855 894 900 906 908 912  ; 9 1 11 4 24 10 11 8 7 9 8 8 3 11 7 5 5 7 8 1 
3310 ; 4.233e-11 ; True ; 20 46 67 128 179 188 192 202 219 282 283 291 292 307 311 328 349 355 389 399 431 451 457 470 482 530 594 615 684 685 704 785 818 821 861 872 879 892 897 906  ; 8 1 7 6 24 11 12 7 5 6 6 7 4 9 12 4 4 9 7 2  

