Iteration: 200
 Population Size: 1000
RUN 1:
Optimum Distance: 0.952
Optimal Team: 80,212,
Required Skills: 0 10 23 24 
Distance; Skill Score; isValid; Team; Skill Counts
0.952 ; 0.01386 ; True ; 80 212  ; 1 1 1 1 
0.99 ; 0.02307 ; True ; 150 293  ; 1 2 1 1 
1.982 ; 0.03462 ; True ; 80 372  ; 2 1 1 2 
2.915 ; 0.04488 ; True ; 150 189 231  ; 2 3 1 1 
3.819 ; 0.07287 ; True ; 149 150 283  ; 2 3 1 2 
6.855 ; 0.08484 ; True ; 150 160 172 293  ; 3 2 1 3 
7.622 ; 0.08658 ; True ; 150 231 283 343  ; 3 3 1 2 
9.838 ; 0.1015 ; True ; 196 240 372  ; 2 2 2 2 
11.25 ; 0.1284 ; True ; 23 45 103 107  ; 2 3 2 2 
17.47 ; 0.1305 ; True ; 231 283 293 372  ; 4 3 1 4 
17.55 ; 0.1526 ; True ; 150 181 366 377  ; 3 3 2 2 
17.65 ; 0.1592 ; True ; 42 63 196 240  ; 2 3 2 3 
19.8 ; 0.2155 ; True ; 149 240 248 262 283  ; 3 4 2 3 
30.15 ; 0.2339 ; True ; 45 172 268 282 283 385  ; 4 4 2 3 
37.16 ; 0.2378 ; True ; 63 73 93 181 270 340  ; 3 2 3 5 
40.96 ; 0.2516 ; True ; 37 42 120 268 340 341  ; 3 3 3 3 
42.79 ; 0.2846 ; True ; 63 80 148 181 313 341  ; 5 3 3 3 
44.15 ; 0.2866 ; True ; 149 236 240 248 319 363  ; 3 4 3 3 
55.05 ; 0.2992 ; True ; 68 283 293 372 386 387  ; 3 3 4 3 
59.84 ; 0.3059 ; True ; 42 68 80 148 239 269 304  ; 4 3 3 4 
60.63 ; 0.3363 ; True ; 45 113 194 231 248 295 369  ; 4 5 3 3 
63.93 ; 0.3632 ; True ; 42 92 107 120 148 165 283  ; 5 4 3 4 
66.45 ; 0.3638 ; True ; 73 80 231 310 313 341 390  ; 4 3 4 4 
70.64 ; 0.3819 ; True ; 63 80 112 150 272 283 293  ; 3 4 4 4 
77.41 ; 0.3865 ; True ; 13 88 149 150 265 310 372  ; 4 4 3 6 
78.53 ; 0.3961 ; True ; 46 63 111 145 222 236 372  ; 6 4 3 5 
90.78 ; 0.4609 ; True ; 120 149 166 319 363 366 372 383  ; 5 4 4 5 
108.1 ; 0.4782 ; True ; 149 150 175 265 289 310 372 383  ; 4 5 4 5 

RUN 2:
Optimum Distance: 0.952
Optimal Team: 80,212,
Required Skills: 0 10 23 24 
Distance; Skill Score; isValid; Team; Skill Counts
0.952 ; 0.01386 ; True ; 80 212  ; 1 1 1 1 
0.99 ; 0.02307 ; True ; 150 293  ; 1 2 1 1 
1.982 ; 0.03462 ; True ; 80 372  ; 2 1 1 2 
2.861 ; 0.05761 ; True ; 46 145 202  ; 2 2 1 2 
3.776 ; 0.07287 ; True ; 150 231 369  ; 2 3 1 2 
7.895 ; 0.08484 ; True ; 42 80 372  ; 3 2 1 3 
10.81 ; 0.1434 ; True ; 150 187 231 248 394  ; 4 5 1 3 
17.63 ; 0.1495 ; True ; 196 240 358 372  ; 3 2 2 3 
22.55 ; 0.1526 ; True ; 45 80 148 340  ; 3 3 2 2 
23.68 ; 0.1892 ; True ; 52 103 196 372  ; 3 3 2 3 
28.51 ; 0.2053 ; True ; 37 181 189 366 372  ; 4 3 2 3 
29.17 ; 0.2118 ; True ; 63 73 150 181 341  ; 2 3 3 3 
30.26 ; 0.212 ; True ; 63 148 149 175 293  ; 3 3 2 4 
31.41 ; 0.2155 ; True ; 103 181 240 293 296  ; 3 4 2 3 
33.95 ; 0.2621 ; True ; 113 120 283 366 369 383  ; 4 4 2 4 
40.96 ; 0.273 ; True ; 4 103 148 340 372 390  ; 4 3 3 3 
41.02 ; 0.3009 ; True ; 42 43 63 64 120 340  ; 3 3 3 5 
42.16 ; 0.3059 ; True ; 37 120 181 189 366 372  ; 4 3 3 4 
55.76 ; 0.311 ; True ; 107 113 184 283 285 326 385  ; 4 4 3 3 
60.41 ; 0.3142 ; True ; 63 268 293 306 340 369 394  ; 4 5 2 6 
63.83 ; 0.3171 ; True ; 210 217 253 310 313 316 328 372  ; 3 2 5 5 
66.98 ; 0.3353 ; True ; 111 210 236 268 285 291 306 328  ; 3 3 4 4 
69.15 ; 0.3876 ; True ; 111 231 236 253 291 293 372  ; 5 4 3 5 
86.14 ; 0.4145 ; True ; 63 215 239 262 303 369 385 394  ; 4 4 4 4 
90.12 ; 0.4191 ; True ; 12 42 149 196 342 363 372 390  ; 5 5 3 5 
105.2 ; 0.4414 ; True ; 111 231 236 247 254 291 293 372  ; 6 4 4 4 

RUN 3:
Optimum Distance: 0.952
Optimal Team: 80,212,
Required Skills: 0 10 23 24 
Distance; Skill Score; isValid; Team; Skill Counts
0.952 ; 0.01386 ; True ; 80 212  ; 1 1 1 1 
0.99 ; 0.02307 ; True ; 150 293  ; 1 2 1 1 
1.982 ; 0.03462 ; True ; 80 372  ; 2 1 1 2 
2.946 ; 0.03746 ; True ; 14 74 236  ; 1 2 1 2 
3.773 ; 0.04488 ; True ; 150 165 369  ; 2 3 1 1 
3.776 ; 0.07287 ; True ; 150 231 369  ; 2 3 1 2 
6.621 ; 0.08658 ; True ; 150 248 283 336  ; 3 3 1 2 
7.69 ; 0.1223 ; True ; 45 166 181 369  ; 3 4 1 3 
11.67 ; 0.1284 ; True ; 150 166 192 386  ; 2 3 2 2 
12.63 ; 0.1495 ; True ; 63 236 313 340  ; 3 2 2 3 
17.56 ; 0.1674 ; True ; 6 120 215 285 372  ; 2 2 3 3 
21.06 ; 0.1676 ; True ; 80 107 310 372  ; 3 2 2 4 
22.55 ; 0.212 ; True ; 42 232 236 240 372  ; 3 3 2 4 
30.48 ; 0.23 ; True ; 63 135 181 196 372  ; 4 3 2 4 
36.34 ; 0.2516 ; True ; 52 107 120 196 313  ; 3 3 3 3 
38.68 ; 0.2819 ; True ; 108 236 237 340 372 390  ; 3 3 3 4 
49.16 ; 0.2866 ; True ; 45 103 148 149 154 389  ; 3 4 3 3 
49.59 ; 0.3029 ; True ; 73 149 160 192 217 231 369  ; 5 4 2 6 
50.96 ; 0.3212 ; True ; 52 63 80 181 217 231  ; 3 4 3 4 
56.16 ; 0.3353 ; True ; 73 93 166 192 196 212 268  ; 3 3 4 4 
61.65 ; 0.3578 ; True ; 67 80 120 130 148 277 284 372  ; 3 3 4 5 
64.44 ; 0.3705 ; True ; 21 42 52 232 236 240 372  ; 3 5 3 5 
64.59 ; 0.3768 ; True ; 34 107 120 145 150 187 394  ; 4 5 3 4 
74.64 ; 0.4035 ; True ; 8 73 75 120 181 192 372  ; 4 3 4 6 
89.56 ; 0.4076 ; True ; 175 212 236 237 325 340 372 390  ; 3 4 4 5 
92.34 ; 0.432 ; True ; 74 112 161 166 286 313 340 372  ; 5 4 4 4 
93.45 ; 0.4423 ; True ; 212 248 268 286 310 340 366 385  ; 4 4 4 5 

RUN 4:
Optimum Distance: 0.952
Optimal Team: 80,212,
Required Skills: 0 10 23 24 
Distance; Skill Score; isValid; Team; Skill Counts
0.952 ; 0.01386 ; True ; 80 212  ; 1 1 1 1 
0.99 ; 0.02307 ; True ; 150 293  ; 1 2 1 1 
1.982 ; 0.03462 ; True ; 80 372  ; 2 1 1 2 
2.953 ; 0.03548 ; True ; 149 150 336  ; 2 2 1 1 
2.97 ; 0.05761 ; True ; 46 202 265  ; 2 2 1 2 
2.981 ; 0.07287 ; True ; 150 231 248  ; 2 3 1 2 
7.47 ; 0.08658 ; True ; 16 138 150 394  ; 3 3 1 2 
9.713 ; 0.09863 ; True ; 45 192 247 248  ; 3 4 1 2 
10.69 ; 0.1073 ; True ; 45 153 192 248  ; 3 3 1 3 
12.45 ; 0.1157 ; True ; 150 166 181 282 342  ; 4 5 1 2 
13.73 ; 0.1206 ; True ; 112 196 324 372  ; 3 2 2 2 
13.8 ; 0.1284 ; True ; 231 240 262 385  ; 2 3 2 2 
15.55 ; 0.1495 ; True ; 42 148 209 372  ; 3 2 2 3 
17.61 ; 0.1892 ; True ; 150 181 248 372  ; 3 3 2 3 
28.42 ; 0.2339 ; True ; 45 283 332 366 372  ; 4 4 2 3 
40.33 ; 0.2516 ; True ; 73 99 181 184 248 344  ; 3 3 3 3 
45.32 ; 0.273 ; True ; 9 52 149 372 377  ; 4 3 3 3 
50.85 ; 0.3059 ; True ; 73 107 149 310 313 333  ; 4 3 3 4 
50.93 ; 0.3099 ; True ; 45 68 107 229 231 283  ; 3 5 3 3 
52.49 ; 0.3212 ; True ; 34 73 75 181 240 369  ; 3 4 3 4 
67.85 ; 0.3485 ; True ; 108 124 150 248 256 265 283  ; 4 4 3 4 
68.43 ; 0.3705 ; True ; 63 75 120 150 236 264 265  ; 3 5 3 5 
80.01 ; 0.3719 ; True ; 9 120 240 241 248 313 362  ; 4 4 3 5 
86.24 ; 0.4021 ; True ; 6 148 209 236 272 283 288 340  ; 4 5 3 5 
87.26 ; 0.4123 ; True ; 124 150 166 192 196 215 293 378  ; 5 6 3 4 
90.05 ; 0.4191 ; True ; 80 149 192 223 229 285 310 369  ; 5 5 3 5 
99.56 ; 0.432 ; True ; 9 52 61 132 149 372 377  ; 5 4 4 4 
110 ; 0.4609 ; True ; 42 154 192 265 293 316 372 386  ; 5 4 4 5 

RUN 5:
Optimum Distance: 0.952
Optimal Team: 80,212,
Required Skills: 0 10 23 24 
Distance; Skill Score; isValid; Team; Skill Counts
0.952 ; 0.01386 ; True ; 80 212  ; 1 1 1 1 
0.99 ; 0.02307 ; True ; 150 293  ; 1 2 1 1 
1.982 ; 0.03462 ; True ; 80 372  ; 2 1 1 2 
2.896 ; 0.03746 ; True ; 58 249 340  ; 1 2 1 2 
2.972 ; 0.07287 ; True ; 150 248 293  ; 2 3 1 2 
6.567 ; 0.08658 ; True ; 138 150 160 231  ; 3 3 1 2 
8.657 ; 0.1073 ; True ; 16 45 149 166  ; 3 3 1 3 
12.63 ; 0.1434 ; True ; 150 185 192 293 366  ; 4 5 1 3 
15.48 ; 0.1526 ; True ; 148 150 181 293  ; 3 3 2 2 
17.58 ; 0.1592 ; True ; 58 240 340 372  ; 2 3 2 3 
20.45 ; 0.1676 ; True ; 73 231 372 394  ; 3 2 2 4 
23.52 ; 0.1739 ; True ; 150 181 231 383 390  ; 3 4 2 2 
26.85 ; 0.1892 ; True ; 113 248 344 366 369  ; 3 3 2 3 
28.53 ; 0.2229 ; True ; 73 111 120 209 215 260  ; 3 2 3 4 
36.18 ; 0.23 ; True ; 42 111 120 215 241 260  ; 4 3 2 4 
42.76 ; 0.2437 ; True ; 246 283 310 377 383 385  ; 5 4 2 3 
43.21 ; 0.2516 ; True ; 80 92 196 217 311 372  ; 3 3 3 3 
46.61 ; 0.273 ; True ; 93 99 215 340 372 385  ; 4 3 3 3 
47.04 ; 0.2796 ; True ; 42 196 236 262 265 310  ; 4 4 2 5 
47.84 ; 0.2819 ; True ; 73 93 100 103 231 310  ; 3 3 3 4 
47.94 ; 0.2866 ; True ; 231 240 293 326 340 387  ; 3 4 3 3 
47.96 ; 0.3189 ; True ; 181 231 313 366 372 386  ; 5 3 3 4 
61.46 ; 0.3384 ; True ; 150 196 248 336 344 372 377  ; 5 3 4 3 
67.12 ; 0.3505 ; True ; 107 240 247 248 282 372 391  ; 5 5 3 3 
69.56 ; 0.3578 ; True ; 9 63 107 120 124 166 239  ; 3 3 4 5 
72.43 ; 0.3927 ; True ; 145 152 240 248 372 387 394  ; 5 5 3 4 
84.04 ; 0.3999 ; True ; 107 231 240 295 319 344 383 385  ; 4 5 4 3 
86.39 ; 0.4179 ; True ; 42 63 101 107 113 231 240 328  ; 4 5 3 6 
89.65 ; 0.4191 ; True ; 150 214 240 277 283 358 385 394  ; 5 5 3 5 

RUN 6:
Optimum Distance: 0.952
Optimal Team: 80,212,
Required Skills: 0 10 23 24 
Distance; Skill Score; isValid; Team; Skill Counts
0.952 ; 0.01386 ; True ; 80 212  ; 1 1 1 1 
0.99 ; 0.02307 ; True ; 150 293  ; 1 2 1 1 
1.982 ; 0.03462 ; True ; 80 372  ; 2 1 1 2 
2.958 ; 0.03548 ; True ; 149 150 180  ; 2 2 1 1 
2.972 ; 0.04488 ; True ; 150 187 293  ; 2 3 1 1 
3.878 ; 0.07287 ; True ; 150 231 366  ; 2 3 1 2 
6.802 ; 0.08658 ; True ; 16 150 231 348  ; 3 3 1 2 
8.795 ; 0.09863 ; True ; 45 149 192 222  ; 3 4 1 2 
10.64 ; 0.1015 ; True ; 72 148 284 340  ; 2 2 2 2 
11.37 ; 0.1073 ; True ; 154 283 293 369  ; 3 3 1 3 
14.61 ; 0.1259 ; True ; 63 87 236 372  ; 2 2 2 3 
14.62 ; 0.1284 ; True ; 150 192 268 385  ; 2 3 2 2 
14.78 ; 0.141 ; True ; 63 123 196 372  ; 2 2 2 4 
15.63 ; 0.1463 ; True ; 68 150 166 231  ; 2 4 2 2 
16.37 ; 0.1592 ; True ; 73 150 283 369  ; 2 3 2 3 
20.63 ; 0.1623 ; True ; 103 313 372 394  ; 4 2 2 3 
20.73 ; 0.1676 ; True ; 63 67 196 260 372  ; 3 2 2 4 
21.36 ; 0.1784 ; True ; 108 241 284 340 372  ; 2 3 2 4 
25.36 ; 0.1892 ; True ; 23 231 295 366 369  ; 3 3 2 3 
27.16 ; 0.204 ; True ; 150 158 165 240 248 394  ; 4 5 2 2 
29.45 ; 0.212 ; True ; 63 231 285 340 369  ; 3 3 2 4 
31.34 ; 0.2229 ; True ; 73 120 293 377 385  ; 3 2 3 4 
39.76 ; 0.2339 ; True ; 63 107 189 222 231 285  ; 4 4 2 3 
39.78 ; 0.2516 ; True ; 14 68 107 181 372  ; 3 3 3 3 
42.04 ; 0.273 ; True ; 63 72 194 236 377 394  ; 4 3 3 3 
47.79 ; 0.2731 ; True ; 28 150 160 181 212 333 394  ; 5 4 2 4 
48.76 ; 0.2866 ; True ; 150 306 333 344 372 394  ; 3 4 3 3 
50.9 ; 0.2876 ; True ; 75 111 112 248 310 372  ; 4 2 4 4 
52.94 ; 0.311 ; True ; 149 240 283 296 341 372  ; 4 4 3 3 
56.78 ; 0.3212 ; True ; 73 80 248 264 291 313 389  ; 3 4 3 4 
58.75 ; 0.3632 ; True ; 72 150 172 181 196 313 369  ; 5 4 3 4 
63.71 ; 0.4145 ; True ; 73 120 148 150 231 236 282  ; 4 4 4 4 
79.32 ; 0.4198 ; True ; 68 148 150 165 205 240 248 394  ; 4 6 4 3 
80.19 ; 0.4609 ; True ; 72 120 150 172 196 283 313 369  ; 5 4 4 5 

RUN 7:
Optimum Distance: 0.952
Optimal Team: 80,212,
Required Skills: 0 10 23 24 
Distance; Skill Score; isValid; Team; Skill Counts
0.952 ; 0.01386 ; True ; 80 212  ; 1 1 1 1 
0.99 ; 0.02307 ; True ; 150 293  ; 1 2 1 1 
1.982 ; 0.03462 ; True ; 80 372  ; 2 1 1 2 
2.939 ; 0.03548 ; True ; 92 194 236  ; 2 2 1 1 
2.981 ; 0.07287 ; True ; 150 231 248  ; 2 3 1 2 
7.73 ; 0.08301 ; True ; 22 150 283 293  ; 2 4 1 2 
7.895 ; 0.08484 ; True ; 42 196 372  ; 3 2 1 3 
9.733 ; 0.08658 ; True ; 23 223 283 385  ; 3 3 1 2 
10.56 ; 0.09863 ; True ; 107 150 342 385  ; 3 4 1 2 
10.56 ; 0.1015 ; True ; 120 148 340 357  ; 2 2 2 2 
11.72 ; 0.1073 ; True ; 113 293 366 369  ; 3 3 1 3 
13.83 ; 0.1284 ; True ; 42 52 93 236  ; 2 3 2 2 
16.59 ; 0.1463 ; True ; 45 80 150 385  ; 2 4 2 2 
16.72 ; 0.1495 ; True ; 73 80 236 313  ; 3 2 2 3 
19.48 ; 0.1526 ; True ; 45 103 111 385  ; 3 3 2 2 
20.62 ; 0.1604 ; True ; 148 240 283 372  ; 3 2 3 2 
22.45 ; 0.1623 ; True ; 120 236 244 324 372  ; 4 2 2 3 
22.66 ; 0.1739 ; True ; 43 45 99 181 222  ; 3 4 2 2 
23.46 ; 0.1892 ; True ; 45 236 283 372  ; 3 3 2 3 
24.68 ; 0.2155 ; True ; 150 210 240 248 293  ; 3 4 2 3 
31.52 ; 0.2158 ; True ; 80 111 202 236 372  ; 4 2 3 3 
36 ; 0.2339 ; True ; 166 240 265 377 394  ; 4 4 2 3 
39.79 ; 0.2412 ; True ; 63 194 209 236 240 319  ; 2 4 3 3 
41.99 ; 0.2516 ; True ; 64 209 215 231 303 372  ; 3 3 3 3 
43.16 ; 0.2621 ; True ; 150 210 236 248 293 387  ; 4 4 2 4 
45.1 ; 0.2819 ; True ; 112 113 181 236 237 372  ; 3 3 3 4 
49.52 ; 0.311 ; True ; 46 73 111 150 152 248  ; 4 4 3 3 
50.52 ; 0.3242 ; True ; 166 222 240 372 377 394  ; 5 4 3 3 
58.01 ; 0.3485 ; True ; 73 80 113 192 291 333 385  ; 4 4 3 4 
66.44 ; 0.3632 ; True ; 73 148 196 294 312 313 366  ; 5 4 3 4 
74.22 ; 0.3719 ; True ; 73 80 145 291 310 383 385  ; 4 4 3 5 
74.99 ; 0.3792 ; True ; 63 149 189 255 313 340 372  ; 5 3 4 4 
75.3 ; 0.4481 ; True ; 63 93 103 120 150 176 189 385  ; 4 5 4 4 

RUN 8:
Optimum Distance: 0.952
Optimal Team: 80,212,
Required Skills: 0 10 23 24 
Distance; Skill Score; isValid; Team; Skill Counts
0.952 ; 0.01386 ; True ; 80 212  ; 1 1 1 1 
0.99 ; 0.02307 ; True ; 150 293  ; 1 2 1 1 
1.982 ; 0.03462 ; True ; 80 372  ; 2 1 1 2 
2.972 ; 0.03548 ; True ; 150 180 248  ; 2 2 1 1 
3.771 ; 0.04488 ; True ; 150 189 283  ; 2 3 1 1 
3.862 ; 0.07287 ; True ; 45 181 369  ; 2 3 1 2 
6.805 ; 0.08658 ; True ; 150 180 248 283  ; 3 3 1 2 
6.895 ; 0.09863 ; True ; 149 150 184 293  ; 3 4 1 2 
11.78 ; 0.1015 ; True ; 45 283 372  ; 2 2 2 2 
11.78 ; 0.1073 ; True ; 231 248 259 394  ; 3 3 1 3 
12.74 ; 0.1284 ; True ; 150 160 181 240  ; 2 3 2 2 
13.44 ; 0.1434 ; True ; 45 149 366 369 383  ; 4 5 1 3 
16.64 ; 0.1526 ; True ; 45 283 313 385  ; 3 3 2 2 
17.71 ; 0.1592 ; True ; 231 240 283 310  ; 2 3 2 3 
21.45 ; 0.1607 ; True ; 45 80 149 366 369  ; 4 5 1 4 
21.46 ; 0.1739 ; True ; 150 189 239 248 385  ; 3 4 2 2 
23.48 ; 0.1892 ; True ; 9 150 283 372  ; 3 3 2 3 
24.65 ; 0.1989 ; True ; 196 238 310 372 377  ; 3 2 3 3 
30.41 ; 0.2053 ; True ; 31 80 149 293 313  ; 4 3 2 3 
31.24 ; 0.2118 ; True ; 120 231 240 291 293  ; 2 3 3 3 
32.13 ; 0.212 ; True ; 51 120 215 236 253 303  ; 3 3 2 4 
32.36 ; 0.2158 ; True ; 42 148 149 316 372  ; 4 2 3 3 
34.99 ; 0.2229 ; True ; 73 107 111 149 310  ; 3 2 3 4 
40.37 ; 0.2262 ; True ; 6 73 241 253 313 346 349  ; 3 3 2 5 
40.85 ; 0.2437 ; True ; 149 150 347 369 377 385  ; 5 4 2 3 
44.89 ; 0.25 ; True ; 43 68 150 222 385 386  ; 3 5 3 2 
45.07 ; 0.2621 ; True ; 149 236 268 316 366 369  ; 4 4 2 4 
47.03 ; 0.2766 ; True ; 114 150 185 192 231 363 385  ; 5 6 2 3 
47.16 ; 0.2992 ; True ; 42 150 236 277 310 313  ; 3 3 4 3 
52.87 ; 0.3009 ; True ; 6 73 241 253 285 313 346 349  ; 3 3 3 5 
53.43 ; 0.311 ; True ; 45 154 185 340 372 385  ; 4 4 3 3 
60.18 ; 0.3363 ; True ; 65 150 166 189 239 248 385  ; 4 5 3 3 
69.25 ; 0.3427 ; True ; 120 231 240 284 293 310 343  ; 3 4 3 5 
70.74 ; 0.3485 ; True ; 9 31 42 73 92 100 293  ; 4 4 3 4 
72.76 ; 0.3855 ; True ; 240 248 282 369 372 377 378  ; 5 4 4 3 
88.16 ; 0.3939 ; True ; 231 240 248 282 316 334 372 377  ; 6 4 4 3 
89.1 ; 0.4213 ; True ; 63 73 75 149 215 265 331 372  ; 6 4 3 7 

RUN 9:
Optimum Distance: 0.952
Optimal Team: 80,212,
Required Skills: 0 10 23 24 
Distance; Skill Score; isValid; Team; Skill Counts
0.952 ; 0.01386 ; True ; 80 212  ; 1 1 1 1 
0.99 ; 0.02307 ; True ; 150 293  ; 1 2 1 1 
1.982 ; 0.03462 ; True ; 80 372  ; 2 1 1 2 
2.921 ; 0.05761 ; True ; 16 149 150  ; 2 2 1 2 
3.895 ; 0.07287 ; True ; 150 293 394  ; 2 3 1 2 
6.873 ; 0.07563 ; True ; 80 120 372  ; 2 1 2 3 
8.766 ; 0.1029 ; True ; 150 293 356 394  ; 2 4 1 3 
12.56 ; 0.1259 ; True ; 42 120 121 340  ; 2 2 2 3 
15.71 ; 0.1284 ; True ; 150 217 248 385  ; 2 3 2 2 
16.66 ; 0.1463 ; True ; 43 45 150 366  ; 2 4 2 2 
16.78 ; 0.1592 ; True ; 45 248 283 310  ; 2 3 2 3 
19.75 ; 0.1606 ; True ; 63 67 124 215 285 372  ; 2 2 4 2 
22.57 ; 0.1739 ; True ; 150 196 212 293 341  ; 3 4 2 2 
26.54 ; 0.1892 ; True ; 231 262 283 363 385  ; 3 3 2 3 
29.35 ; 0.203 ; True ; 45 99 166 231 377  ; 3 3 3 2 
29.43 ; 0.212 ; True ; 42 63 261 369 372  ; 3 3 2 4 
30.29 ; 0.2262 ; True ; 42 63 120 293 369  ; 3 3 2 5 
37.2 ; 0.2516 ; True ; 20 120 181 303 324 372  ; 3 3 3 3 
39.67 ; 0.2532 ; True ; 20 21 120 239 253 266 372  ; 2 3 3 5 
44.62 ; 0.2866 ; True ; 45 99 103 107 265 285  ; 3 4 3 3 
49.67 ; 0.3009 ; True ; 42 209 220 253 291 372 387  ; 3 3 3 5 
52.25 ; 0.311 ; True ; 9 150 154 283 377 394  ; 4 4 3 3 
58.09 ; 0.3212 ; True ; 31 74 92 150 214 236 394  ; 3 4 3 4 
60.91 ; 0.3408 ; True ; 20 52 120 181 303 324 372  ; 3 4 4 3 
63.67 ; 0.3485 ; True ; 6 108 161 192 239 340 372  ; 4 4 3 4 
72.25 ; 0.3632 ; True ; 149 186 212 310 332 344 369 394  ; 5 4 3 4 
76.05 ; 0.3927 ; True ; 45 103 259 297 313 356 366 369  ; 5 5 3 4 
91.26 ; 0.4423 ; True ; 63 236 239 282 293 310 318 369  ; 4 4 4 5 

RUN 10:
Optimum Distance: 0.952
Optimal Team: 80,212,
Required Skills: 0 10 23 24 
Distance; Skill Score; isValid; Team; Skill Counts
0.952 ; 0.01386 ; True ; 80 212  ; 1 1 1 1 
0.99 ; 0.02307 ; True ; 150 293  ; 1 2 1 1 
1.982 ; 0.03462 ; True ; 80 372  ; 2 1 1 2 
2.972 ; 0.04488 ; True ; 150 187 231  ; 2 3 1 1 
3.878 ; 0.07287 ; True ; 150 231 366  ; 2 3 1 2 
6.68 ; 0.08658 ; True ; 150 160 248 342  ; 3 3 1 2 
7.612 ; 0.09863 ; True ; 150 166 187 369  ; 3 4 1 2 
8.864 ; 0.1015 ; True ; 42 240 372  ; 2 2 2 2 
9.481 ; 0.1073 ; True ; 150 153 166 369  ; 3 3 1 3 
12.43 ; 0.1223 ; True ; 231 240 283 369  ; 3 4 1 3 
12.81 ; 0.1259 ; True ; 4 63 80 372  ; 2 2 2 3 
15.65 ; 0.1284 ; True ; 73 150 187 394  ; 2 3 2 2 
18.46 ; 0.141 ; True ; 73 107 120 369  ; 2 2 2 4 
18.75 ; 0.1495 ; True ; 80 217 366 372  ; 3 2 2 3 
19.26 ; 0.1739 ; True ; 150 181 240 293 334  ; 3 4 2 2 
25.4 ; 0.1818 ; True ; 74 80 148 207 372  ; 4 2 2 4 
25.49 ; 0.1892 ; True ; 45 153 283 326 366  ; 3 3 2 3 
27.44 ; 0.2339 ; True ; 150 184 248 372 394  ; 4 4 2 3 
32.42 ; 0.2455 ; True ; 12 42 236 291 349 372  ; 4 3 2 5 
40.31 ; 0.2621 ; True ; 38 45 73 181 192 366  ; 4 4 2 4 
41.24 ; 0.3059 ; True ; 120 215 240 248 266 372  ; 4 3 3 4 
58.73 ; 0.3403 ; True ; 51 120 215 240 266 283 372  ; 5 3 3 5 
63.75 ; 0.3427 ; True ; 63 64 80 123 145 236 268  ; 3 4 3 5 
64.62 ; 0.3477 ; True ; 42 103 111 248 256 372 387  ; 6 3 3 5 
68.58 ; 0.3505 ; True ; 114 150 184 248 272 372 394  ; 5 5 3 3 
71.57 ; 0.3699 ; True ; 113 139 148 194 237 286 340 372  ; 4 4 4 3 
75.41 ; 0.3768 ; True ; 73 80 166 217 240 302 366  ; 4 5 3 4 
80 ; 0.3876 ; True ; 61 80 121 175 196 282 303 372  ; 5 4 3 5 
88.16 ; 0.3927 ; True ; 45 101 150 187 294 334 366 372  ; 5 5 3 4 
92.07 ; 0.3999 ; True ; 107 231 240 249 277 332 386 394  ; 4 5 4 3 
96.7 ; 0.4076 ; True ; 2 120 237 240 242 316 369 372  ; 3 4 4 5 
97.71 ; 0.4145 ; True ; 35 42 277 291 313 366 369 389  ; 4 4 4 4 
107.5 ; 0.4179 ; True ; 42 63 68 145 181 212 253 270  ; 4 5 3 6 
107.8 ; 0.432 ; True ; 166 192 249 293 325 354 377 394  ; 5 4 4 4 
115.7 ; 0.4481 ; True ; 72 123 145 150 240 283 313 374  ; 4 5 4 4 

