Iteration: 300
 Population Size: 1000
RUN 1:
Optimum Distance: 8.886
Optimal Team: 83,190,414,
Required Skills: 0 1 4 10 23 24 
Distance; Skill Score; isValid; Team; Skill Counts
8.895 ; 2.484e-06 ; True ; 190 209 414  ; 1 1 1 1 1 1 
11.88 ; 4.087e-06 ; True ; 190 349 395  ; 1 1 1 1 1 2 
16.7 ; 4.182e-06 ; True ; 83 154 190 414  ; 1 1 1 2 1 1 
16.83 ; 4.412e-06 ; True ; 9 83 190 414  ; 1 1 1 1 2 1 
17.42 ; 6.393e-06 ; True ; 155 188 190 209  ; 2 1 1 1 1 2 
17.62 ; 6.541e-06 ; True ; 107 190 258 414  ; 2 1 1 2 1 1 
17.66 ; 8.011e-06 ; True ; 190 209 287 395  ; 2 1 1 1 1 3 
20.56 ; 1.076e-05 ; True ; 190 301 409 414  ; 2 1 1 2 1 2 
20.66 ; 1.218e-05 ; True ; 13 190 225 332  ; 2 1 2 1 1 2 
23.45 ; 1.31e-05 ; True ; 190 265 349 414  ; 1 1 2 2 1 2 
29.33 ; 1.423e-05 ; True ; 188 190 209 347 395  ; 2 1 1 1 2 3 
29.53 ; 1.526e-05 ; True ; 13 97 128 190 225  ; 2 1 2 1 1 3 
30.52 ; 1.837e-05 ; True ; 190 225 297 332 362  ; 3 1 2 1 1 3 
32.3 ; 2.05e-05 ; True ; 159 190 193 287 414  ; 2 1 2 2 1 2 
33.43 ; 2.073e-05 ; True ; 190 225 255 265 311  ; 3 1 1 3 1 3 
33.5 ; 2.569e-05 ; True ; 54 190 225 284 349  ; 2 1 2 2 1 3 
37.02 ; 3.092e-05 ; True ; 13 107 116 190 225  ; 3 1 2 2 1 3 
43.94 ; 3.754e-05 ; True ; 126 190 209 225 251 287  ; 3 1 2 2 1 5 
46.1 ; 3.949e-05 ; True ; 83 159 190 193 287 414  ; 3 1 2 3 1 3 
53.92 ; 6.207e-05 ; True ; 44 47 190 225 287 395  ; 3 1 2 2 2 4 
64.86 ; 6.229e-05 ; True ; 13 140 157 190 363 395  ; 2 1 2 3 3 2 
65.81 ; 7.805e-05 ; True ; 13 140 157 190 395 409  ; 2 1 2 3 3 3 
68.7 ; 7.928e-05 ; True ; 5 44 47 190 225 287 395  ; 3 1 2 3 2 4 
69.07 ; 8.333e-05 ; True ; 44 96 190 221 349 409 414  ; 2 1 3 3 2 3 
89.94 ; 8.874e-05 ; True ; 83 118 188 190 256 283 287 332  ; 3 1 3 2 2 4 
91.79 ; 9.378e-05 ; True ; 13 106 190 224 225 289 414  ; 2 1 4 2 2 4 
97.57 ; 0.0001198 ; True ; 13 156 188 190 287 305 401 414  ; 2 1 4 3 2 4 
113.3 ; 0.0001261 ; True ; 13 77 113 140 175 190 215 297  ; 2 1 3 3 3 4 
113.5 ; 0.0001276 ; True ; 13 111 142 156 188 190 401 414  ; 3 1 4 3 2 3 
115.6 ; 0.0001302 ; True ; 0 44 45 65 88 154 190 363 414  ; 3 1 3 4 2 4 
115.9 ; 0.0001302 ; True ; 44 137 190 225 296 297 332 335 395  ; 4 1 3 2 3 4 
128.1 ; 0.0001435 ; True ; 0 112 156 190 209 346 362 410 414  ; 4 1 2 4 3 5 
130 ; 0.0001779 ; True ; 114 190 209 287 345 349 395 405 414  ; 3 1 4 4 2 5 
154.5 ; 0.0001842 ; True ; 103 112 176 190 254 297 324 331 349 414  ; 2 1 4 4 3 4 
156.8 ; 0.0001979 ; True ; 83 103 176 190 297 324 328 331 349 414  ; 2 1 4 4 3 5 
163.6 ; 0.0002217 ; True ; 13 97 118 190 207 224 225 232 249 256 349  ; 3 1 4 4 3 4 
181.8 ; 0.0002285 ; True ; 60 113 159 188 190 225 255 296 314 371 401  ; 4 1 3 4 4 4 
198.5 ; 0.0002531 ; True ; 0 51 73 133 190 193 256 314 363 395 414  ; 4 1 4 3 4 4 
206.1 ; 0.0002557 ; True ; 65 190 217 314 324 340 349 351 392 395 409  ; 3 1 4 4 3 7 
213.8 ; 0.0002927 ; True ; 13 33 156 190 196 199 205 230 287 388 401 414  ; 5 1 4 6 3 4 
235.2 ; 0.0002978 ; True ; 13 96 117 128 190 197 224 287 347 405 414 418  ; 3 1 4 4 4 6 
239.3 ; 0.0003262 ; True ; 65 170 190 217 314 324 332 340 349 351 395 409  ; 4 1 4 4 4 6 
296.9 ; 0.0003521 ; True ; 44 75 127 190 196 225 227 279 340 343 347 349 367  ; 4 1 4 4 5 5 

RUN 2:
Optimum Distance: 8.886
Optimal Team: 83,190,414,
Required Skills: 0 1 4 10 23 24 
Distance; Skill Score; isValid; Team; Skill Counts
8.895 ; 2.484e-06 ; True ; 190 209 414  ; 1 1 1 1 1 1 
11.85 ; 4.087e-06 ; True ; 13 190 395  ; 1 1 1 1 1 2 
16.77 ; 6.393e-06 ; True ; 0 155 190 209  ; 2 1 1 1 1 2 
18.54 ; 7.785e-06 ; True ; 190 209 287 414  ; 1 1 2 1 1 2 
18.77 ; 1.076e-05 ; True ; 190 209 251 414  ; 2 1 1 2 1 2 
20.65 ; 1.383e-05 ; True ; 190 349 395 414  ; 1 1 2 1 2 2 
29.55 ; 2.05e-05 ; True ; 60 190 207 225 414  ; 2 1 2 2 1 2 
30.52 ; 2.163e-05 ; True ; 190 225 309 332 349  ; 2 1 2 1 2 2 
34.27 ; 2.395e-05 ; True ; 44 75 190 265 414  ; 2 1 1 2 2 3 
35.38 ; 3.641e-05 ; True ; 44 190 265 314 414  ; 2 1 2 2 2 2 
44.73 ; 4.562e-05 ; True ; 13 126 190 230 288 414  ; 2 1 2 2 2 3 
51.93 ; 4.651e-05 ; True ; 44 190 265 305 314 414  ; 2 1 2 3 2 2 
56.99 ; 5.126e-05 ; True ; 77 157 190 225 251 349  ; 3 1 2 4 1 4 
60.99 ; 5.491e-05 ; True ; 12 54 190 367 409 414  ; 3 1 2 2 2 3 
62.97 ; 5.828e-05 ; True ; 54 106 157 190 287 301  ; 2 1 2 3 2 3 
63.93 ; 6.523e-05 ; True ; 13 140 175 190 297 332  ; 2 1 3 2 2 3 
67.8 ; 6.906e-05 ; True ; 75 190 225 265 270 410 414  ; 2 1 2 2 3 4 
70.03 ; 7.928e-05 ; True ; 54 190 205 349 367 395  ; 3 1 2 3 2 4 
72.05 ; 0.0001003 ; True ; 0 44 190 202 255 367 414  ; 3 1 3 3 2 3 
91.24 ; 0.0001152 ; True ; 0 107 157 186 190 287 314 407  ; 3 1 3 4 2 3 
104 ; 0.0001166 ; True ; 17 47 77 157 190 225 251 349  ; 4 1 2 5 2 5 
108.9 ; 0.0001188 ; True ; 0 190 191 255 265 367 395 415  ; 3 1 3 2 3 4 
120.4 ; 0.0001501 ; True ; 0 92 126 190 283 287 389 395 414  ; 4 1 3 2 3 7 
123.9 ; 0.0001533 ; True ; 13 157 188 190 311 364 366 410 414  ; 2 1 3 4 4 3 
129.9 ; 0.0001846 ; True ; 44 140 190 207 251 338 349 410 414  ; 3 1 3 4 4 3 
135 ; 0.0001873 ; True ; 190 255 265 283 287 314 328 349 417  ; 3 1 3 4 3 5 
144.4 ; 0.0002086 ; True ; 22 69 143 190 225 295 314 332 349 395  ; 3 1 3 4 4 4 
162.9 ; 0.0002167 ; True ; 44 160 185 188 190 297 386 389 395 414  ; 3 1 4 3 3 6 
167.9 ; 0.0002311 ; True ; 44 72 188 190 256 297 345 395 402 414 415  ; 3 1 4 3 4 4 
179.8 ; 0.0002548 ; True ; 157 190 219 246 255 265 287 314 328 349 417  ; 3 1 3 5 4 6 
195 ; 0.0002605 ; True ; 54 106 140 190 251 287 328 331 337 414  ; 3 1 4 3 5 4 
204.2 ; 0.000286 ; True ; 60 188 190 209 237 287 332 343 362 367 414  ; 5 1 4 4 3 6 
213.4 ; 0.0003245 ; True ; 65 83 87 97 155 188 190 230 329 349 405 414  ; 4 1 5 3 4 5 
251.9 ; 0.0003291 ; True ; 75 126 188 190 274 342 349 367 392 401 414 415  ; 4 1 4 3 5 7 
255.7 ; 0.0003521 ; True ; 44 96 121 140 152 190 251 297 313 338 349 414  ; 4 1 4 4 5 5 
285.2 ; 0.0003567 ; True ; 54 106 140 157 190 216 251 287 300 328 331 337  ; 4 1 4 5 5 4 

RUN 3:
Optimum Distance: 8.886
Optimal Team: 83,190,414,
Required Skills: 0 1 4 10 23 24 
Distance; Skill Score; isValid; Team; Skill Counts
8.886 ; 2.484e-06 ; True ; 83 190 414  ; 1 1 1 1 1 1 
11.88 ; 4.087e-06 ; True ; 190 349 395  ; 1 1 1 1 1 2 
15.68 ; 6.393e-06 ; True ; 188 190 345 395  ; 2 1 1 1 1 2 
18.76 ; 1.076e-05 ; True ; 83 190 251 414  ; 2 1 1 2 1 2 
22.56 ; 1.218e-05 ; True ; 190 225 246 414  ; 2 1 2 1 1 2 
23.67 ; 1.31e-05 ; True ; 190 349 414 418  ; 1 1 2 2 1 2 
24.68 ; 1.349e-05 ; True ; 190 349 395 409  ; 2 1 1 2 1 3 
29.21 ; 1.423e-05 ; True ; 83 118 126 190 225  ; 2 1 1 1 2 3 
29.53 ; 1.526e-05 ; True ; 39 83 190 225 297  ; 2 1 2 1 1 3 
30.49 ; 2.603e-05 ; True ; 190 207 225 395 414  ; 3 1 2 1 2 2 
33.44 ; 2.903e-05 ; True ; 44 190 287 349 395  ; 2 1 2 2 1 4 
37.28 ; 2.917e-05 ; True ; 65 190 349 392 414  ; 1 1 2 2 2 3 
45.16 ; 2.939e-05 ; True ; 157 169 174 190 246 314  ; 3 1 1 3 2 2 
46.07 ; 3.262e-05 ; True ; 55 190 207 225 395 414  ; 3 1 2 1 2 3 
47.2 ; 4.562e-05 ; True ; 56 190 297 324 395 414  ; 2 1 2 2 2 3 
49.99 ; 4.8e-05 ; True ; 190 207 225 258 395 414  ; 4 1 2 2 2 2 
51.1 ; 6.799e-05 ; True ; 107 190 225 246 395 414  ; 4 1 2 2 2 4 
65.82 ; 7.077e-05 ; True ; 13 65 190 229 270 314 362  ; 2 1 2 3 2 5 
68 ; 8.055e-05 ; True ; 48 157 190 265 271 392 414  ; 3 1 2 4 2 3 
76.39 ; 8.822e-05 ; True ; 13 44 65 103 190 409 414  ; 2 1 2 3 3 4 
78.57 ; 0.0001134 ; True ; 13 190 229 314 349 401 418  ; 3 1 3 3 2 4 
106.2 ; 0.0001202 ; True ; 103 157 190 200 225 246 264 265 349  ; 5 1 2 6 2 4 
106.7 ; 0.0001426 ; True ; 190 246 251 314 349 364 381 414  ; 4 1 3 4 2 4 
125 ; 0.0001518 ; True ; 0 5 85 96 140 190 209 225 395  ; 3 1 3 3 3 4 
136.1 ; 0.0001779 ; True ; 71 188 190 225 228 230 314 321 349 395  ; 4 1 4 2 3 5 
154.9 ; 0.0002039 ; True ; 190 225 265 286 297 313 314 362 411 414  ; 3 1 4 2 5 4 
171.6 ; 0.0002115 ; True ; 13 130 155 190 246 271 379 381 414 418  ; 4 1 4 3 3 4 
177.3 ; 0.0002473 ; True ; 58 103 157 190 200 225 232 246 264 265 349  ; 5 1 3 6 3 5 
185 ; 0.0002576 ; True ; 36 88 107 128 155 190 302 314 362 414 418  ; 5 1 3 4 4 5 
195.9 ; 0.000261 ; True ; 129 155 176 190 288 302 349 364 395 399 414  ; 4 1 4 4 3 5 
213.8 ; 0.0002726 ; True ; 155 190 191 231 235 237 251 295 297 349 413 414  ; 4 1 4 4 3 6 
233.5 ; 0.0003423 ; True ; 13 17 41 70 88 97 156 188 190 225 366 395  ; 5 1 4 4 4 6 
247.2 ; 0.000366 ; True ; 13 53 155 157 190 283 314 318 349 362 369 414  ; 6 1 4 5 4 5 

RUN 4:
Optimum Distance: 8.886
Optimal Team: 83,190,414,
Required Skills: 0 1 4 10 23 24 
Distance; Skill Score; isValid; Team; Skill Counts
8.886 ; 2.484e-06 ; True ; 83 190 414  ; 1 1 1 1 1 1 
11.85 ; 4.087e-06 ; True ; 13 190 395  ; 1 1 1 1 1 2 
17.79 ; 8.011e-06 ; True ; 0 83 190 395  ; 2 1 1 1 1 3 
19.7 ; 9.755e-06 ; True ; 188 190 349 395  ; 1 1 2 1 1 3 
20.65 ; 1.076e-05 ; True ; 175 190 209 414  ; 2 1 1 2 1 2 
21.45 ; 1.218e-05 ; True ; 190 225 265 414  ; 2 1 2 1 1 2 
24.46 ; 1.31e-05 ; True ; 190 301 349 414  ; 1 1 2 2 1 2 
28.65 ; 1.395e-05 ; True ; 0 190 225 302 414  ; 1 1 3 1 1 3 
29.1 ; 2.05e-05 ; True ; 13 155 165 190 225  ; 2 1 2 2 1 2 
32.38 ; 2.163e-05 ; True ; 130 190 225 349 401  ; 2 1 2 1 2 2 
33.32 ; 2.301e-05 ; True ; 155 175 190 193 414  ; 3 1 1 2 2 2 
34.58 ; 2.569e-05 ; True ; 0 190 209 314 392  ; 2 1 2 2 1 3 
37.33 ; 3.281e-05 ; True ; 190 349 362 414 418  ; 2 1 2 3 1 3 
42.61 ; 3.641e-05 ; True ; 45 54 106 190 414  ; 2 1 2 2 2 2 
42.9 ; 3.673e-05 ; True ; 118 190 225 287 345 349  ; 2 1 3 2 1 3 
48.15 ; 4.034e-05 ; True ; 155 190 209 389 414 418  ; 4 1 1 3 2 3 
50.95 ; 5.157e-05 ; True ; 13 126 190 196 297 395  ; 2 1 2 2 2 4 
56.5 ; 5.206e-05 ; True ; 190 225 226 230 287 309 414  ; 2 1 3 2 2 2 
57.68 ; 6.523e-05 ; True ; 77 188 190 283 314 414  ; 2 1 3 2 2 3 
58.89 ; 7.851e-05 ; True ; 130 190 225 287 345 349 401  ; 3 1 3 2 2 3 
72.16 ; 8.055e-05 ; True ; 13 47 156 157 190 225 315  ; 3 1 2 4 2 3 
77.68 ; 9.394e-05 ; True ; 53 70 156 190 332 349 414  ; 3 1 2 3 3 3 
83.51 ; 0.0001003 ; True ; 130 190 223 225 287 345 349 401  ; 3 1 3 3 2 3 
90.97 ; 0.0001116 ; True ; 13 54 190 215 332 349 397  ; 2 1 3 3 3 3 
95.91 ; 0.0001343 ; True ; 65 186 190 246 287 314 345 414  ; 3 1 3 3 3 3 
115.7 ; 0.0001478 ; True ; 13 39 157 185 190 225 249 287 349  ; 2 1 4 4 2 5 
122.4 ; 0.0001542 ; True ; 188 190 209 238 309 321 349 354 414  ; 3 1 3 4 3 3 
124.2 ; 0.0001842 ; True ; 13 39 70 157 190 225 249 287 349  ; 2 1 4 4 3 4 
142.6 ; 0.0001871 ; True ; 130 190 223 225 287 314 345 349 400 401  ; 4 1 4 3 3 3 
160 ; 0.0001962 ; True ; 54 68 88 190 191 200 303 311 349 414  ; 3 1 4 4 3 3 
166.8 ; 0.0002333 ; True ; 75 83 134 190 230 255 297 301 349 367  ; 4 1 3 5 3 6 
180.8 ; 0.000261 ; True ; 41 75 176 190 216 226 265 297 311 395 414  ; 4 1 4 4 3 5 
204.7 ; 0.0002644 ; True ; 70 83 105 112 190 199 225 361 362 401 414  ; 6 1 3 4 4 5 
211 ; 0.0003254 ; True ; 41 75 176 190 216 226 265 287 297 311 395 414  ; 4 1 5 4 3 6 
237.4 ; 0.0003261 ; True ; 0 113 190 200 216 225 340 349 362 367 409 414  ; 5 1 7 4 2 6 
239.4 ; 0.000333 ; True ; 13 65 96 157 179 188 190 209 246 298 397 414  ; 3 1 4 5 4 7 
266.4 ; 0.000339 ; True ; 13 155 180 190 193 203 209 261 314 351 389 414  ; 4 1 5 5 3 5 
309.7 ; 0.0003399 ; True ; 118 156 174 190 197 224 232 246 261 297 314 328 379  ; 4 1 4 5 4 5 
344.6 ; 0.0003423 ; True ; 13 190 225 262 277 302 304 327 328 358 397 414 419  ; 5 1 4 4 4 6 

RUN 5:
Optimum Distance: 8.886
Optimal Team: 83,190,414,
Required Skills: 0 1 4 10 23 24 
Distance; Skill Score; isValid; Team; Skill Counts
9.845 ; 2.484e-06 ; True ; 107 190 414  ; 1 1 1 1 1 1 
11.85 ; 4.087e-06 ; True ; 13 190 395  ; 1 1 1 1 1 2 
16.79 ; 6.393e-06 ; True ; 68 190 209 414  ; 2 1 1 1 1 2 
16.84 ; 7.785e-06 ; True ; 0 190 209 414  ; 1 1 2 1 1 2 
19.7 ; 1.076e-05 ; True ; 156 190 193 414  ; 2 1 1 2 1 2 
20.65 ; 1.218e-05 ; True ; 13 190 225 332  ; 2 1 2 1 1 2 
23.66 ; 1.31e-05 ; True ; 156 190 349 414  ; 1 1 2 2 1 2 
24.69 ; 1.349e-05 ; True ; 190 246 349 395  ; 2 1 1 2 1 3 
29.37 ; 2.05e-05 ; True ; 13 190 225 230 295  ; 2 1 2 2 1 2 
33.34 ; 2.073e-05 ; True ; 44 107 190 193 414  ; 3 1 1 3 1 3 
35.45 ; 2.395e-05 ; True ; 14 156 190 395 414  ; 2 1 1 2 2 3 
36.49 ; 2.569e-05 ; True ; 190 209 221 349 395  ; 2 1 2 2 1 3 
37.27 ; 2.619e-05 ; True ; 112 190 349 363 414  ; 2 1 2 3 1 2 
40.31 ; 3.641e-05 ; True ; 190 225 255 314 409  ; 2 1 2 2 2 2 
46.13 ; 4.382e-05 ; True ; 13 190 225 230 307 332  ; 3 1 2 2 2 2 
53.84 ; 4.651e-05 ; True ; 157 175 190 263 297 414  ; 2 1 2 3 2 2 
53.92 ; 5.828e-05 ; True ; 13 155 156 190 255 297  ; 2 1 2 3 2 3 
67.63 ; 6.587e-05 ; True ; 0 47 117 190 246 287 301  ; 2 1 2 3 2 4 
71.11 ; 7.014e-05 ; True ; 190 257 345 349 381 401 414  ; 3 1 2 3 2 3 
76.99 ; 7.684e-05 ; True ; 190 202 311 332 349 351 395  ; 4 1 2 3 2 3 
77.61 ; 8.874e-05 ; True ; 75 126 144 190 225 230 349 351  ; 3 1 3 2 2 4 
95.7 ; 9.105e-05 ; True ; 10 45 112 140 190 302 314  ; 3 1 2 4 2 4 
96.11 ; 0.0001152 ; True ; 0 155 170 190 256 314 395 409  ; 4 1 3 2 3 3 
111.3 ; 0.0001261 ; True ; 48 127 140 190 213 251 349 414  ; 2 1 3 3 3 4 
111.7 ; 0.0001272 ; True ; 112 188 190 272 297 349 395 409  ; 3 1 3 3 2 6 
112.5 ; 0.000131 ; True ; 13 33 44 75 190 223 225 246 286  ; 3 1 2 4 3 5 
113.5 ; 0.0001461 ; True ; 13 17 190 251 286 287 309 349 389  ; 3 1 3 4 2 6 
118.8 ; 0.000169 ; True ; 0 83 156 190 207 230 314 414 415  ; 4 1 3 4 3 3 
131 ; 0.0001708 ; True ; 0 2 83 156 190 207 314 414 415  ; 3 1 4 3 3 3 
145.2 ; 0.0001769 ; True ; 65 190 209 287 306 332 395 407 414 418  ; 5 1 2 3 5 5 
152.1 ; 0.0001945 ; True ; 13 44 65 165 190 255 287 304 328 367  ; 2 1 3 4 4 6 
160.1 ; 0.0002039 ; True ; 13 44 65 190 255 287 328 337 356 367  ; 3 1 3 3 4 6 
166.9 ; 0.0002227 ; True ; 13 105 113 126 155 185 190 349 397 405  ; 3 1 4 3 3 7 
189.9 ; 0.0002285 ; True ; 45 105 127 176 190 230 251 257 314 410 414  ; 4 1 3 4 4 4 
195.1 ; 0.0002413 ; True ; 12 56 58 59 174 190 255 287 290 349 414  ; 3 1 4 5 3 4 
209.4 ; 0.0002548 ; True ; 21 190 209 224 225 302 309 313 321 349 351 395  ; 3 1 3 5 4 6 
222.6 ; 0.0002672 ; True ; 44 65 146 175 190 199 287 301 314 347 354 410  ; 4 1 3 5 4 5 
224.3 ; 0.0002738 ; True ; 0 75 190 191 209 290 315 349 364 398 414 418  ; 5 1 4 4 3 5 
227.7 ; 0.0002892 ; True ; 44 48 66 190 225 304 313 324 328 349 368 414  ; 4 1 3 4 5 6 
232.8 ; 0.000298 ; True ; 13 44 58 88 97 116 142 190 193 270 379 401  ; 5 1 4 5 3 5 
246.2 ; 0.0003163 ; True ; 105 106 157 190 255 272 320 349 364 405 414  ; 4 1 4 5 4 4 
256.9 ; 0.000361 ; True ; 21 155 190 225 232 286 287 295 301 349 367 385 409  ; 6 1 4 4 4 7 
319.9 ; 0.0003663 ; True ; 65 165 176 190 225 272 314 349 367 385 389 409 412  ; 6 1 5 4 3 8 
341 ; 0.0003961 ; True ; 66 190 209 238 306 321 349 355 367 386 395 397 405  ; 6 1 4 4 5 6  

RUN 6:
Optimum Distance: 8.886
Optimal Team: 83,190,414,
Required Skills: 0 1 4 10 23 24 
Distance; Skill Score; isValid; Team; Skill Counts
8.886 ; 2.484e-06 ; True ; 83 190 414  ; 1 1 1 1 1 1 
16.6 ; 4.087e-06 ; True ; 58 190 307 362  ; 1 1 1 1 1 2 
17.72 ; 6.393e-06 ; True ; 190 209 225 227  ; 2 1 1 1 1 2 
18.85 ; 7.259e-06 ; True ; 60 190 395 414  ; 1 1 1 1 2 2 
19.55 ; 1.076e-05 ; True ; 190 193 265 414  ; 2 1 1 2 1 2 
21.62 ; 1.31e-05 ; True ; 83 190 349 414  ; 1 1 2 2 1 2 
27.65 ; 1.367e-05 ; True ; 130 190 225 345 395  ; 3 1 1 1 2 2 
29.38 ; 2.569e-05 ; True ; 44 190 251 287 414  ; 2 1 2 2 1 3 
36.99 ; 3.641e-05 ; True ; 47 112 190 225 414  ; 2 1 2 2 2 2 
47.88 ; 3.861e-05 ; True ; 116 190 209 224 395 414  ; 3 1 1 2 3 3 
50.93 ; 5.157e-05 ; True ; 13 124 126 190 225 251  ; 2 1 2 2 2 4 
58.96 ; 5.598e-05 ; True ; 140 157 190 205 225 300  ; 3 1 2 3 2 2 
59.94 ; 5.828e-05 ; True ; 13 190 209 314 389 415  ; 2 1 2 3 2 3 
60.1 ; 6.65e-05 ; True ; 13 70 140 190 225 230  ; 2 1 3 3 2 2 
63.74 ; 6.991e-05 ; True ; 0 155 190 207 225 265 349  ; 4 1 3 3 1 4 
71.92 ; 7.014e-05 ; True ; 5 112 190 225 265 337 414  ; 3 1 2 3 2 3 
72.27 ; 8.055e-05 ; True ; 13 113 145 155 190 349 409  ; 3 1 2 4 2 3 
75.59 ; 8.685e-05 ; True ; 175 176 190 301 314 389 395  ; 4 1 2 3 2 4 
83.37 ; 8.874e-05 ; True ; 36 190 251 287 311 314 367  ; 3 1 3 2 2 4 
88.14 ; 9.394e-05 ; True ; 49 75 96 190 225 246 345 414  ; 3 1 2 3 3 3 
89.95 ; 0.0001062 ; True ; 116 176 190 209 224 270 395 414  ; 3 1 2 3 3 4 
96.11 ; 0.0001134 ; True ; 190 199 229 251 280 349 392 414  ; 3 1 3 3 2 4 
101.4 ; 0.0001281 ; True ; 77 139 140 190 251 314 349  ; 2 1 3 4 3 3 
104 ; 0.0001334 ; True ; 13 58 126 190 202 225 254 362 398  ; 4 1 3 3 2 5 
112.3 ; 0.0001399 ; True ; 13 129 167 190 225 309 312 349 401  ; 3 1 3 4 2 5 
126.4 ; 0.0001532 ; True ; 13 65 111 175 190 207 251 287 401  ; 4 1 3 4 2 5 
141.9 ; 0.0001708 ; True ; 75 120 190 207 225 314 349 363 376  ; 3 1 4 3 3 3 
146.9 ; 0.0001745 ; True ; 155 190 216 251 260 274 349 353 388 402 414  ; 5 1 3 3 3 4 
150 ; 0.0001866 ; True ; 65 107 118 190 199 225 229 311 346 349  ; 4 1 3 3 3 6 
152.8 ; 0.000191 ; True ; 88 118 155 156 190 246 254 340 349 389  ; 4 1 3 4 3 4 
171.2 ; 0.0001931 ; True ; 0 44 74 89 190 216 253 349 400 414 415  ; 3 1 4 3 3 4 
175.7 ; 0.000199 ; True ; 0 65 66 155 190 224 314 329 345 389 398  ; 4 1 3 3 4 4 
177.7 ; 0.0002295 ; True ; 13 39 116 155 188 190 193 203 225 257 328  ; 4 1 3 3 4 7 
178 ; 0.0002382 ; True ; 157 190 263 289 297 311 349 353 405 414  ; 3 1 4 4 3 5 
184.4 ; 0.0002413 ; True ; 127 164 190 193 199 202 287 303 349 389 414  ; 3 1 4 5 3 4 
196.9 ; 0.0002455 ; True ; 0 157 190 206 227 238 348 349 363 395 414  ; 4 1 3 4 4 5 
199.7 ; 0.0002713 ; True ; 76 118 190 270 297 337 349 371 395 409 411 414  ; 3 1 3 4 5 7 
236.3 ; 0.0002754 ; True ; 107 112 186 190 207 221 255 284 309 314 349 366  ; 5 1 3 6 4 4 
238.2 ; 0.0002978 ; True ; 27 36 58 90 126 190 227 255 265 297 327 349  ; 3 1 4 4 4 6 
246.9 ; 0.000305 ; True ; 70 96 155 182 190 193 237 265 297 397 409 414  ; 7 1 3 5 4 6 
263.6 ; 0.0003113 ; True ; 105 156 190 230 259 287 307 312 323 332 349 351 414  ; 5 1 4 5 3 6 
272.5 ; 0.0003241 ; True ; 127 190 193 199 202 240 247 287 303 328 349 389 414  ; 3 1 4 5 4 6 
282.3 ; 0.0003319 ; True ; 44 47 83 106 180 190 287 314 332 335 399 407  ; 5 1 4 5 4 4 
296.8 ; 0.0003573 ; True ; 190 216 254 256 265 275 301 312 313 314 332 367 414  ; 5 1 5 3 5 4 


RUN 7:
Optimum Distance: 8.886
Optimal Team: 83,190,414,
Required Skills: 0 1 4 10 23 24 
Distance; Skill Score; isValid; Team; Skill Counts
8.886 ; 2.484e-06 ; True ; 83 190 414  ; 1 1 1 1 1 1 
11.88 ; 4.087e-06 ; True ; 190 349 395  ; 1 1 1 1 1 2 
16.65 ; 6.393e-06 ; True ; 8 83 190 414  ; 2 1 1 1 1 2 
18.41 ; 6.541e-06 ; True ; 112 190 314 331  ; 2 1 1 2 1 1 
18.72 ; 9.642e-06 ; True ; 83 190 225 395  ; 3 1 1 1 1 3 
20.65 ; 1.076e-05 ; True ; 175 190 246 414  ; 2 1 1 2 1 2 
20.67 ; 1.136e-05 ; True ; 155 190 349 395  ; 2 1 1 1 2 2 
20.72 ; 1.526e-05 ; True ; 190 225 349 395  ; 2 1 2 1 1 3 
29.27 ; 1.623e-05 ; True ; 83 116 190 209 297  ; 3 1 1 2 1 3 
30.27 ; 1.655e-05 ; True ; 83 190 209 327 414  ; 3 1 1 3 1 2 
31.14 ; 1.733e-05 ; True ; 0 65 190 362 414  ; 1 1 2 1 2 3 
31.52 ; 1.912e-05 ; True ; 156 190 301 410 414  ; 2 1 1 2 2 2 
32.42 ; 2.05e-05 ; True ; 0 174 190 251 414  ; 2 1 2 2 1 2 
32.43 ; 2.328e-05 ; True ; 188 190 209 255 414  ; 1 1 2 2 2 2 
34.97 ; 2.569e-05 ; True ; 112 190 287 389 414  ; 2 1 2 2 1 3 
36.45 ; 3.494e-05 ; True ; 190 193 225 349 395  ; 3 1 2 2 1 4 
45.33 ; 3.683e-05 ; True ; 190 209 251 296 395 414  ; 3 1 1 3 2 3 
47.02 ; 4.562e-05 ; True ; 0 65 190 200 362 414  ; 2 1 2 2 2 3 
52.53 ; 5.491e-05 ; True ; 36 112 155 190 225 349  ; 3 1 2 2 2 3 
56.19 ; 6.11e-05 ; True ; 190 215 225 255 349 395  ; 2 1 2 2 3 3 
68.97 ; 6.207e-05 ; True ; 83 106 190 349 376 395  ; 3 1 2 2 2 4 
72.81 ; 6.266e-05 ; True ; 112 118 190 199 225 263 314  ; 3 1 3 2 2 2 
72.92 ; 6.523e-05 ; True ; 188 190 256 265 309 311 414  ; 2 1 3 2 2 3 
73.39 ; 6.972e-05 ; True ; 155 190 290 297 300 349 414  ; 2 1 3 2 3 2 
73.95 ; 7.805e-05 ; True ; 13 83 190 193 266 309 414  ; 2 1 2 3 3 3 
77.53 ; 9.418e-05 ; True ; 60 190 200 225 314 328 349  ; 2 1 3 3 2 4 
86.34 ; 0.0001062 ; True ; 0 65 157 190 200 362 371 414  ; 3 1 2 3 3 4 
92.26 ; 0.0001116 ; True ; 41 58 155 190 255 297 302 314  ; 2 1 3 3 3 3 
100.9 ; 0.0001258 ; True ; 190 225 255 278 314 321 392 414  ; 3 1 3 2 4 3 
109.1 ; 0.0001399 ; True ; 24 175 190 225 389 395 405 414  ; 4 1 3 2 3 5 
130.7 ; 0.0001598 ; True ; 156 157 190 255 351 385 395 409 414  ; 4 1 2 4 4 4 
134.5 ; 0.0001694 ; True ; 0 65 75 111 155 190 251 324 413 414  ; 2 1 3 3 4 6 
146.4 ; 0.0002038 ; True ; 45 75 152 156 157 190 261 349 414  ; 3 1 3 5 3 5 
146.9 ; 0.0002075 ; True ; 0 118 185 190 199 225 263 314 324 395  ; 3 1 4 3 3 5 
170.4 ; 0.0002476 ; True ; 0 107 112 137 140 188 190 251 306 414  ; 3 1 5 3 3 5 
191.5 ; 0.0002726 ; True ; 156 190 205 217 225 287 306 314 324 355 414  ; 4 1 4 4 3 6 
202.6 ; 0.0003136 ; True ; 0 65 126 190 225 230 287 297 324 362 380 386 392  ; 4 1 4 5 3 9 
236.7 ; 0.0003262 ; True ; 66 96 105 190 208 301 314 349 362 379 392 414  ; 4 1 4 4 4 6 
258.6 ; 0.0003333 ; True ; 155 158 190 251 252 297 345 349 379 395 413 414 419  ; 4 1 4 7 3 7 
274.5 ; 0.000349 ; True ; 0 118 185 190 199 225 263 266 297 314 324 390 395  ; 3 1 5 3 5 6 

RUN 8:
Optimum Distance: 8.886
Optimal Team: 83,190,414,
Required Skills: 0 1 4 10 23 24 
Distance; Skill Score; isValid; Team; Skill Counts
8.886 ; 2.484e-06 ; True ; 83 190 414  ; 1 1 1 1 1 1 
11.85 ; 4.087e-06 ; True ; 13 190 395  ; 1 1 1 1 1 2 
16.78 ; 6.902e-06 ; True ; 190 345 395 414  ; 2 1 1 1 2 1 
16.81 ; 1.136e-05 ; True ; 83 190 395 414  ; 2 1 1 1 2 2 
24.69 ; 1.222e-05 ; True ; 13 190 255 395  ; 1 1 1 2 2 2 
24.75 ; 1.349e-05 ; True ; 45 190 349 395  ; 2 1 1 2 1 3 
28.48 ; 1.526e-05 ; True ; 74 190 225 287 362  ; 2 1 2 1 1 3 
28.64 ; 1.655e-05 ; True ; 156 190 258 311 414  ; 3 1 1 3 1 2 
29.7 ; 2.05e-05 ; True ; 0 159 190 209 414  ; 2 1 2 2 1 2 
31.42 ; 2.569e-05 ; True ; 60 190 225 332 349  ; 2 1 2 2 1 3 
39.3 ; 2.619e-05 ; True ; 13 190 197 314 418  ; 2 1 2 3 1 2 
40.16 ; 2.71e-05 ; True ; 155 190 253 287 297 395  ; 2 1 2 1 2 3 
42.32 ; 2.883e-05 ; True ; 91 190 209 276 395 414  ; 3 1 1 2 2 3 
42.58 ; 2.917e-05 ; True ; 75 140 190 349 362  ; 1 1 2 2 2 3 
43.13 ; 3.687e-05 ; True ; 33 188 190 225 251 395  ; 3 1 2 1 2 4 
49.21 ; 3.861e-05 ; True ; 28 83 190 209 395 414  ; 3 1 1 2 3 3 
49.82 ; 3.985e-05 ; True ; 13 65 107 190 225 324  ; 2 1 2 3 1 5 
50.97 ; 5.598e-05 ; True ; 107 190 264 301 314 414  ; 3 1 2 3 2 2 
53.47 ; 6.207e-05 ; True ; 13 92 112 190 395 414  ; 3 1 2 2 2 4 
61.74 ; 6.523e-05 ; True ; 13 140 155 190 297 418  ; 2 1 3 2 2 3 
65.38 ; 6.906e-05 ; True ; 22 44 127 190 287 395 414  ; 2 1 2 2 3 4 
69.82 ; 7.565e-05 ; True ; 13 21 60 190 314 362 395  ; 2 1 2 4 2 4 
73.13 ; 7.684e-05 ; True ; 107 190 258 301 314 385 414  ; 4 1 2 3 2 3 
82.82 ; 7.928e-05 ; True ; 0 41 43 44 190 302 366 414  ; 3 1 2 3 2 4 
88.21 ; 9.569e-05 ; True ; 13 107 140 157 190 209 351  ; 2 1 3 4 2 3 
98.39 ; 0.0001046 ; True ; 13 47 76 107 170 190 246 414  ; 3 1 2 6 2 4 
103.3 ; 0.0001079 ; True ; 44 51 117 190 264 311 349 414  ; 3 1 2 4 3 3 
103.3 ; 0.000127 ; True ; 13 47 92 112 190 232 395 414  ; 3 1 2 3 4 4 
105.4 ; 0.0001334 ; True ; 44 58 182 190 251 314 389 414  ; 4 1 3 3 2 5 
124.9 ; 0.0001365 ; True ; 70 83 126 156 190 229 232 297 314  ; 3 1 2 3 4 5 
129.3 ; 0.0001552 ; True ; 13 51 107 170 190 216 246 389 414  ; 4 1 3 5 2 4 
131 ; 0.0001631 ; True ; 13 47 124 190 229 297 301 322 414  ; 3 1 3 3 3 5 
132.1 ; 0.0001663 ; True ; 13 103 126 190 225 237 258 274 314  ; 4 1 3 3 3 4 
143.6 ; 0.0001704 ; True ; 13 75 91 190 215 225 287 301 317 332  ; 3 1 3 3 3 6 
146.9 ; 0.0001745 ; True ; 2 175 190 314 331 348 389 395 414  ; 5 1 3 3 3 4 
156 ; 0.0001931 ; True ; 13 65 104 164 188 190 221 371 401 414  ; 3 1 4 3 3 4 
157.8 ; 0.0002052 ; True ; 13 47 116 190 229 279 297 301 322 414  ; 4 1 3 4 3 5 
159.3 ; 0.0002075 ; True ; 0 116 126 190 221 251 297 345 349 390  ; 3 1 4 3 3 5 
176.2 ; 0.0002123 ; True ; 13 137 140 159 175 188 190 297 386 418  ; 3 1 5 4 2 5 
177.9 ; 0.0002219 ; True ; 58 155 190 193 225 230 271 303 324 333 414  ; 5 1 4 3 3 4 
187 ; 0.0002341 ; True ; 65 113 126 174 175 176 190 314 336 349 409  ; 3 1 3 4 4 6 
190.6 ; 0.0002557 ; True ; 0 13 47 124 190 229 297 301 324 385 414  ; 3 1 4 4 3 7 
212.4 ; 0.0002655 ; True ; 83 130 155 188 190 193 199 200 346 351 371 414  ; 5 1 4 3 4 4 
219.1 ; 0.0002703 ; True ; 74 106 186 190 209 289 300 303 349 395 414  ; 5 1 3 4 5 4 
219.9 ; 0.0002851 ; True ; 63 188 190 193 225 230 280 329 355 363 395 414  ; 7 1 4 4 3 5 
237.7 ; 0.000286 ; True ; 145 157 190 225 231 265 275 287 309 397 413 414  ; 5 1 4 4 3 6 
241.1 ; 0.0002978 ; True ; 0 39 190 199 229 251 255 266 287 297 300 309 378  ; 3 1 4 4 4 6 
243.2 ; 0.000298 ; True ; 177 190 225 238 273 297 345 349 362 370 402 414  ; 5 1 4 5 3 5 
245.6 ; 0.0003063 ; True ; 170 190 225 231 287 290 328 332 349 401 405 418  ; 5 1 4 3 4 7 
252.6 ; 0.0003094 ; True ; 83 157 176 188 190 227 246 270 305 314 329 367  ; 3 1 5 5 3 5 
262.6 ; 0.0003109 ; True ; 190 225 232 278 279 280 290 297 314 344 362 380 414  ; 3 1 5 3 5 4 
268.7 ; 0.0003155 ; True ; 2 4 13 28 47 54 116 142 190 225 320 414  ; 4 1 4 5 5 3 
280.8 ; 0.0003352 ; True ; 77 140 185 190 232 309 326 349 351 395 397 418  ; 4 1 4 4 4 7 

RUN 9:
Optimum Distance: 8.886
Optimal Team: 83,190,414,
Required Skills: 0 1 4 10 23 24 
Distance; Skill Score; isValid; Team; Skill Counts
8.886 ; 2.484e-06 ; True ; 83 190 414  ; 1 1 1 1 1 1 
15.86 ; 4.087e-06 ; True ; 44 190 247 414  ; 1 1 1 1 1 2 
15.88 ; 4.412e-06 ; True ; 76 155 190 414  ; 1 1 1 1 2 1 
16.77 ; 6.393e-06 ; True ; 0 155 190 209  ; 2 1 1 1 1 2 
18.52 ; 6.541e-06 ; True ; 112 142 190 414  ; 2 1 1 2 1 1 
18.77 ; 6.902e-06 ; True ; 73 190 395 414  ; 2 1 1 1 2 1 
19.6 ; 1.136e-05 ; True ; 190 362 395 414  ; 2 1 1 1 2 2 
23.49 ; 1.218e-05 ; True ; 190 225 265 314  ; 2 1 2 1 1 2 
23.67 ; 1.31e-05 ; True ; 190 349 414 418  ; 1 1 2 2 1 2 
29.16 ; 1.375e-05 ; True ; 157 190 265 389 399  ; 2 1 1 3 1 2 
29.63 ; 1.383e-05 ; True ; 0 190 251 321 414  ; 1 1 2 1 2 2 
29.64 ; 1.623e-05 ; True ; 43 44 190 209 414  ; 3 1 1 2 1 3 
30.54 ; 1.642e-05 ; True ; 13 127 190 222 349  ; 1 1 2 2 1 3 
31.36 ; 1.713e-05 ; True ; 130 190 225 251 395  ; 3 1 1 1 2 3 
32.41 ; 2.05e-05 ; True ; 73 83 190 297 414  ; 2 1 2 2 1 2 
32.46 ; 2.395e-05 ; True ; 190 209 328 349 401  ; 2 1 1 2 2 3 
37.24 ; 2.569e-05 ; True ; 53 190 349 409 414  ; 2 1 2 2 1 3 
38.18 ; 2.931e-05 ; True ; 190 225 349 364 414  ; 2 1 3 2 1 2 
40.53 ; 3.641e-05 ; True ; 140 190 251 414 418  ; 2 1 2 2 2 2 
49.18 ; 4.162e-05 ; True ; 190 209 265 328 349 401  ; 3 1 1 3 2 4 
51.33 ; 4.382e-05 ; True ; 83 190 258 274 314 414  ; 3 1 2 2 2 2 
52.24 ; 5.206e-05 ; True ; 83 175 190 256 314 414  ; 2 1 3 2 2 2 
55.91 ; 5.28e-05 ; True ; 152 188 190 225 349 414  ; 2 1 4 2 1 4 
57.93 ; 5.491e-05 ; True ; 140 154 190 225 251 395  ; 3 1 2 2 2 3 
59.57 ; 5.828e-05 ; True ; 58 70 107 190 414 418  ; 2 1 2 3 2 3 
66.81 ; 6.229e-05 ; True ; 58 155 190 209 255 279 414  ; 2 1 2 3 3 2 
69.81 ; 6.693e-05 ; True ; 44 130 190 251 342 349 414  ; 2 1 2 4 2 3 
73.52 ; 6.906e-05 ; True ; 13 127 190 222 277 349 395  ; 2 1 2 2 3 4 
73.7 ; 7.851e-05 ; True ; 152 190 225 255 314 397  ; 3 1 3 2 2 3 
77.25 ; 8.333e-05 ; True ; 107 118 190 191 246 349 414  ; 2 1 3 3 2 3 
78.55 ; 8.824e-05 ; True ; 107 140 174 190 251 414 418  ; 4 1 2 4 2 3 
81.89 ; 9.105e-05 ; True ; 58 70 107 190 205 414 418  ; 3 1 2 4 2 4 
88.76 ; 9.112e-05 ; True ; 17 113 174 190 225 301 392 414  ; 5 1 2 3 2 4 
90.48 ; 0.0001051 ; True ; 13 19 140 190 229 314 395  ; 3 1 3 2 3 3 
98.09 ; 0.0001088 ; True ; 75 77 190 251 255 349 352 414  ; 2 1 2 4 3 5 
102.4 ; 0.0001134 ; True ; 152 190 225 255 257 314 397  ; 3 1 3 3 2 4 
105.1 ; 0.0001334 ; True ; 13 19 140 190 225 229 270 395  ; 4 1 3 3 2 5 
119.7 ; 0.0001743 ; True ; 13 129 144 190 246 314 332 349 386  ; 3 1 3 4 3 4 
141.6 ; 0.0001936 ; True ; 0 54 156 190 225 255 256 283 349  ; 3 1 4 5 2 5 
160.3 ; 0.0002039 ; True ; 12 13 155 190 218 248 255 287 332 349 386  ; 3 1 3 3 4 6 
169.2 ; 0.0002057 ; True ; 5 45 188 190 221 225 254 287 295 349 386  ; 2 1 5 3 3 5 
170.7 ; 0.0002203 ; True ; 0 13 71 126 182 190 193 197 277 301 414  ; 4 1 3 4 3 7 
184.7 ; 0.0002531 ; True ; 13 19 119 127 140 190 229 287 314 395  ; 4 1 4 3 4 4 
202.2 ; 0.0002833 ; True ; 13 39 83 99 188 190 216 229 235 255 297 414  ; 4 1 5 3 3 6 
232.4 ; 0.0003102 ; True ; 5 58 155 164 190 225 235 242 255 297 309 349 415  ; 3 1 4 5 4 5 
244.3 ; 0.0003286 ; True ; 157 174 190 225 283 326 328 349 362 399 407 414  ; 5 1 4 6 3 6 
292.1 ; 0.0003648 ; True ; 0 143 188 190 193 237 255 328 346 349 366 367 381  ; 4 1 4 5 4 7 
315.7 ; 0.0004114 ; True ; 13 43 190 306 314 328 349 351 362 389 395 408 410  ; 4 1 4 5 5 7 

RUN 10:
Optimum Distance: 8.886
Optimal Team: 83,190,414,
Required Skills: 0 1 4 10 23 24 
Distance; Skill Score; isValid; Team; Skill Counts
9.824 ; 2.484e-06 ; True ; 112 190 414  ; 1 1 1 1 1 1 
11.85 ; 4.087e-06 ; True ; 13 190 395  ; 1 1 1 1 1 2 
16.85 ; 6.902e-06 ; True ; 44 155 190 414  ; 2 1 1 1 2 1 
19.61 ; 7.785e-06 ; True ; 0 190 265 414  ; 1 1 2 1 1 2 
19.68 ; 9.096e-06 ; True ; 13 126 190 395  ; 1 1 1 1 2 3 
20.48 ; 1.076e-05 ; True ; 190 301 414 418  ; 2 1 1 2 1 2 
20.72 ; 1.526e-05 ; True ; 190 225 349 395  ; 2 1 2 1 1 3 
20.76 ; 1.642e-05 ; True ; 13 190 349 395  ; 1 1 2 2 1 3 
29.6 ; 2.371e-05 ; True ; 13 190 270 349 395  ; 1 1 2 3 1 4 
32.5 ; 2.569e-05 ; True ; 0 190 389 409 414  ; 2 1 2 2 1 3 
33.6 ; 2.71e-05 ; True ; 0 156 190 395 414  ; 2 1 2 1 2 3 
35.05 ; 3.092e-05 ; True ; 13 190 209 225 401  ; 3 1 2 2 1 3 
37.32 ; 3.281e-05 ; True ; 190 225 251 255 349  ; 2 1 2 3 1 3 
37.5 ; 3.494e-05 ; True ; 190 225 349 389 395  ; 3 1 2 2 1 4 
41.29 ; 3.641e-05 ; True ; 44 190 314 349 401  ; 2 1 2 2 2 2 
43.15 ; 4.524e-05 ; True ; 13 75 129 190 349 395  ; 1 1 2 3 2 5 
45.26 ; 4.576e-05 ; True ; 13 83 190 270 349 395  ; 2 1 2 4 1 5 
52.06 ; 5.491e-05 ; True ; 89 155 190 225 255 349  ; 3 1 2 2 2 3 
57.84 ; 6.059e-05 ; True ; 13 33 75 129 190 349 395  ; 1 1 2 3 3 5 
61.11 ; 7.394e-05 ; True ; 13 75 190 270 274 349 395  ; 2 1 2 3 2 6 
68.67 ; 9.105e-05 ; True ; 13 156 157 190 200 287 395  ; 3 1 2 4 2 4 
78.53 ; 0.0001137 ; True ; 13 75 118 190 251 270 349 395  ; 2 1 2 4 3 6 
101 ; 0.0001188 ; True ; 83 143 190 225 247 287 332 338 414  ; 3 1 3 2 3 4 
101.1 ; 0.0001214 ; True ; 0 54 190 287 311 328 349 392  ; 2 1 3 4 2 6 
105.3 ; 0.0001277 ; True ; 13 44 97 190 229 235 287 306 414  ; 3 1 3 2 3 5 
120.4 ; 0.0001302 ; True ; 48 140 142 190 287 347 349 392  ; 3 1 3 4 2 4 
125 ; 0.0001518 ; True ; 50 95 152 156 190 314 349 414  ; 3 1 3 3 3 4 
125.3 ; 0.0001631 ; True ; 13 75 113 190 225 335 362 389 399  ; 3 1 3 3 3 5 
125.8 ; 0.0001663 ; True ; 45 76 97 190 207 225 338 367 414  ; 4 1 3 3 3 4 
136.3 ; 0.000191 ; True ; 12 44 70 146 155 190 314 349 367  ; 4 1 3 4 3 4 
151.7 ; 0.000199 ; True ; 41 65 77 109 190 225 255 287 376 414  ; 4 1 3 3 4 4 
174.5 ; 0.0003055 ; True ; 59 68 190 193 225 284 287 314 349 395 414  ; 5 1 5 3 3 7 
285.8 ; 0.0004689 ; True ; 165 190 193 205 225 284 287 314 320 343 349 395 414  ; 6 1 5 5 4 7 

