Iteration: 400
 Population Size: 1000
RUN 1:
Optimum Distance: 11.84
Optimal Team: 19,276,499,
Required Skills: 0 1 4 9 10 18 23 24 
Distance; Skill Score; isValid; Team; Skill Counts
12.68 ; 2.368e-08 ; True ; 19 276 610  ; 1 1 1 2 1 1 1 1 
14.81 ; 2.763e-08 ; True ; 71 157 276  ; 1 1 1 1 1 2 1 1 
18.85 ; 4.882e-08 ; True ; 276 432 545 614  ; 1 1 1 1 1 2 1 2 
20.63 ; 7.744e-08 ; True ; 71 257 276 410  ; 1 1 1 2 2 2 1 1 
21.68 ; 7.863e-08 ; True ; 71 276 280 633  ; 1 1 1 2 2 1 2 1 
22.7 ; 1.368e-07 ; True ; 71 276 280 614  ; 1 1 1 2 2 2 1 2 
24.75 ; 1.435e-07 ; True ; 276 385 499 530  ; 1 1 1 2 2 2 2 1 
34.41 ; 1.597e-07 ; True ; 276 343 397 399 491  ; 2 1 1 3 2 2 1 1 
35.45 ; 1.97e-07 ; True ; 13 66 71 276 410  ; 1 1 1 2 2 3 2 1 
37.4 ; 2.346e-07 ; True ; 50 257 276 534 546  ; 2 1 1 2 2 2 1 2 
38.22 ; 3.38e-07 ; True ; 71 102 276 340 438  ; 2 1 2 2 1 2 1 3 
39.05 ; 4.308e-07 ; True ; 19 71 257 276 410  ; 1 1 2 3 3 2 1 2 
53.06 ; 1.031e-06 ; True ; 19 276 343 473 499 546  ; 2 1 1 4 3 2 2 3 
67.02 ; 1.166e-06 ; True ; 19 66 71 276 400 614  ; 1 1 2 4 3 2 2 3 
69.25 ; 1.94e-06 ; True ; 64 88 102 276 499 525 530  ; 4 1 2 4 3 2 1 4 
88.03 ; 2.407e-06 ; True ; 102 276 410 475 597 610 629  ; 3 1 2 3 2 3 2 3 
99.65 ; 3.037e-06 ; True ; 64 88 102 276 499 515 530 626  ; 3 1 3 3 2 2 2 4 
107.5 ; 3.282e-06 ; True ; 19 164 174 276 378 456 467 610  ; 4 1 2 3 3 2 2 4 
113.1 ; 5.338e-06 ; True ; 71 96 99 276 324 499 525 530 633  ; 3 1 2 4 3 2 4 4 
118.4 ; 5.552e-06 ; True ; 276 280 385 399 456 530 545 606  ; 3 1 3 3 4 2 2 5 
148.5 ; 8.412e-06 ; True ; 71 96 99 276 304 324 499 525 530 633  ; 4 1 2 4 4 2 4 5 
172.2 ; 9.712e-06 ; True ; 71 96 99 276 311 324 335 399 499 525 633  ; 5 1 2 5 4 2 4 5 
224.7 ; 9.925e-06 ; True ; 63 184 258 276 282 310 379 385 466 530 604 626  ; 3 1 2 4 4 3 4 5 
233.9 ; 1.063e-05 ; True ; 168 215 276 293 467 469 490 491 530 552 612  ; 5 1 3 2 3 4 4 3 
235.1 ; 1.438e-05 ; True ; 66 102 129 234 276 306 343 488 490 534 546 610  ; 6 1 2 6 4 4 3 5 
261.8 ; 1.835e-05 ; True ; 19 33 37 64 66 225 276 343 410 499 551 552  ; 4 1 4 5 4 3 3 5 
298.9 ; 2.158e-05 ; True ; 19 39 121 246 271 276 340 343 454 499 548 614 624  ; 4 1 3 5 6 4 3 5 
310.1 ; 2.694e-05 ; True ; 19 64 71 99 142 147 274 276 323 382 433 469 491 543  ; 4 1 4 5 3 4 5 5 
358.1 ; 2.694e-05 ; True ; 64 71 110 118 233 255 276 303 323 340 466 491 534 629  ; 4 1 4 6 3 6 4 4 
367.5 ; 3.131e-05 ; True ; 19 124 233 246 274 276 323 340 342 426 427 475 530 555 604 633  ; 4 1 7 7 5 2 4 5 
428.2 ; 3.306e-05 ; True ; 64 71 110 233 276 323 340 359 452 466 491 513 534 580 629  ; 4 1 4 5 3 7 5 4 
440.8 ; 3.668e-05 ; True ; 0 10 147 233 276 340 356 465 469 475 481 499 508 562 608 610  ; 7 1 4 6 3 4 5 6 
469 ; 4.216e-05 ; True ; 90 106 154 248 276 332 340 378 385 432 469 490 530 570 586 633  ; 5 1 3 4 6 4 6 7 
501.8 ; 4.411e-05 ; True ; 19 186 188 276 322 337 357 385 417 449 466 528 530 560 606 614  ; 6 1 4 4 5 5 4 6 
534.3 ; 5.124e-05 ; True ; 183 276 390 409 432 437 471 491 499 530 586 589 610 613 617 633 634  ; 7 1 3 8 5 5 6 6 

RUN 2:
Optimum Distance: 11.84
Optimal Team: 19,276,499,
Required Skills: 0 1 4 9 10 18 23 24 
Distance; Skill Score; isValid; Team; Skill Counts
12.8 ; 1.514e-08 ; True ; 276 530 610  ; 1 1 1 1 1 1 1 1 
15.84 ; 2.763e-08 ; True ; 157 276 385  ; 1 1 1 1 1 2 1 1 
19.63 ; 4.058e-08 ; True ; 258 276 399 610  ; 2 1 1 2 1 1 1 1 
21.64 ; 4.184e-08 ; True ; 121 181 276 491  ; 1 1 1 2 1 1 1 2 
22.46 ; 4.794e-08 ; True ; 71 276 438 597  ; 1 1 1 1 2 1 1 2 
23.2 ; 5.035e-08 ; True ; 88 271 276 499  ; 1 1 1 3 1 1 1 2 
23.64 ; 7.406e-08 ; True ; 276 410 499 623  ; 2 1 1 2 1 2 1 1 
23.7 ; 7.744e-08 ; True ; 158 276 323 385  ; 1 1 1 2 2 2 1 1 
24.45 ; 1.012e-07 ; True ; 19 71 276 472  ; 1 1 1 2 3 1 1 2 
27.66 ; 1.698e-07 ; True ; 66 157 276 610  ; 3 1 1 2 1 2 1 2 
32.49 ; 2.49e-07 ; True ; 0 276 499 525 530  ; 2 1 2 2 2 1 1 2 
37.35 ; 2.866e-07 ; True ; 276 353 546 604 633  ; 2 1 1 3 2 1 2 2 
43.2 ; 3.043e-07 ; True ; 74 157 276 306 385  ; 3 1 1 2 2 2 1 2 
44.39 ; 3.663e-07 ; True ; 157 271 276 293 610  ; 3 1 1 3 2 2 1 2 
46.85 ; 1.351e-06 ; True ; 19 90 276 340 499 528  ; 2 1 2 3 2 2 2 3 
74.93 ; 1.378e-06 ; True ; 0 70 71 267 276 389 499  ; 3 1 1 4 3 3 2 2 
75.79 ; 1.499e-06 ; True ; 121 237 276 353 356 475 633  ; 2 1 2 4 3 2 2 2 
76.07 ; 2.032e-06 ; True ; 19 90 276 340 499 528 553  ; 2 1 2 4 2 3 2 3 
79.38 ; 2.147e-06 ; True ; 16 71 102 274 276 469 633  ; 2 1 2 2 2 3 3 3 
95.43 ; 2.62e-06 ; True ; 184 185 276 339 499 525 530 614  ; 2 1 2 3 4 2 2 4 
107.2 ; 2.663e-06 ; True ; 164 183 276 452 456 525 610 614  ; 4 1 2 4 2 2 2 4 
117.6 ; 4.303e-06 ; True ; 157 158 276 469 510 546 629 633  ; 3 1 2 4 3 2 3 4 
124.2 ; 4.571e-06 ; True ; 181 212 213 257 276 340 438 499 624  ; 4 1 2 3 3 2 3 4 
137.7 ; 4.663e-06 ; True ; 164 183 234 276 452 456 525 610 614  ; 5 1 2 5 3 2 2 5 
150.3 ; 6.621e-06 ; True ; 84 88 262 276 340 466 469 530 551 610  ; 3 1 3 4 2 3 4 3 
150.9 ; 8.01e-06 ; True ; 136 157 164 206 256 276 432 624 633  ; 5 1 3 4 3 2 3 4 
184.5 ; 9.78e-06 ; True ; 49 102 121 157 276 353 536 604 610 614  ; 5 1 2 5 3 5 2 6 
197.6 ; 1.005e-05 ; True ; 19 71 96 121 276 346 437 467 469 541 633  ; 4 1 2 4 4 3 5 3 
221.8 ; 1.451e-05 ; True ; 16 19 261 274 276 340 482 499 528 553 606  ; 4 1 4 4 3 3 3 5 
239.2 ; 1.533e-05 ; True ; 71 72 80 97 157 235 276 475 498 519 633  ; 4 1 3 5 4 3 5 3 
269.7 ; 1.74e-05 ; True ; 74 181 212 276 280 340 410 461 491 513 573 610  ; 5 1 4 6 3 5 2 5 
287.2 ; 2.594e-05 ; True ; 71 88 111 168 276 340 378 411 439 461 499 530 595  ; 5 1 3 6 5 3 4 7 
351 ; 2.969e-05 ; True ; 71 105 110 145 156 275 276 301 304 340 361 385 456 573  ; 4 1 3 6 4 5 5 5 
368.8 ; 3.331e-05 ; True ; 104 181 193 276 340 357 385 433 434 456 467 491 499 555 614  ; 5 1 4 6 3 6 4 5 
412.6 ; 3.389e-05 ; True ; 257 276 285 293 304 305 421 470 475 534 577 610 611 614 623  ; 6 1 3 6 5 5 4 5 
442.1 ; 3.632e-05 ; True ; 6 19 47 102 168 246 276 308 333 340 409 410 466 470 528 546 597  ; 5 1 3 5 6 6 3 8 
479 ; 5.354e-05 ; True ; 65 104 181 193 276 340 357 385 433 434 456 467 491 530 555 610 614  ; 5 1 5 7 4 6 4 6 
500.6 ; 6.145e-05 ; True ; 104 181 276 340 357 385 397 434 439 456 467 491 530 541 555 610 614  ; 7 1 5 8 5 5 4 6 

RUN 3:
Optimum Distance: 11.84
Optimal Team: 19,276,499,
Required Skills: 0 1 4 9 10 18 23 24 
Distance; Skill Score; isValid; Team; Skill Counts
12.8 ; 1.514e-08 ; True ; 276 530 610  ; 1 1 1 1 1 1 1 1 
14.81 ; 2.763e-08 ; True ; 71 157 276  ; 1 1 1 1 1 2 1 1 
19.52 ; 4.585e-08 ; True ; 274 276 311 610  ; 2 1 1 1 1 1 1 2 
19.78 ; 4.808e-08 ; True ; 276 378 499 633  ; 2 1 1 1 1 1 2 1 
21.72 ; 4.951e-08 ; True ; 81 112 276 410  ; 1 1 1 1 2 2 1 1 
21.73 ; 8.218e-08 ; True ; 276 311 499 530  ; 2 1 1 1 2 1 1 2 
23.3 ; 9.024e-08 ; True ; 19 276 461 610  ; 1 1 1 3 2 1 1 2 
24.62 ; 1.368e-07 ; True ; 71 234 276 614  ; 1 1 1 2 2 2 1 2 
26.68 ; 2.346e-07 ; True ; 157 276 385 432  ; 2 1 1 2 2 2 1 2 
40.23 ; 4.057e-07 ; True ; 112 157 228 276 469  ; 3 1 1 2 2 2 1 3 
43.97 ; 4.121e-07 ; True ; 81 88 234 276 385  ; 1 1 1 3 3 2 2 2 
48.16 ; 4.354e-07 ; True ; 23 71 276 358 530 623  ; 3 1 1 3 4 1 1 3 
52.14 ; 5.159e-07 ; True ; 71 257 276 280 322 456  ; 2 1 1 3 3 1 2 3 
52.24 ; 5.419e-07 ; True ; 106 276 385 456 499 604  ; 2 1 1 3 1 2 3 3 
52.55 ; 6.342e-07 ; True ; 19 110 181 276 597 610  ; 2 1 1 3 2 1 3 4 
53.02 ; 1.004e-06 ; True ; 104 257 276 340 385 499  ; 3 1 1 4 3 2 2 2 
69.82 ; 1.338e-06 ; True ; 72 157 158 182 276 385  ; 3 1 1 4 3 2 2 3 
79.47 ; 1.436e-06 ; True ; 71 106 121 276 461 475 499  ; 2 1 1 4 3 2 3 3 
89.72 ; 1.479e-06 ; True ; 89 102 105 206 276 432 545  ; 2 1 1 4 3 3 3 2 
90.78 ; 1.736e-06 ; True ; 81 132 206 276 340 356 378  ; 3 1 2 2 2 2 2 4 
97.32 ; 1.775e-06 ; True ; 157 237 276 293 461 475 586  ; 3 1 2 3 3 2 2 2 
98.62 ; 1.882e-06 ; True ; 13 19 276 519 604 614 620  ; 2 1 2 3 2 2 3 3 
105.3 ; 2.031e-06 ; True ; 81 112 276 343 412 432 438 460  ; 3 1 1 2 4 2 3 4 
108 ; 2.089e-06 ; True ; 136 158 184 274 276 463 475 499  ; 3 1 2 3 2 2 2 4 
109 ; 2.101e-06 ; True ; 112 200 276 410 499 541 545 623  ; 4 1 2 3 2 3 2 2 
110.1 ; 2.289e-06 ; True ; 71 90 228 276 311 386 409 499  ; 3 1 1 5 5 2 2 4 
110.1 ; 2.49e-06 ; True ; 257 276 409 534 589 614 633 638  ; 3 1 3 2 4 2 1 5 
120.4 ; 2.853e-06 ; True ; 50 185 234 276 361 397 456 525 530  ; 3 1 2 3 4 2 2 3 
124.1 ; 6.045e-06 ; True ; 45 70 71 81 157 234 276 606  ; 3 1 2 4 4 5 2 3 
162.6 ; 6.875e-06 ; True ; 72 157 158 182 200 276 343 385 483  ; 4 1 2 4 3 3 3 4 
174.6 ; 7.002e-06 ; True ; 70 71 129 235 243 271 276 378 498 614  ; 2 1 2 4 6 4 3 3 
186.2 ; 7.394e-06 ; True ; 50 71 181 206 276 311 438 460 530 578  ; 2 1 3 3 4 2 4 5 
191.2 ; 8.267e-06 ; True ; 10 50 157 276 286 341 387 460 491 499  ; 4 1 2 4 5 4 2 4 
206.6 ; 1.022e-05 ; True ; 19 52 157 184 276 397 410 508 610 639  ; 3 1 3 4 4 4 2 5 
230.9 ; 1.168e-05 ; True ; 72 90 276 323 340 385 458 466 546 563 624  ; 4 1 2 4 4 5 3 4 
232.1 ; 1.235e-05 ; True ; 157 234 276 331 373 378 451 526 610 614 633  ; 5 1 3 4 3 3 3 5 
243.9 ; 1.393e-05 ; True ; 10 88 276 286 385 423 456 460 475 496 545 623  ; 4 1 3 5 6 2 3 6 
264.8 ; 1.515e-05 ; True ; 3 5 81 88 142 276 355 385 459 472 475 534  ; 3 1 4 3 4 3 4 4 
265.1 ; 1.53e-05 ; True ; 19 59 89 102 133 168 276 454 469 575 595 597 633  ; 5 1 2 5 5 5 3 4 
268 ; 1.649e-05 ; True ; 6 157 158 182 243 276 290 349 385 400 483 530  ; 3 1 3 5 4 4 4 4 
274.4 ; 1.907e-05 ; True ; 0 81 234 276 323 351 388 498 508 528 530 620 633  ; 3 1 4 3 5 4 3 5 
289.5 ; 2.809e-05 ; True ; 21 80 234 276 286 323 385 530 540 604 610 612 633  ; 7 1 3 6 4 4 5 4 
390.3 ; 4.286e-05 ; True ; 21 80 200 234 258 276 280 286 323 385 530 540 610 612 633  ; 7 1 5 6 5 4 4 4 
542 ; 4.444e-05 ; True ; 18 276 304 328 341 417 438 461 485 499 573 612 614 623 624 631 633  ; 5 1 4 5 5 7 3 7 

RUN 4:
Optimum Distance: 11.84
Optimal Team: 19,276,499,
Required Skills: 0 1 4 9 10 18 23 24 
Distance; Skill Score; isValid; Team; Skill Counts
11.9 ; 1.514e-08 ; True ; 276 499 530  ; 1 1 1 1 1 1 1 1 
14.81 ; 2.763e-08 ; True ; 71 157 276  ; 1 1 1 1 1 2 1 1 
19.69 ; 7.172e-08 ; True ; 102 158 276 633  ; 2 1 1 2 1 1 1 2 
20.69 ; 7.52e-08 ; True ; 164 276 499 633  ; 2 1 1 2 1 1 2 1 
23.51 ; 8.753e-08 ; True ; 19 276 389 499  ; 2 1 1 3 2 1 1 1 
26.66 ; 9.319e-08 ; True ; 71 72 276 491  ; 1 1 1 3 2 2 1 1 
27.69 ; 1.415e-07 ; True ; 276 385 604 614  ; 1 1 1 2 1 2 2 2 
34.34 ; 1.832e-07 ; True ; 19 182 271 276 499  ; 1 1 1 4 2 1 2 2 
35.19 ; 2.157e-07 ; True ; 71 276 293 399 534  ; 2 1 1 3 3 2 1 1 
37.37 ; 2.382e-07 ; True ; 21 121 276 530 610  ; 2 1 1 2 2 1 2 2 
37.44 ; 3.167e-07 ; True ; 81 158 276 399 534  ; 2 1 1 2 3 2 1 2 
40.58 ; 3.787e-07 ; True ; 66 276 323 499 604  ; 3 1 1 3 1 2 2 2 
43.51 ; 5.159e-07 ; True ; 72 276 385 530 604  ; 2 1 1 3 3 1 2 3 
46.38 ; 7.743e-07 ; True ; 157 276 378 385 499  ; 3 1 1 2 2 3 2 2 
56.28 ; 8.066e-07 ; True ; 72 102 276 340 499 545  ; 4 1 1 3 1 3 2 3 
59.17 ; 1.049e-06 ; True ; 19 63 276 356 385 499  ; 2 1 1 4 2 3 2 3 
76.09 ; 1.581e-06 ; True ; 71 153 243 276 280 432 530  ; 2 1 1 3 4 2 3 3 
77.34 ; 1.753e-06 ; True ; 0 19 80 243 252 276 499  ; 3 1 2 3 2 2 2 3 
83.22 ; 1.949e-06 ; True ; 72 172 276 340 432 534 604  ; 5 1 2 3 3 2 1 4 
87.65 ; 1.98e-06 ; True ; 63 64 184 276 385 499 607 633  ; 4 1 1 3 3 2 3 3 
89.53 ; 2.147e-06 ; True ; 157 181 257 258 276 385 624  ; 2 1 2 2 2 3 3 3 
92.44 ; 2.813e-06 ; True ; 157 235 276 340 466 546 604  ; 4 1 2 2 2 2 3 4 
102.1 ; 2.905e-06 ; True ; 19 100 112 245 276 456 534 610  ; 2 1 3 4 3 2 2 3 
106.3 ; 4.483e-06 ; True ; 59 121 276 304 343 385 475 491  ; 3 1 2 4 4 3 3 2 
144.4 ; 4.526e-06 ; True ; 13 70 71 254 267 276 432 438 475  ; 3 1 2 3 3 3 3 3 
151.9 ; 4.745e-06 ; True ; 30 157 274 276 460 528 547 551 633  ; 3 1 3 2 3 2 3 4 
152.4 ; 5.71e-06 ; True ; 70 71 267 276 340 432 438 475 591  ; 3 1 3 3 3 2 3 4 
161.1 ; 6.042e-06 ; True ; 19 94 132 276 280 328 340 368 499 528  ; 4 1 2 4 3 4 2 4 
161.4 ; 9.857e-06 ; True ; 63 90 276 280 385 419 475 491 597 633  ; 4 1 3 4 4 2 3 5 
204.6 ; 1.123e-05 ; True ; 19 50 258 276 288 397 467 496 530 534 604  ; 3 1 4 4 4 3 3 3 
227.8 ; 1.447e-05 ; True ; 71 100 112 157 243 261 276 280 323 380 499  ; 4 1 2 5 5 5 4 3 
250.8 ; 1.741e-05 ; True ; 19 102 129 157 179 276 385 421 460 604 612  ; 5 1 3 4 3 5 3 5 
267.1 ; 1.795e-05 ; True ; 10 71 102 133 157 235 276 356 419 452 530 638  ; 4 1 2 5 5 5 3 7 
283.8 ; 1.856e-05 ; True ; 4 12 19 71 72 81 157 269 276 343 390 545  ; 5 1 2 3 5 5 4 5 
303 ; 2.722e-05 ; True ; 111 237 276 297 385 410 438 452 470 499 525 534 575 633  ; 4 1 4 4 4 5 4 4 
373.7 ; 2.769e-05 ; True ; 81 102 111 145 221 237 276 297 385 410 438 503 525 575 633  ; 5 1 3 5 5 6 3 5 
395.5 ; 3.237e-05 ; True ; 71 102 112 157 222 233 276 340 353 415 430 474 552 586  ; 6 1 3 6 4 5 4 6 
447.7 ; 3.413e-05 ; True ; 16 19 52 89 100 142 157 180 228 257 276 343 429 485 524  ; 5 1 3 5 7 4 4 6 
472.1 ; 3.587e-05 ; True ; 0 237 274 276 293 343 391 462 469 489 491 499 529 530 542 567 571  ; 7 1 4 7 5 4 4 4 
503.6 ; 3.589e-05 ; True ; 99 121 133 271 276 306 335 378 399 475 499 525 526 544 573 611 634  ; 7 1 3 6 6 3 6 5 
536.4 ; 3.961e-05 ; True ; 71 88 140 151 158 168 228 251 276 323 379 401 472 545 548 614  ; 6 1 3 5 7 6 3 7 
570.2 ; 4.399e-05 ; True ; 158 164 276 343 344 365 385 392 438 461 510 524 528 546 570 594 597  ; 5 1 3 6 6 5 5 6 

RUN 5:
Optimum Distance: 11.84
Optimal Team: 19,276,499,
Required Skills: 0 1 4 9 10 18 23 24 
Distance; Skill Score; isValid; Team; Skill Counts
11.84 ; 2.368e-08 ; True ; 19 276 499  ; 1 1 1 2 1 1 1 1 
19.78 ; 4.184e-08 ; True ; 0 90 276 499  ; 1 1 1 2 1 1 1 2 
20.81 ; 4.882e-08 ; True ; 50 276 432 614  ; 1 1 1 1 1 2 1 2 
21.6 ; 5.027e-08 ; True ; 81 276 546 633  ; 1 1 1 1 2 1 2 1 
21.6 ; 5.265e-08 ; True ; 276 340 525 610  ; 3 1 1 2 1 1 1 1 
21.72 ; 9.024e-08 ; True ; 19 271 276 499  ; 1 1 1 3 2 1 1 2 
22.35 ; 9.305e-08 ; True ; 164 276 340 499  ; 3 1 1 2 1 1 1 2 
25.41 ; 1.218e-07 ; True ; 19 257 276 385  ; 1 1 1 3 3 1 1 2 
30.58 ; 1.309e-07 ; True ; 102 105 157 276  ; 2 1 1 2 1 2 1 2 
31.6 ; 1.368e-07 ; True ; 157 184 276 385  ; 1 1 1 2 2 2 1 2 
33.39 ; 2.062e-07 ; True ; 88 121 276 343 546  ; 2 1 1 3 2 1 1 3 
36.01 ; 2.919e-07 ; True ; 88 121 276 343 610  ; 2 1 1 3 1 2 2 2 
37.4 ; 3.321e-07 ; True ; 172 276 280 385 633  ; 2 1 1 2 3 2 2 1 
40.4 ; 5.231e-07 ; True ; 81 88 276 546 610  ; 2 1 1 3 2 2 2 2 
45.03 ; 5.419e-07 ; True ; 110 121 276 343 438 610  ; 2 1 1 3 1 2 3 3 
50.67 ; 7.539e-07 ; True ; 0 88 121 276 343 610  ; 2 1 2 3 1 2 2 3 
57.2 ; 7.982e-07 ; True ; 157 158 276 371 623 633  ; 3 1 2 2 2 1 2 3 
57.99 ; 9.697e-07 ; True ; 50 121 276 378 385 491  ; 2 1 1 3 3 3 2 2 
71.58 ; 1.122e-06 ; True ; 13 19 133 181 276 472 546  ; 2 1 1 3 3 2 2 4 
72.35 ; 1.459e-06 ; True ; 88 171 276 340 460 546 610  ; 4 1 2 4 2 1 2 4 
78.49 ; 1.661e-06 ; True ; 50 121 276 378 385 491 547  ; 3 1 1 4 4 3 2 2 
80.69 ; 1.92e-06 ; True ; 88 121 276 343 515 546 610  ; 3 1 2 4 2 2 2 3 
95.13 ; 1.945e-06 ; True ; 71 206 276 410 480 546 589  ; 3 1 2 4 3 2 2 2 
98.88 ; 3.498e-06 ; True ; 88 171 276 340 398 491 546 610  ; 4 1 3 6 2 2 2 3 
127.2 ; 3.859e-06 ; True ; 54 71 271 276 285 378 530 606  ; 3 1 2 3 5 2 2 4 
130.3 ; 5.95e-06 ; True ; 47 71 158 276 410 432 460 499 608  ; 4 1 2 4 4 3 2 4 
152.7 ; 7.952e-06 ; True ; 88 171 276 291 340 398 460 491 546 610  ; 6 1 3 6 4 2 2 4 
183.2 ; 1.556e-05 ; True ; 38 88 171 206 276 340 385 460 546 610  ; 4 1 3 6 3 3 5 4 
232.3 ; 1.764e-05 ; True ; 19 176 276 285 385 441 606 614 624 633 638  ; 4 1 4 3 4 3 4 4 
272.9 ; 1.784e-05 ; True ; 50 88 228 245 276 291 327 469 552 604 610 623  ; 6 1 2 6 4 4 4 5 
277.4 ; 2.057e-05 ; True ; 19 129 253 276 343 373 378 449 528 530 565 610 629  ; 4 1 3 4 6 4 3 5 
300.6 ; 2.564e-05 ; True ; 181 215 276 385 437 469 491 530 542 546 562 585 589 633  ; 5 1 3 5 5 3 5 5 
317.1 ; 2.755e-05 ; True ; 63 101 109 276 385 456 469 491 530 542 546 562 589 633  ; 5 1 4 3 4 3 5 6 
369.5 ; 3.722e-05 ; True ; 6 37 151 185 276 340 400 465 483 491 528 530 546 604 610  ; 5 1 4 7 4 4 5 5 
397 ; 4.89e-05 ; True ; 50 80 252 276 385 437 456 469 491 530 533 542 546 562 589 633  ; 7 1 4 5 5 4 5 6 
517.3 ; 5.42e-05 ; True ; 19 23 88 157 172 206 256 257 276 314 335 339 365 499 539 624  ; 7 1 5 8 6 5 3 6 

RUN 6:
Optimum Distance: 11.84
Optimal Team: 19,276,499,
Required Skills: 0 1 4 9 10 18 23 24 
Distance; Skill Score; isValid; Team; Skill Counts
14.84 ; 1.514e-08 ; True ; 105 157 276  ; 1 1 1 1 1 1 1 1 
19.63 ; 2.675e-08 ; True ; 30 102 276 633  ; 1 1 1 1 1 1 1 2 
20.58 ; 7.863e-08 ; True ; 276 385 399 633  ; 1 1 1 2 2 1 2 1 
21.73 ; 8.218e-08 ; True ; 276 311 499 530  ; 2 1 1 1 2 1 1 2 
24.43 ; 1.012e-07 ; True ; 19 71 276 460  ; 1 1 1 2 3 1 1 2 
24.57 ; 1.368e-07 ; True ; 71 276 614 623  ; 1 1 1 2 2 2 1 2 
29.59 ; 1.698e-07 ; True ; 157 276 610 623  ; 3 1 1 2 1 2 1 2 
31.64 ; 2.264e-07 ; True ; 102 276 311 323 604  ; 3 1 1 2 1 2 1 3 
34.56 ; 3.175e-07 ; True ; 64 110 276 499 530  ; 2 1 1 2 2 1 2 3 
39.31 ; 3.426e-07 ; True ; 81 276 399 610 633  ; 2 1 1 2 2 2 3 1 
40.39 ; 6.787e-07 ; True ; 72 276 340 385 610  ; 3 1 1 3 2 2 2 2 
54.98 ; 1.015e-06 ; True ; 71 276 340 432 624 638  ; 3 1 1 2 3 2 2 3 
71.59 ; 1.338e-06 ; True ; 0 23 71 234 276 285 467  ; 3 1 1 4 3 2 2 3 
77.52 ; 1.457e-06 ; True ; 71 248 276 340 432 456 624  ; 3 1 2 2 2 2 2 3 
82.8 ; 1.753e-06 ; True ; 276 278 340 432 473 545 610  ; 3 1 2 3 2 2 2 3 
90.08 ; 2e-06 ; True ; 276 399 460 499 513 614 633  ; 3 1 2 2 2 3 2 3 
95.3 ; 2.652e-06 ; True ; 19 52 206 234 276 614 620  ; 2 1 3 3 3 2 2 3 
101.8 ; 3.068e-06 ; True ; 121 130 164 258 276 456 499 610  ; 4 1 2 4 2 3 2 3 
119.4 ; 3.4e-06 ; True ; 19 21 121 157 276 459 461 545  ; 3 1 2 3 4 2 2 4 
119.9 ; 3.726e-06 ; True ; 19 38 50 110 276 340 341 345 473  ; 2 1 2 4 3 2 3 5 
126.5 ; 4.1e-06 ; True ; 88 164 276 291 311 323 343 438 551  ; 3 1 3 3 3 2 2 4 
127.3 ; 5.226e-06 ; True ; 71 142 157 276 530 555 606 623  ; 4 1 3 4 3 2 2 4 
141.2 ; 6.249e-06 ; True ; 19 57 71 72 276 280 469 491 589  ; 3 1 2 6 5 3 2 4 
152.9 ; 6.937e-06 ; True ; 89 121 157 276 385 399 498 586 608  ; 4 1 2 4 5 4 2 3 
170.9 ; 8.723e-06 ; True ; 71 157 170 233 276 456 488 499 604 623  ; 5 1 2 6 2 3 5 4 
183 ; 9.859e-06 ; True ; 19 164 213 276 343 357 385 388 475 552  ; 3 1 3 4 5 3 3 3 
217.6 ; 1.081e-05 ; True ; 71 157 170 184 233 276 304 456 488 604 623  ; 5 1 2 6 4 2 4 6 
247.6 ; 1.107e-05 ; True ; 19 274 276 389 419 490 507 520 530 539 623 624  ; 4 1 3 3 5 2 3 6 
252.3 ; 1.422e-05 ; True ; 56 87 157 206 276 398 530 539 606 624 629  ; 4 1 4 3 4 3 3 4 
269.5 ; 1.512e-05 ; True ; 56 234 276 327 340 410 461 469 491 560 564 604 609  ; 5 1 3 4 3 4 3 5 
273.4 ; 1.535e-05 ; True ; 6 115 164 244 276 386 499 528 530 573 604 634  ; 4 1 3 4 4 4 4 3 
273.6 ; 1.653e-05 ; True ; 72 102 126 235 276 324 385 386 410 456 486 534 548  ; 4 1 4 5 4 5 2 4 
299.5 ; 1.754e-05 ; True ; 41 71 157 276 280 340 373 385 409 454 472 563 623  ; 7 1 2 5 8 4 2 8 
306.6 ; 2.086e-05 ; True ; 37 71 129 132 158 235 237 276 323 461 595 614 623  ; 4 1 4 7 6 4 2 5 
325.3 ; 2.193e-05 ; True ; 41 71 157 185 229 276 280 373 385 409 472 573 623  ; 6 1 2 6 7 4 3 7 
338.2 ; 2.341e-05 ; True ; 19 21 45 64 73 111 276 341 385 410 503 546 573 604  ; 3 1 3 6 7 5 3 5 
366.8 ; 2.832e-05 ; True ; 63 66 257 258 275 276 306 323 385 387 417 475 577 610  ; 5 1 3 6 5 5 4 4 
400.3 ; 3.029e-05 ; True ; 56 87 99 157 206 276 291 398 530 539 594 606 624 629  ; 5 1 4 3 5 4 4 5 
402.4 ; 4.452e-05 ; True ; 19 102 121 124 155 163 164 209 232 276 323 340 385 528 562 633  ; 5 1 5 7 6 4 3 7 


RUN 7:
Optimum Distance: 11.84
Optimal Team: 19,276,499,
Required Skills: 0 1 4 9 10 18 23 24 
Distance; Skill Score; isValid; Team; Skill Counts
12.8 ; 1.514e-08 ; True ; 276 530 610  ; 1 1 1 1 1 1 1 1 
14.82 ; 2.763e-08 ; True ; 71 157 276  ; 1 1 1 1 1 2 1 1 
19.61 ; 7.52e-08 ; True ; 276 499 546 633  ; 2 1 1 2 1 1 2 1 
22.4 ; 9.305e-08 ; True ; 121 276 340 610  ; 3 1 1 2 1 1 1 2 
24.62 ; 1.012e-07 ; True ; 19 276 373 385  ; 1 1 1 2 3 1 1 2 
24.76 ; 1.285e-07 ; True ; 72 276 499 530  ; 2 1 1 2 2 1 1 2 
25.69 ; 1.368e-07 ; True ; 234 276 385 614  ; 1 1 1 2 2 2 1 2 
29.32 ; 3.167e-07 ; True ; 71 276 280 410 597  ; 2 1 1 2 3 2 1 2 
38.25 ; 3.719e-07 ; True ; 228 276 499 546 633  ; 3 1 1 3 2 1 2 2 
48.95 ; 4.376e-07 ; True ; 19 234 276 438 499 636  ; 2 1 2 4 2 1 1 3 
50.89 ; 5.478e-07 ; True ; 71 118 158 276 340 589  ; 3 1 1 2 3 2 1 3 
54.14 ; 5.897e-07 ; True ; 276 306 439 499 530 573  ; 3 1 2 2 2 2 1 2 
54.92 ; 7.518e-07 ; True ; 0 158 276 528 589 610  ; 3 1 1 2 2 2 2 3 
54.97 ; 8.258e-07 ; True ; 59 276 340 373 491 499  ; 4 1 2 3 2 2 1 2 
64.13 ; 9.46e-07 ; True ; 121 157 276 280 322 491  ; 3 1 2 3 2 2 1 3 
68.97 ; 1.077e-06 ; True ; 72 206 276 343 385 623  ; 2 1 1 4 3 2 3 2 
69.37 ; 1.239e-06 ; True ; 19 71 206 276 489 499  ; 2 1 2 5 3 2 3 1 
72.63 ; 1.265e-06 ; True ; 276 311 378 439 469 491 530  ; 3 1 2 2 3 2 1 4 
76.74 ; 2.014e-06 ; True ; 183 233 234 276 385 456 491  ; 3 1 2 5 2 2 2 3 
91.38 ; 2.502e-06 ; True ; 72 206 276 385 546 623 633  ; 3 1 2 5 4 1 3 3 
99.63 ; 2.614e-06 ; True ; 124 228 276 378 466 499 546 633  ; 4 1 1 4 4 2 3 3 
104.3 ; 2.743e-06 ; True ; 10 234 276 385 456 491 528 549  ; 2 1 2 4 3 3 2 3 
108.1 ; 5.364e-06 ; True ; 19 257 276 332 340 385 469 546  ; 3 1 2 5 4 3 2 4 
145 ; 5.871e-06 ; True ; 18 19 66 171 276 355 398 410 456 469  ; 4 1 3 4 3 2 2 5 
147.2 ; 5.908e-06 ; True ; 19 36 181 221 276 385 589 606 610  ; 3 1 2 4 3 3 3 4 
170.3 ; 6.191e-06 ; True ; 44 158 164 206 256 276 290 385 551 589  ; 4 1 2 6 5 2 3 3 
179.2 ; 6.656e-06 ; True ; 19 157 276 304 359 385 449 467 573  ; 3 1 3 3 3 5 2 3 
198.5 ; 8.83e-06 ; True ; 6 105 157 184 276 388 399 519 530 610  ; 3 1 2 7 5 3 3 4 
201.1 ; 1.002e-05 ; True ; 19 81 102 222 276 293 340 342 385 419 437  ; 4 1 2 6 4 3 3 5 
221.9 ; 1.109e-05 ; True ; 10 19 176 182 195 276 339 340 385 469 499 511  ; 3 1 2 6 4 3 5 4 
232.8 ; 1.117e-05 ; True ; 59 276 339 340 426 467 470 483 530 557 610 633  ; 4 1 3 3 3 4 3 4 
235.2 ; 1.199e-05 ; True ; 50 129 154 199 235 263 276 340 399 499 530 589  ; 5 1 3 4 6 2 3 4 
240.6 ; 1.252e-05 ; True ; 19 66 168 276 341 385 410 517 590 604 614  ; 3 1 3 6 4 3 3 5 
247.3 ; 1.471e-05 ; True ; 13 22 30 88 102 276 286 378 385 456 504 623  ; 4 1 2 5 5 4 3 6 
259 ; 1.727e-05 ; True ; 0 19 21 59 81 145 276 293 390 399 586 614  ; 5 1 3 5 6 3 3 4 
271.3 ; 2.101e-05 ; True ; 37 50 71 181 206 234 267 276 311 340 421 610  ; 5 1 3 5 3 3 6 5 
313.2 ; 2.642e-05 ; True ; 19 66 168 170 276 323 341 385 410 463 499 517 604  ; 4 1 3 6 4 5 5 4 
325.5 ; 2.798e-05 ; True ; 10 19 72 121 157 276 322 508 515 528 563 604 610  ; 5 1 3 6 4 4 4 7 
411.7 ; 2.991e-05 ; True ; 0 110 231 235 276 311 346 358 385 404 419 552 584 610 614  ; 6 1 3 4 5 3 5 7 
415.4 ; 3.53e-05 ; True ; 0 110 231 263 276 311 346 358 385 404 419 499 552 610 614  ; 7 1 3 6 5 4 4 7 
428.8 ; 3.678e-05 ; True ; 64 276 280 373 410 464 467 474 485 491 525 526 598 614 623  ; 5 1 3 5 6 5 4 6 
490.8 ; 5.05e-05 ; True ; 19 66 168 170 276 282 323 341 385 386 410 463 499 517 534 604  ; 5 1 5 6 4 6 5 4 

RUN 8:
Optimum Distance: 11.84
Optimal Team: 19,276,499,
Required Skills: 0 1 4 9 10 18 23 24 
Distance; Skill Score; isValid; Team; Skill Counts
11.9 ; 1.514e-08 ; True ; 276 499 530  ; 1 1 1 1 1 1 1 1 
18.61 ; 2.368e-08 ; True ; 6 276 438 499  ; 1 1 1 2 1 1 1 1 
19.79 ; 2.713e-08 ; True ; 258 276 385 638  ; 1 1 1 1 2 1 1 1 
20.56 ; 4.184e-08 ; True ; 184 274 276 499  ; 1 1 1 2 1 1 1 2 
20.76 ; 5.119e-08 ; True ; 81 102 276 633  ; 1 1 1 1 1 2 2 1 
23.5 ; 7.499e-08 ; True ; 121 276 385 456  ; 1 1 1 2 2 1 1 2 
23.66 ; 7.636e-08 ; True ; 102 276 385 456  ; 1 1 1 2 1 2 1 2 
23.75 ; 8.218e-08 ; True ; 66 81 276 340  ; 2 1 1 1 2 1 1 2 
23.75 ; 1.285e-07 ; True ; 112 276 499 530  ; 2 1 1 2 2 1 1 2 
27.49 ; 1.479e-07 ; True ; 19 276 610 614  ; 1 1 2 2 1 2 1 2 
28.45 ; 1.5e-07 ; True ; 81 157 276 399  ; 2 1 1 1 2 2 1 2 
34.41 ; 1.547e-07 ; True ; 19 59 276 319 499  ; 2 1 1 3 2 1 1 2 
35.1 ; 2.919e-07 ; True ; 184 274 276 499 610  ; 2 1 1 3 1 2 2 2 
36.19 ; 3.143e-07 ; True ; 19 276 398 499 633  ; 2 1 2 3 2 1 2 1 
38.03 ; 4.482e-07 ; True ; 19 276 530 597 610  ; 2 1 2 2 3 1 1 3 
43.36 ; 4.766e-07 ; True ; 71 157 276 389 633  ; 2 1 2 2 2 2 2 1 
50.14 ; 5.231e-07 ; True ; 276 343 478 525 530 610  ; 2 1 1 3 2 2 2 2 
52.78 ; 8.984e-07 ; True ; 0 19 102 276 467 604  ; 2 1 2 3 1 2 2 4 
58.83 ; 1.096e-06 ; True ; 19 81 276 604 610 617  ; 2 1 1 4 2 3 3 2 
74.34 ; 1.235e-06 ; True ; 71 267 276 323 340 398 460  ; 4 1 2 2 3 2 1 3 
77.23 ; 1.242e-06 ; True ; 19 276 280 337 422 499 610  ; 4 1 1 6 2 2 2 3 
79.13 ; 1.945e-06 ; True ; 19 31 233 276 472 491 610  ; 3 1 2 4 3 2 2 2 
81.01 ; 1.963e-06 ; True ; 19 276 398 399 460 499 573  ; 4 1 2 4 4 2 1 3 
91.96 ; 2.709e-06 ; True ; 19 87 110 276 346 398 499 633  ; 3 1 2 4 3 2 3 2 
101.2 ; 2.995e-06 ; True ; 19 86 164 276 378 385 387 499  ; 3 1 1 4 5 3 2 4 
110.4 ; 4.023e-06 ; True ; 23 64 129 164 276 499 610 614  ; 5 1 2 4 2 3 2 4 
124.1 ; 4.242e-06 ; True ; 5 19 123 276 327 340 385 499 629  ; 3 1 2 4 3 3 2 4 
125.5 ; 4.303e-06 ; True ; 19 177 184 276 376 379 499 534 604  ; 3 1 2 4 3 2 3 4 
138.7 ; 4.552e-06 ; True ; 19 52 234 276 410 459 482 598 610  ; 3 1 2 4 3 4 3 2 
139.1 ; 5.756e-06 ; True ; 19 156 228 276 343 499 534 543 610  ; 5 1 2 4 2 4 3 3 
148 ; 7.604e-06 ; True ; 19 228 276 343 422 432 499 534 610  ; 4 1 2 6 3 4 3 3 
168.2 ; 7.975e-06 ; True ; 88 157 276 385 472 528 570 573 638  ; 3 1 3 2 3 4 3 4 
177.8 ; 8.481e-06 ; True ; 19 71 165 276 340 397 464 499 571 573  ; 3 1 3 5 4 3 4 2 
192.3 ; 1.196e-05 ; True ; 19 38 157 256 276 329 378 461 586 610  ; 4 1 2 5 4 4 3 5 
220.5 ; 1.274e-05 ; True ; 81 163 164 233 276 472 485 507 552 610 633  ; 5 1 3 3 4 2 5 4 
239.9 ; 1.374e-05 ; True ; 25 28 38 72 157 212 276 437 530 614 624  ; 4 1 3 4 3 4 3 5 
247.1 ; 1.428e-05 ; True ; 81 90 276 296 340 385 390 423 452 472 491 545  ; 4 1 2 4 5 4 4 4 
261.2 ; 1.561e-05 ; True ; 66 88 125 157 276 385 459 472 528 573 638  ; 5 1 3 3 5 5 2 5 
263 ; 1.838e-05 ; True ; 28 81 103 163 164 214 276 385 472 552 610 633  ; 5 1 3 3 4 4 4 4 
274.3 ; 2.091e-05 ; True ; 19 63 110 157 276 389 439 496 499 545 548 573  ; 6 1 3 6 4 4 3 5 
321.7 ; 2.145e-05 ; True ; 88 157 276 323 329 383 385 472 480 528 570 573 638  ; 4 1 4 5 3 5 3 5 
336.9 ; 2.273e-05 ; True ; 25 38 136 157 183 212 275 276 437 460 530 614 624  ; 6 1 3 5 3 4 4 6 
353 ; 2.503e-05 ; True ; 47 81 235 276 340 380 385 390 392 433 452 472 491 614  ; 4 1 4 2 6 4 4 5 
386.4 ; 2.71e-05 ; True ; 171 276 278 285 353 407 475 525 528 530 537 545 552 638  ; 5 1 4 4 5 3 4 5 
394.6 ; 2.865e-05 ; True ; 52 81 153 276 323 329 392 398 494 530 551 604 614 623  ; 3 1 4 6 4 4 5 5 
433.7 ; 3.223e-05 ; True ; 84 261 274 276 293 323 340 379 410 412 491 499 565 591 633  ; 4 1 6 4 4 5 4 3 
457.8 ; 3.831e-05 ; True ; 37 50 52 71 81 134 206 267 276 360 398 489 530 604 608  ; 4 1 4 7 5 4 6 4 
522 ; 5.123e-05 ; True ; 50 81 109 147 186 257 276 323 467 490 491 534 552 588 597 606  ; 6 1 5 3 4 6 5 5 

RUN 9:
Optimum Distance: 11.84
Optimal Team: 19,276,499,
Required Skills: 0 1 4 9 10 18 23 24 
Distance; Skill Score; isValid; Team; Skill Counts
11.84 ; 2.368e-08 ; True ; 19 276 499  ; 1 1 1 2 1 1 1 1 
14.81 ; 2.763e-08 ; True ; 71 157 276  ; 1 1 1 1 1 2 1 1 
20.59 ; 4.184e-08 ; True ; 19 86 276 604  ; 1 1 1 2 1 1 1 2 
21.52 ; 9.024e-08 ; True ; 19 90 276 499  ; 1 1 1 3 2 1 1 2 
23.36 ; 1.368e-07 ; True ; 71 164 276 614  ; 1 1 1 2 2 2 1 2 
24.71 ; 2.346e-07 ; True ; 66 71 157 276  ; 2 1 1 2 2 2 1 2 
35.06 ; 2.784e-07 ; True ; 13 19 121 276 399  ; 2 1 1 3 3 1 1 3 
35.31 ; 3.32e-07 ; True ; 276 280 438 499 530  ; 2 1 2 2 2 1 1 3 
42.58 ; 4.882e-07 ; True ; 157 276 432 499 629  ; 3 1 1 3 2 2 1 3 
48.08 ; 4.945e-07 ; True ; 157 276 385 397 546  ; 3 1 1 3 3 2 1 2 
51.17 ; 5.385e-07 ; True ; 50 81 258 276 280 340  ; 2 1 2 1 2 2 2 2 
57.54 ; 5.674e-07 ; True ; 19 168 276 432 437 499  ; 3 1 1 4 2 1 3 2 
60.68 ; 5.795e-07 ; True ; 276 375 385 410 604 638  ; 2 1 1 2 2 2 2 3 
61.68 ; 8.096e-07 ; True ; 23 157 276 385 410 620  ; 3 1 2 2 2 3 1 2 
63.84 ; 8.422e-07 ; True ; 19 154 276 466 534 604  ; 2 1 2 2 2 2 2 2 
69.81 ; 1.014e-06 ; True ; 233 276 385 530 598 606  ; 2 1 2 3 2 2 2 2 
70 ; 1.368e-06 ; True ; 71 157 263 276 623 633  ; 2 1 2 3 3 2 2 2 
77.27 ; 1.475e-06 ; True ; 71 276 285 340 469 597 608  ; 3 1 2 2 3 2 2 2 
85.3 ; 1.553e-06 ; True ; 8 19 276 356 432 475 499  ; 2 1 2 5 2 2 2 3 
85.38 ; 1.805e-06 ; True ; 257 276 385 499 608 614 637  ; 3 1 2 3 2 3 2 2 
88.53 ; 2.229e-06 ; True ; 90 99 102 258 276 340 467 499  ; 3 1 2 3 1 3 3 4 
98.55 ; 2.241e-06 ; True ; 184 200 276 311 438 499 534 624  ; 2 1 3 2 2 3 2 3 
106.9 ; 3.125e-06 ; True ; 71 88 276 280 285 311 469 608  ; 3 1 2 4 4 2 2 3 
110 ; 3.4e-06 ; True ; 16 71 234 276 400 410 433 530  ; 3 1 2 3 4 2 2 4 
132.3 ; 4.339e-06 ; True ; 19 222 276 304 340 352 469 470 499 562  ; 4 1 2 2 2 3 3 5 
133 ; 6.402e-06 ; True ; 13 19 81 124 157 257 276 614  ; 2 1 3 3 4 4 2 4 
176.7 ; 1.012e-05 ; True ; 257 276 324 385 414 499 530 551 608 614  ; 3 1 3 5 3 3 3 5 
212.8 ; 1.138e-05 ; True ; 257 276 324 385 461 499 530 538 549 551 614  ; 4 1 2 6 5 3 3 5 
233.1 ; 1.501e-05 ; True ; 19 102 182 237 276 290 341 343 413 530 534 610  ; 3 1 4 7 4 4 3 3 
244.9 ; 2.04e-05 ; True ; 0 11 71 72 157 206 212 276 343 346 499  ; 5 1 3 5 4 5 4 3 
287.3 ; 2.074e-05 ; True ; 19 206 235 252 276 304 510 511 595 597 610 614  ; 4 1 3 5 5 3 5 4 
319.1 ; 2.24e-05 ; True ; 20 66 276 322 327 343 353 385 410 491 542 606 623  ; 4 1 3 5 5 6 3 4 
359 ; 2.359e-05 ; True ; 19 124 133 163 206 233 276 323 383 419 525 530 572 610  ; 4 1 5 8 5 3 3 4 
378.3 ; 2.922e-05 ; True ; 19 23 64 81 99 129 130 185 234 276 333 346 475 530 600  ; 4 1 4 4 6 3 4 6 
408.7 ; 3.627e-05 ; True ; 19 43 50 64 153 212 257 276 373 410 436 496 595 614 633  ; 5 1 4 6 6 5 3 5 
504.8 ; 3.646e-05 ; True ; 110 164 242 253 276 291 409 410 467 491 528 544 545 570 614 627  ; 5 1 3 4 4 6 5 6 
544.4 ; 4.303e-05 ; True ; 234 271 276 323 337 343 369 423 475 530 554 561 573 576 610 620 633  ; 7 1 5 7 4 4 4 5 
572.6 ; 4.451e-05 ; True ; 185 271 276 322 323 340 352 362 472 492 496 498 499 558 597 610 614  ; 7 1 3 5 5 6 5 5 

RUN 10:
Optimum Distance: 11.84
Optimal Team: 19,276,499,
Required Skills: 0 1 4 9 10 18 23 24 
Distance; Skill Score; isValid; Team; Skill Counts
12.67 ; 2.368e-08 ; True ; 19 276 610  ; 1 1 1 2 1 1 1 1 
15.84 ; 2.763e-08 ; True ; 157 276 385  ; 1 1 1 1 1 2 1 1 
21.57 ; 4.184e-08 ; True ; 19 102 276 482  ; 1 1 1 2 1 1 1 2 
21.66 ; 7.499e-08 ; True ; 10 276 530 610  ; 1 1 1 2 2 1 1 2 
23.7 ; 9.289e-08 ; True ; 276 340 385 530  ; 1 1 2 1 2 1 1 2 
24.78 ; 1.012e-07 ; True ; 234 276 385 530  ; 1 1 1 2 3 1 1 2 
27.33 ; 1.727e-07 ; True ; 19 71 276 610  ; 1 1 1 3 2 2 2 1 
34.16 ; 2.784e-07 ; True ; 19 121 276 339 499  ; 2 1 1 3 3 1 1 3 
36.38 ; 3.175e-07 ; True ; 110 276 340 373 385  ; 2 1 1 2 2 1 2 3 
45.91 ; 3.663e-07 ; True ; 172 228 276 491 604  ; 3 1 1 3 2 2 1 2 
46.32 ; 4.057e-07 ; True ; 20 72 157 276 610  ; 3 1 1 2 2 2 1 3 
49.3 ; 4.545e-07 ; True ; 157 206 276 353 472  ; 2 1 2 2 2 2 1 2 
49.96 ; 5.43e-07 ; True ; 19 80 276 280 382 499  ; 3 1 1 4 2 1 2 3 
51.15 ; 8.069e-07 ; True ; 71 112 276 280 633 638  ; 3 1 1 3 4 1 2 3 
60.19 ; 9.048e-07 ; True ; 66 276 280 382 499 614  ; 3 1 1 3 2 2 2 3 
66.78 ; 1.108e-06 ; True ; 6 19 276 499 525 604 623  ; 4 1 1 6 4 1 2 3 
75.22 ; 1.276e-06 ; True ; 71 237 276 438 584 597 610  ; 3 1 1 3 3 2 3 2 
78.65 ; 1.634e-06 ; True ; 19 276 301 499 525 604 623  ; 4 1 1 5 3 2 2 3 
83.38 ; 1.837e-06 ; True ; 102 105 158 251 276 385 410  ; 3 1 1 4 3 3 2 3 
90.27 ; 1.998e-06 ; True ; 19 177 276 385 399 438 596  ; 2 1 2 4 3 2 2 3 
101.9 ; 2.174e-06 ; True ; 19 158 251 276 452 469 530 577  ; 2 1 2 3 3 2 2 4 
102.6 ; 3.188e-06 ; True ; 215 276 530 546 562 610 624 633  ; 4 1 2 2 3 2 3 3 
132.6 ; 3.724e-06 ; True ; 19 43 47 88 272 276 373 385 551  ; 3 1 2 4 4 2 2 4 
133.8 ; 6.198e-06 ; True ; 19 71 153 234 276 319 332 340 499  ; 3 1 2 5 3 3 3 4 
166.4 ; 6.859e-06 ; True ; 54 102 157 158 276 346 510 573 604  ; 5 1 2 4 2 4 3 4 
182.1 ; 8.961e-06 ; True ; 38 66 99 143 206 276 340 356 385 547  ; 3 1 2 5 3 3 5 4 
195.3 ; 9.942e-06 ; True ; 70 102 121 190 276 460 469 515 530 629 633  ; 3 1 3 5 5 3 2 5 
210.5 ; 1.181e-05 ; True ; 0 71 90 276 297 340 410 461 501 586 610  ; 3 1 3 4 3 4 3 5 
215.7 ; 1.282e-05 ; True ; 19 244 246 256 276 385 410 460 466 475 562  ; 4 1 3 3 5 4 3 3 
231.4 ; 1.35e-05 ; True ; 22 26 157 185 276 340 385 410 539 582 604  ; 6 1 3 2 3 4 4 4 
241.9 ; 1.501e-05 ; True ; 178 215 276 290 304 530 546 562 586 610 624 633  ; 5 1 3 3 4 3 4 4 
261.6 ; 1.58e-05 ; True ; 0 99 184 276 285 290 324 469 473 491 543 597 610  ; 4 1 3 6 4 3 3 6 
276.6 ; 1.674e-05 ; True ; 13 19 26 84 111 182 233 276 333 340 461 470 573  ; 4 1 3 4 5 4 3 4 
287.2 ; 1.718e-05 ; True ; 10 59 62 251 276 311 385 410 462 473 584 614 633  ; 3 1 3 5 5 3 4 5 
309.8 ; 1.971e-05 ; True ; 148 242 276 291 311 385 399 427 460 472 499 530 551 573  ; 8 1 2 5 8 3 3 7 
326 ; 1.977e-05 ; True ; 4 63 81 135 234 274 276 388 456 469 479 481 573 604  ; 5 1 3 4 4 4 3 6 
327.6 ; 2.652e-05 ; True ; 0 99 184 206 276 285 290 469 473 491 543 588 597 610  ; 4 1 4 6 5 3 4 5 
364.2 ; 2.759e-05 ; True ; 71 222 256 276 327 409 438 538 547 586 606 608 610 624  ; 5 1 3 5 5 5 4 4 
376.3 ; 2.763e-05 ; True ; 64 121 136 158 182 247 276 310 379 438 463 510 530 610 633  ; 6 1 3 6 5 3 4 7 
392.6 ; 3.301e-05 ; True ; 5 59 66 235 276 323 335 343 345 385 583 597 598 610 633  ; 5 1 3 6 5 5 5 4 
395.2 ; 4.056e-05 ; True ; 102 119 157 189 206 235 276 399 419 456 473 528 545 546  ; 5 1 4 5 4 5 4 7 
479.2 ; 4.086e-05 ; True ; 31 32 72 129 157 256 258 276 323 356 418 462 520 546 604 610  ; 7 1 4 7 4 5 4 5 
517.8 ; 4.115e-05 ; True ; 8 37 38 52 110 157 158 191 234 276 320 340 373 473 481 528  ; 7 1 3 6 5 4 5 7 

