Iteration: 1000
 Population Size: 1000
RUN 1:
Optimum Distance: 0.952
Optimal Team: 80,212,
Required Skills: 0 10 23 24 
Distance; Skill Score; isValid; Team; Skill Counts
0.952 ; 0.01386 ; True ; 80 212  ; 1 1 1 1 
0.99 ; 0.02307 ; True ; 150 293  ; 1 2 1 1 
1.982 ; 0.03462 ; True ; 80 372  ; 2 1 1 2 
2.786 ; 0.03548 ; True ; 150 248 336  ; 2 2 1 1 
2.835 ; 0.04488 ; True ; 150 152 248  ; 2 3 1 1 
2.873 ; 0.05761 ; True ; 150 160 231  ; 2 2 1 2 
2.959 ; 0.07287 ; True ; 149 150 231  ; 2 3 1 2 
5.698 ; 0.08658 ; True ; 150 160 189 231  ; 3 3 1 2 
5.787 ; 0.1073 ; True ; 149 150 160 231  ; 3 3 1 3 
5.911 ; 0.1223 ; True ; 149 150 231 293  ; 3 4 1 3 
7.917 ; 0.1284 ; True ; 150 231 293 386  ; 2 3 2 2 
9.572 ; 0.1327 ; True ; 150 160 189 231 293  ; 4 4 1 3 
9.617 ; 0.1463 ; True ; 45 149 150 181  ; 2 4 2 2 
9.699 ; 0.1487 ; True ; 149 150 160 231 293  ; 4 4 1 4 
9.877 ; 0.1607 ; True ; 149 150 231 248 293  ; 4 5 1 4 
12.53 ; 0.1739 ; True ; 23 150 152 248 293  ; 3 4 2 2 
12.72 ; 0.1892 ; True ; 149 150 160 231 386  ; 3 3 2 3 
12.86 ; 0.2155 ; True ; 149 150 231 293 386  ; 3 4 2 3 
14.51 ; 0.233 ; True ; 45 149 150 181 231  ; 3 5 2 3 
18.4 ; 0.2339 ; True ; 23 150 152 160 231 248  ; 4 4 2 3 
18.46 ; 0.2528 ; True ; 23 150 152 231 248 293  ; 4 5 2 3 
18.61 ; 0.2621 ; True ; 149 150 160 231 293 386  ; 4 4 2 4 
18.81 ; 0.2833 ; True ; 149 150 231 248 293 386  ; 4 5 2 4 
20.41 ; 0.2974 ; True ; 45 149 150 181 231 293  ; 4 6 2 4 
25.3 ; 0.3099 ; True ; 23 45 150 181 248 293  ; 3 5 3 3 
25.56 ; 0.3151 ; True ; 149 150 160 231 248 293 386  ; 5 5 2 5 
26.45 ; 0.3308 ; True ; 149 150 231 248 283 293 386  ; 5 6 2 5 
27.33 ; 0.3412 ; True ; 45 149 150 181 231 248 293  ; 5 7 2 5 
31.34 ; 0.3485 ; True ; 23 150 160 231 248 293 386  ; 4 4 3 4 
32.2 ; 0.3768 ; True ; 23 150 231 248 283 293 386  ; 4 5 3 4 
33.16 ; 0.3956 ; True ; 23 45 150 181 231 248 293  ; 4 6 3 4 
38.25 ; 0.408 ; True ; 45 149 150 181 231 240 248  ; 4 7 3 4 
41.79 ; 0.4399 ; True ; 16 23 45 150 181 231 248 293  ; 5 6 3 5 
42.8 ; 0.4538 ; True ; 23 45 149 150 181 231 248 293  ; 5 7 3 5 
48.89 ; 0.463 ; True ; 45 149 150 181 231 240 248 385  ; 5 8 3 5 
50.8 ; 0.4704 ; True ; 23 45 149 150 248 293 386 394  ; 4 6 4 4 
54.5 ; 0.4716 ; True ; 45 73 149 150 181 231 248 283  ; 5 7 3 6 
55.17 ; 0.4852 ; True ; 45 149 150 231 240 248 293 386  ; 4 7 4 4 
61.6 ; 0.502 ; True ; 45 73 150 181 248 283 293 386  ; 4 6 4 5 
65.4 ; 0.5057 ; True ; 45 148 149 150 181 231 240 248  ; 5 7 4 4 
65.68 ; 0.5178 ; True ; 45 73 149 150 181 231 240 293  ; 4 7 4 5 
66.54 ; 0.5232 ; True ; 23 45 150 181 231 248 293 372  ; 5 6 4 5 
70.73 ; 0.5397 ; True ; 45 149 150 181 240 248 293 372  ; 5 7 4 5 
73.51 ; 0.5437 ; True ; 45 73 150 181 231 248 293 372  ; 5 6 4 6 
80.57 ; 0.5629 ; True ; 45 73 150 181 231 240 248 372  ; 4 6 5 5 


RUN 2:
Optimum Distance: 0.952
Optimal Team: 80,212,
Required Skills: 0 10 23 24 
Distance; Skill Score; isValid; Team; Skill Counts
0.952 ; 0.01386 ; True ; 80 212  ; 1 1 1 1 
0.99 ; 0.02307 ; True ; 150 293  ; 1 2 1 1 
1.982 ; 0.03462 ; True ; 80 372  ; 2 1 1 2 
2.786 ; 0.03548 ; True ; 150 248 336  ; 2 2 1 1 
2.835 ; 0.04488 ; True ; 150 152 248  ; 2 3 1 1 
2.873 ; 0.05761 ; True ; 150 160 231  ; 2 2 1 2 
2.959 ; 0.07287 ; True ; 149 150 231  ; 2 3 1 2 
4.836 ; 0.08484 ; True ; 80 196 372  ; 3 2 1 3 
5.698 ; 0.08658 ; True ; 150 160 189 231  ; 3 3 1 2 
5.787 ; 0.1073 ; True ; 149 150 160 231  ; 3 3 1 3 
5.911 ; 0.1223 ; True ; 149 150 231 293  ; 3 4 1 3 
7.917 ; 0.1284 ; True ; 150 231 293 386  ; 2 3 2 2 
9.572 ; 0.1327 ; True ; 150 160 189 231 293  ; 4 4 1 3 
9.617 ; 0.1463 ; True ; 45 149 150 181  ; 2 4 2 2 
9.699 ; 0.1487 ; True ; 149 150 160 231 293  ; 4 4 1 4 
9.877 ; 0.1607 ; True ; 149 150 231 248 293  ; 4 5 1 4 
12.53 ; 0.1739 ; True ; 23 150 152 248 293  ; 3 4 2 2 
12.72 ; 0.1892 ; True ; 149 150 160 231 386  ; 3 3 2 3 
12.86 ; 0.2155 ; True ; 149 150 231 293 386  ; 3 4 2 3 
14.51 ; 0.233 ; True ; 45 149 150 181 231  ; 3 5 2 3 
18.4 ; 0.2339 ; True ; 23 150 152 160 231 248  ; 4 4 2 3 
18.46 ; 0.2528 ; True ; 23 150 152 231 248 293  ; 4 5 2 3 
18.61 ; 0.2621 ; True ; 149 150 160 231 293 386  ; 4 4 2 4 
18.81 ; 0.2833 ; True ; 149 150 231 248 293 386  ; 4 5 2 4 
20.41 ; 0.2974 ; True ; 45 149 150 181 231 293  ; 4 6 2 4 
25.3 ; 0.3099 ; True ; 23 45 150 181 248 293  ; 3 5 3 3 
25.56 ; 0.3151 ; True ; 149 150 160 231 248 293 386  ; 5 5 2 5 
26.45 ; 0.3308 ; True ; 149 150 231 248 283 293 386  ; 5 6 2 5 
27.33 ; 0.3412 ; True ; 45 149 150 181 231 248 293  ; 5 7 2 5 
31.43 ; 0.3485 ; True ; 16 23 150 231 248 293 386  ; 4 4 3 4 
32.06 ; 0.353 ; True ; 23 45 150 152 181 248 293  ; 4 6 3 3 
32.2 ; 0.3768 ; True ; 23 150 231 248 283 293 386  ; 4 5 3 4 
33.16 ; 0.3956 ; True ; 23 45 150 181 231 248 293  ; 4 6 3 4 
38.25 ; 0.408 ; True ; 45 149 150 181 231 240 248  ; 4 7 3 4 
41.05 ; 0.4191 ; True ; 23 149 150 160 231 248 293 386  ; 5 5 3 5 
41.69 ; 0.4253 ; True ; 23 45 150 152 181 248 293 385  ; 5 7 3 4 
42.07 ; 0.4399 ; True ; 16 45 149 150 231 248 293 386  ; 5 6 3 5 
42.8 ; 0.4538 ; True ; 23 45 149 150 181 231 248 293  ; 5 7 3 5 
48.11 ; 0.463 ; True ; 45 149 150 181 231 240 248 293  ; 5 8 3 5 
49.81 ; 0.4704 ; True ; 23 45 150 181 231 248 293 386  ; 4 6 4 4 
54.58 ; 0.4716 ; True ; 45 73 150 181 231 248 283 293  ; 5 7 3 6 
55.17 ; 0.4852 ; True ; 45 149 150 231 240 248 293 386  ; 4 7 4 4 
59.67 ; 0.502 ; True ; 23 45 73 150 181 231 248 293  ; 4 6 4 5 
63.85 ; 0.5178 ; True ; 45 73 149 150 181 240 248 293  ; 4 7 4 5 
67.32 ; 0.5232 ; True ; 23 45 150 181 231 248 372 385  ; 5 6 4 5 
71.56 ; 0.5397 ; True ; 45 150 181 240 248 293 372 385  ; 5 7 4 5 
74.32 ; 0.5437 ; True ; 45 73 150 181 231 248 372 385  ; 5 6 4 6 
81.43 ; 0.5629 ; True ; 45 73 150 181 240 248 372 385  ; 4 6 5 5 


RUN 3:
Optimum Distance: 0.952
Optimal Team: 80,212,
Required Skills: 0 10 23 24 
Distance; Skill Score; isValid; Team; Skill Counts
0.952 ; 0.01386 ; True ; 80 212  ; 1 1 1 1 
0.99 ; 0.02307 ; True ; 150 293  ; 1 2 1 1 
1.982 ; 0.03462 ; True ; 80 372  ; 2 1 1 2 
2.786 ; 0.03548 ; True ; 150 248 336  ; 2 2 1 1 
2.835 ; 0.04488 ; True ; 150 152 248  ; 2 3 1 1 
2.861 ; 0.05761 ; True ; 8 80 196  ; 2 2 1 2 
2.959 ; 0.07287 ; True ; 149 150 231  ; 2 3 1 2 
4.836 ; 0.08484 ; True ; 80 196 372  ; 3 2 1 3 
5.698 ; 0.08658 ; True ; 150 160 189 231  ; 3 3 1 2 
5.787 ; 0.1073 ; True ; 149 150 160 231  ; 3 3 1 3 
5.911 ; 0.1223 ; True ; 149 150 231 293  ; 3 4 1 3 
7.917 ; 0.1284 ; True ; 150 231 293 386  ; 2 3 2 2 
9.572 ; 0.1327 ; True ; 150 160 189 231 293  ; 4 4 1 3 
9.617 ; 0.1463 ; True ; 45 149 150 181  ; 2 4 2 2 
9.699 ; 0.1487 ; True ; 149 150 160 231 293  ; 4 4 1 4 
9.71 ; 0.1495 ; True ; 80 196 212 372  ; 3 2 2 3 
9.877 ; 0.1607 ; True ; 149 150 231 248 293  ; 4 5 1 4 
12.53 ; 0.1739 ; True ; 23 150 152 248 293  ; 3 4 2 2 
12.72 ; 0.1892 ; True ; 149 150 160 231 386  ; 3 3 2 3 
12.86 ; 0.2155 ; True ; 149 150 231 293 386  ; 3 4 2 3 
14.51 ; 0.233 ; True ; 45 149 150 181 231  ; 3 5 2 3 
18.46 ; 0.2528 ; True ; 23 150 152 231 248 293  ; 4 5 2 3 
18.61 ; 0.2621 ; True ; 149 150 160 231 293 386  ; 4 4 2 4 
18.81 ; 0.2833 ; True ; 149 150 231 248 293 386  ; 4 5 2 4 
20.41 ; 0.2974 ; True ; 45 149 150 181 231 293  ; 4 6 2 4 
25.3 ; 0.3099 ; True ; 23 45 150 181 248 293  ; 3 5 3 3 
25.56 ; 0.3151 ; True ; 149 150 160 231 248 293 386  ; 5 5 2 5 
26.45 ; 0.3308 ; True ; 149 150 231 248 283 293 386  ; 5 6 2 5 
27.33 ; 0.3412 ; True ; 45 149 150 181 231 248 293  ; 5 7 2 5 
31.34 ; 0.3485 ; True ; 23 150 160 231 248 293 386  ; 4 4 3 4 
32.2 ; 0.3768 ; True ; 23 150 231 248 283 293 386  ; 4 5 3 4 
33.16 ; 0.3956 ; True ; 23 45 150 181 231 248 293  ; 4 6 3 4 
38.25 ; 0.408 ; True ; 45 149 150 181 231 240 248  ; 4 7 3 4 
41.06 ; 0.4123 ; True ; 23 150 189 231 248 293 386 394  ; 5 6 3 4 
41.87 ; 0.4253 ; True ; 23 45 150 152 181 231 283 293  ; 5 7 3 4 
42.66 ; 0.4399 ; True ; 23 45 149 150 160 181 231 248  ; 5 6 3 5 
42.75 ; 0.4538 ; True ; 23 45 150 181 231 248 283 293  ; 5 7 3 5 
48.11 ; 0.463 ; True ; 45 149 150 181 231 240 248 293  ; 5 8 3 5 
49.76 ; 0.4704 ; True ; 23 45 150 231 248 283 293 386  ; 4 6 4 4 
54.69 ; 0.4716 ; True ; 45 73 150 181 231 248 293 385  ; 5 7 3 6 
55.17 ; 0.4852 ; True ; 45 149 150 231 240 248 293 386  ; 4 7 4 4 
60.72 ; 0.502 ; True ; 45 73 150 181 231 248 293 386  ; 4 6 4 5 
63.8 ; 0.5178 ; True ; 45 73 149 150 181 231 240 248  ; 4 7 4 5 
67.37 ; 0.5232 ; True ; 23 45 150 181 231 283 293 372  ; 5 6 4 5 
71.54 ; 0.5397 ; True ; 45 149 150 181 240 248 283 372  ; 5 7 4 5 
74.4 ; 0.5437 ; True ; 45 73 150 181 248 293 372 385  ; 5 6 4 6 
80.63 ; 0.5629 ; True ; 45 73 150 181 240 248 293 372  ; 4 6 5 5 


RUN 4:
Optimum Distance: 0.952
Optimal Team: 80,212,
Required Skills: 0 10 23 24 
Distance; Skill Score; isValid; Team; Skill Counts
0.952 ; 0.01386 ; True ; 80 212  ; 1 1 1 1 
0.99 ; 0.02307 ; True ; 150 293  ; 1 2 1 1 
1.982 ; 0.03462 ; True ; 80 372  ; 2 1 1 2 
2.786 ; 0.03548 ; True ; 150 248 336  ; 2 2 1 1 
2.811 ; 0.05761 ; True ; 80 196 212  ; 2 2 1 2 
2.959 ; 0.07287 ; True ; 149 150 231  ; 2 3 1 2 
4.836 ; 0.08484 ; True ; 80 196 372  ; 3 2 1 3 
5.698 ; 0.08658 ; True ; 150 160 189 231  ; 3 3 1 2 
5.787 ; 0.1073 ; True ; 149 150 160 231  ; 3 3 1 3 
5.911 ; 0.1223 ; True ; 149 150 231 293  ; 3 4 1 3 
7.917 ; 0.1284 ; True ; 150 231 293 386  ; 2 3 2 2 
9.572 ; 0.1327 ; True ; 150 160 189 231 293  ; 4 4 1 3 
9.617 ; 0.1463 ; True ; 45 149 150 181  ; 2 4 2 2 
9.699 ; 0.1487 ; True ; 149 150 160 231 293  ; 4 4 1 4 
9.877 ; 0.1607 ; True ; 149 150 231 248 293  ; 4 5 1 4 
12.53 ; 0.1739 ; True ; 23 150 152 248 293  ; 3 4 2 2 
12.72 ; 0.1892 ; True ; 149 150 160 231 386  ; 3 3 2 3 
12.86 ; 0.2155 ; True ; 149 150 231 293 386  ; 3 4 2 3 
14.51 ; 0.233 ; True ; 45 149 150 181 231  ; 3 5 2 3 
18.46 ; 0.2528 ; True ; 23 150 152 231 248 293  ; 4 5 2 3 
18.61 ; 0.2621 ; True ; 149 150 160 231 293 386  ; 4 4 2 4 
18.81 ; 0.2833 ; True ; 149 150 231 248 293 386  ; 4 5 2 4 
20.41 ; 0.2974 ; True ; 45 149 150 181 231 293  ; 4 6 2 4 
25.3 ; 0.3099 ; True ; 23 45 150 181 248 293  ; 3 5 3 3 
25.56 ; 0.3151 ; True ; 149 150 160 231 248 293 386  ; 5 5 2 5 
26.45 ; 0.3308 ; True ; 149 150 231 248 283 293 386  ; 5 6 2 5 
27.33 ; 0.3412 ; True ; 45 149 150 181 231 248 293  ; 5 7 2 5 
32.17 ; 0.3485 ; True ; 16 23 150 231 248 283 386  ; 4 4 3 4 
32.33 ; 0.3768 ; True ; 23 149 150 231 248 293 386  ; 4 5 3 4 
33.16 ; 0.3956 ; True ; 23 45 150 181 231 248 293  ; 4 6 3 4 
38.28 ; 0.408 ; True ; 45 149 150 181 240 248 293  ; 4 7 3 4 
41.11 ; 0.4191 ; True ; 16 23 149 150 231 248 293 386  ; 5 5 3 5 
42.68 ; 0.4399 ; True ; 16 45 149 150 181 231 293 386  ; 5 6 3 5 
42.75 ; 0.4538 ; True ; 23 45 150 181 231 248 283 293  ; 5 7 3 5 
48.92 ; 0.463 ; True ; 45 150 181 231 240 248 283 293  ; 5 8 3 5 
50.61 ; 0.4704 ; True ; 23 45 149 150 181 231 248 386  ; 4 6 4 4 
54.69 ; 0.4716 ; True ; 45 73 150 181 231 248 293 385  ; 5 7 3 6 
55.72 ; 0.4852 ; True ; 23 45 150 181 240 248 293 394  ; 4 7 4 4 
61.39 ; 0.502 ; True ; 23 45 73 150 166 181 248 293  ; 4 6 4 5 
63.85 ; 0.5178 ; True ; 45 73 149 150 181 240 248 293  ; 4 7 4 5 
66.54 ; 0.5232 ; True ; 23 45 150 181 231 248 293 372  ; 5 6 4 5 
70.73 ; 0.5397 ; True ; 45 149 150 181 240 248 293 372  ; 5 7 4 5 
73.51 ; 0.5437 ; True ; 45 73 150 181 231 248 293 372  ; 5 6 4 6 
80.63 ; 0.5629 ; True ; 45 73 150 181 240 248 293 372  ; 4 6 5 5 


RUN 5:
Optimum Distance: 0.952
Optimal Team: 80,212,
Required Skills: 0 10 23 24 
Distance; Skill Score; isValid; Team; Skill Counts
0.99 ; 0.02307 ; True ; 150 293  ; 1 2 1 1 
1.982 ; 0.03462 ; True ; 80 372  ; 2 1 1 2 
2.786 ; 0.03548 ; True ; 150 248 336  ; 2 2 1 1 
2.835 ; 0.04488 ; True ; 150 152 248  ; 2 3 1 1 
2.873 ; 0.05761 ; True ; 150 160 231  ; 2 2 1 2 
2.959 ; 0.07287 ; True ; 149 150 231  ; 2 3 1 2 
4.836 ; 0.08484 ; True ; 80 196 372  ; 3 2 1 3 
5.698 ; 0.08658 ; True ; 150 160 189 231  ; 3 3 1 2 
5.787 ; 0.1073 ; True ; 149 150 160 231  ; 3 3 1 3 
5.911 ; 0.1223 ; True ; 149 150 231 293  ; 3 4 1 3 
7.917 ; 0.1284 ; True ; 150 231 293 386  ; 2 3 2 2 
9.571 ; 0.1327 ; True ; 149 150 160 189 231  ; 4 4 1 3 
9.617 ; 0.1463 ; True ; 45 149 150 181  ; 2 4 2 2 
9.699 ; 0.1487 ; True ; 149 150 160 231 293  ; 4 4 1 4 
9.877 ; 0.1607 ; True ; 149 150 231 248 293  ; 4 5 1 4 
12.53 ; 0.1739 ; True ; 23 150 152 248 293  ; 3 4 2 2 
12.72 ; 0.1892 ; True ; 149 150 160 231 386  ; 3 3 2 3 
12.86 ; 0.2155 ; True ; 149 150 231 293 386  ; 3 4 2 3 
14.51 ; 0.233 ; True ; 45 149 150 181 231  ; 3 5 2 3 
18.44 ; 0.2339 ; True ; 23 150 152 160 248 293  ; 4 4 2 3 
18.46 ; 0.2528 ; True ; 23 150 152 231 248 293  ; 4 5 2 3 
18.61 ; 0.2621 ; True ; 149 150 160 231 293 386  ; 4 4 2 4 
18.81 ; 0.2833 ; True ; 149 150 231 248 293 386  ; 4 5 2 4 
20.41 ; 0.2974 ; True ; 45 149 150 181 231 293  ; 4 6 2 4 
25.3 ; 0.3099 ; True ; 23 45 150 181 248 293  ; 3 5 3 3 
25.62 ; 0.3151 ; True ; 16 149 150 231 248 293 386  ; 5 5 2 5 
26.45 ; 0.3308 ; True ; 149 150 231 248 283 293 386  ; 5 6 2 5 
27.33 ; 0.3412 ; True ; 45 149 150 181 231 248 293  ; 5 7 2 5 
31.34 ; 0.3485 ; True ; 23 150 160 231 248 293 386  ; 4 4 3 4 
32.06 ; 0.353 ; True ; 23 45 150 152 181 248 293  ; 4 6 3 3 
32.33 ; 0.3768 ; True ; 23 149 150 231 248 293 386  ; 4 5 3 4 
33.16 ; 0.3956 ; True ; 23 45 150 181 231 248 293  ; 4 6 3 4 
38.25 ; 0.408 ; True ; 45 149 150 181 231 240 248  ; 4 7 3 4 
41.06 ; 0.4123 ; True ; 23 150 189 231 248 293 386 394  ; 5 6 3 4 
41.2 ; 0.4191 ; True ; 16 23 150 231 248 293 386 394  ; 5 5 3 5 
42.09 ; 0.4399 ; True ; 23 149 150 231 248 293 386 394  ; 5 6 3 5 
43 ; 0.4538 ; True ; 45 149 150 181 231 248 293 386  ; 5 7 3 5 
48.11 ; 0.463 ; True ; 45 149 150 181 231 240 248 293  ; 5 8 3 5 
50.7 ; 0.4704 ; True ; 23 45 149 150 181 231 293 386  ; 4 6 4 4 
54.69 ; 0.4716 ; True ; 45 73 150 181 231 248 293 385  ; 5 7 3 6 
55.94 ; 0.4852 ; True ; 45 150 231 240 248 283 293 386  ; 4 7 4 4 
61.45 ; 0.4903 ; True ; 45 148 149 150 231 248 293 386  ; 5 6 4 4 
61.54 ; 0.502 ; True ; 45 73 149 150 181 248 283 386  ; 4 6 4 5 
64.04 ; 0.5057 ; True ; 45 149 150 181 240 248 293 377  ; 5 7 4 4 
65.63 ; 0.5178 ; True ; 45 73 150 240 248 283 293 394  ; 4 7 4 5 
67.6 ; 0.5232 ; True ; 45 149 150 181 248 293 372 386  ; 5 6 4 5 
70.73 ; 0.5397 ; True ; 45 149 150 181 240 248 293 372  ; 5 7 4 5 
74.35 ; 0.5437 ; True ; 45 73 149 150 181 248 372 385  ; 5 6 4 6 
81.41 ; 0.5572 ; True ; 45 63 73 149 150 181 248 372  ; 4 5 5 6 
82.33 ; 0.5629 ; True ; 45 73 150 231 240 248 283 372  ; 4 6 5 5 


RUN 6:
Optimum Distance: 0.952
Optimal Team: 80,212,
Required Skills: 0 10 23 24 
Distance; Skill Score; isValid; Team; Skill Counts
0.952 ; 0.01386 ; True ; 80 212  ; 1 1 1 1 
0.99 ; 0.02307 ; True ; 150 293  ; 1 2 1 1 
1.982 ; 0.03462 ; True ; 80 372  ; 2 1 1 2 
2.786 ; 0.03548 ; True ; 150 248 336  ; 2 2 1 1 
2.811 ; 0.05761 ; True ; 80 196 212  ; 2 2 1 2 
2.959 ; 0.07287 ; True ; 149 150 231  ; 2 3 1 2 
4.836 ; 0.08484 ; True ; 80 196 372  ; 3 2 1 3 
5.689 ; 0.09033 ; True ; 13 80 196 212  ; 2 3 1 3 
5.787 ; 0.1073 ; True ; 149 150 160 231  ; 3 3 1 3 
5.911 ; 0.1223 ; True ; 149 150 231 293  ; 3 4 1 3 
7.917 ; 0.1284 ; True ; 150 231 293 386  ; 2 3 2 2 
9.571 ; 0.1327 ; True ; 149 150 160 189 231  ; 4 4 1 3 
9.617 ; 0.1463 ; True ; 45 149 150 181  ; 2 4 2 2 
9.699 ; 0.1487 ; True ; 149 150 160 231 293  ; 4 4 1 4 
9.71 ; 0.1495 ; True ; 80 196 212 372  ; 3 2 2 3 
9.877 ; 0.1607 ; True ; 149 150 231 248 293  ; 4 5 1 4 
12.53 ; 0.1739 ; True ; 23 150 152 248 293  ; 3 4 2 2 
12.72 ; 0.1892 ; True ; 149 150 160 231 386  ; 3 3 2 3 
12.86 ; 0.2155 ; True ; 149 150 231 293 386  ; 3 4 2 3 
14.51 ; 0.233 ; True ; 45 149 150 181 231  ; 3 5 2 3 
18.46 ; 0.2528 ; True ; 23 150 152 231 248 293  ; 4 5 2 3 
18.61 ; 0.2621 ; True ; 149 150 160 231 293 386  ; 4 4 2 4 
18.81 ; 0.2833 ; True ; 149 150 231 248 293 386  ; 4 5 2 4 
20.41 ; 0.2974 ; True ; 45 149 150 181 231 293  ; 4 6 2 4 
25.3 ; 0.3099 ; True ; 23 45 150 181 248 293  ; 3 5 3 3 
25.56 ; 0.3151 ; True ; 149 150 160 231 248 293 386  ; 5 5 2 5 
26.45 ; 0.3308 ; True ; 149 150 231 248 283 293 386  ; 5 6 2 5 
27.33 ; 0.3412 ; True ; 45 149 150 181 231 248 293  ; 5 7 2 5 
31.34 ; 0.3485 ; True ; 23 150 160 231 248 293 386  ; 4 4 3 4 
32.06 ; 0.353 ; True ; 23 45 150 152 181 248 293  ; 4 6 3 3 
32.2 ; 0.3768 ; True ; 23 150 231 248 283 293 386  ; 4 5 3 4 
33.16 ; 0.3956 ; True ; 23 45 150 181 231 248 293  ; 4 6 3 4 
38.25 ; 0.408 ; True ; 45 149 150 181 231 240 248  ; 4 7 3 4 
41.05 ; 0.4191 ; True ; 23 149 150 160 231 248 293 386  ; 5 5 3 5 
41.93 ; 0.4399 ; True ; 23 149 150 231 248 283 293 386  ; 5 6 3 5 
42.8 ; 0.4538 ; True ; 23 45 149 150 181 231 248 293  ; 5 7 3 5 
48.94 ; 0.463 ; True ; 45 149 150 181 240 248 293 385  ; 5 8 3 5 
49.86 ; 0.4704 ; True ; 23 45 149 150 231 248 293 386  ; 4 6 4 4 
54.69 ; 0.4716 ; True ; 45 73 149 150 181 248 283 293  ; 5 7 3 6 
56.65 ; 0.4852 ; True ; 23 45 150 181 231 240 293 385  ; 4 7 4 4 
60.9 ; 0.502 ; True ; 45 73 149 150 248 293 386 394  ; 4 6 4 5 
63.85 ; 0.5178 ; True ; 45 73 149 150 181 240 248 293  ; 4 7 4 5 
67.74 ; 0.5232 ; True ; 45 149 150 231 248 293 372 386  ; 5 6 4 5 
70.73 ; 0.5397 ; True ; 45 149 150 181 240 248 293 372  ; 5 7 4 5 
73.51 ; 0.5437 ; True ; 45 73 150 181 231 248 293 372  ; 5 6 4 6 
81.43 ; 0.5629 ; True ; 45 73 150 181 240 248 283 372  ; 4 6 5 5 


RUN 7:
Optimum Distance: 0.952
Optimal Team: 80,212,
Required Skills: 0 10 23 24 
Distance; Skill Score; isValid; Team; Skill Counts
0.952 ; 0.01386 ; True ; 80 212  ; 1 1 1 1 
0.99 ; 0.02307 ; True ; 150 293  ; 1 2 1 1 
1.982 ; 0.03462 ; True ; 80 372  ; 2 1 1 2 
2.786 ; 0.03548 ; True ; 150 248 336  ; 2 2 1 1 
2.811 ; 0.05761 ; True ; 80 196 212  ; 2 2 1 2 
2.959 ; 0.07287 ; True ; 149 150 231  ; 2 3 1 2 
4.836 ; 0.08484 ; True ; 80 196 372  ; 3 2 1 3 
5.698 ; 0.08658 ; True ; 150 160 189 231  ; 3 3 1 2 
5.787 ; 0.1073 ; True ; 149 150 160 231  ; 3 3 1 3 
5.911 ; 0.1223 ; True ; 149 150 231 293  ; 3 4 1 3 
7.917 ; 0.1284 ; True ; 150 231 293 386  ; 2 3 2 2 
9.602 ; 0.1305 ; True ; 16 149 150 160 231  ; 4 3 1 4 
9.617 ; 0.1463 ; True ; 45 149 150 181  ; 2 4 2 2 
9.699 ; 0.1487 ; True ; 149 150 160 231 293  ; 4 4 1 4 
9.877 ; 0.1607 ; True ; 149 150 231 248 293  ; 4 5 1 4 
12.53 ; 0.1739 ; True ; 23 150 152 248 293  ; 3 4 2 2 
12.72 ; 0.1892 ; True ; 149 150 160 231 386  ; 3 3 2 3 
12.86 ; 0.2155 ; True ; 149 150 231 293 386  ; 3 4 2 3 
14.51 ; 0.233 ; True ; 45 149 150 181 231  ; 3 5 2 3 
18.4 ; 0.2339 ; True ; 23 150 152 160 231 248  ; 4 4 2 3 
18.46 ; 0.2528 ; True ; 23 150 152 231 248 293  ; 4 5 2 3 
18.61 ; 0.2621 ; True ; 149 150 160 231 293 386  ; 4 4 2 4 
18.81 ; 0.2833 ; True ; 149 150 231 248 293 386  ; 4 5 2 4 
20.41 ; 0.2974 ; True ; 45 149 150 181 231 293  ; 4 6 2 4 
25.3 ; 0.3099 ; True ; 23 45 150 181 248 293  ; 3 5 3 3 
25.56 ; 0.3151 ; True ; 149 150 160 231 248 293 386  ; 5 5 2 5 
26.45 ; 0.3308 ; True ; 149 150 231 248 283 293 386  ; 5 6 2 5 
27.33 ; 0.3412 ; True ; 45 149 150 181 231 248 293  ; 5 7 2 5 
31.34 ; 0.3485 ; True ; 23 150 160 231 248 293 386  ; 4 4 3 4 
32.33 ; 0.3768 ; True ; 23 149 150 231 248 293 386  ; 4 5 3 4 
33.16 ; 0.3956 ; True ; 23 45 150 181 231 248 293  ; 4 6 3 4 
38.25 ; 0.408 ; True ; 45 149 150 181 231 240 248  ; 4 7 3 4 
41.05 ; 0.4191 ; True ; 23 149 150 160 231 248 293 386  ; 5 5 3 5 
41.83 ; 0.4253 ; True ; 23 45 150 165 181 231 248 293  ; 5 7 3 4 
41.87 ; 0.4399 ; True ; 23 45 150 160 181 231 248 293  ; 5 6 3 5 
42.99 ; 0.4538 ; True ; 45 149 150 231 248 283 293 386  ; 5 7 3 5 
48.11 ; 0.463 ; True ; 45 149 150 181 231 240 248 293  ; 5 8 3 5 
52.19 ; 0.4704 ; True ; 23 45 150 181 248 293 369 386  ; 4 6 4 4 
53.81 ; 0.4716 ; True ; 45 73 149 150 181 231 248 293  ; 5 7 3 6 
55.17 ; 0.4852 ; True ; 45 149 150 231 240 248 293 386  ; 4 7 4 4 
60.63 ; 0.502 ; True ; 23 45 73 150 181 248 293 394  ; 4 6 4 5 
63.8 ; 0.5178 ; True ; 45 73 149 150 181 231 240 248  ; 4 7 4 5 
66.54 ; 0.5232 ; True ; 23 45 150 181 231 248 293 372  ; 5 6 4 5 
70.67 ; 0.5397 ; True ; 45 149 150 181 231 240 248 372  ; 5 7 4 5 
73.51 ; 0.5437 ; True ; 45 73 150 181 231 248 293 372  ; 5 6 4 6 
81.43 ; 0.5629 ; True ; 45 73 150 181 240 248 283 372  ; 4 6 5 5 


RUN 8:
Optimum Distance: 0.952
Optimal Team: 80,212,
Required Skills: 0 10 23 24 
Distance; Skill Score; isValid; Team; Skill Counts
0.952 ; 0.01386 ; True ; 80 212  ; 1 1 1 1 
0.99 ; 0.02307 ; True ; 150 293  ; 1 2 1 1 
1.982 ; 0.03462 ; True ; 80 372  ; 2 1 1 2 
2.786 ; 0.03548 ; True ; 150 248 336  ; 2 2 1 1 
2.835 ; 0.04488 ; True ; 150 152 248  ; 2 3 1 1 
2.873 ; 0.05761 ; True ; 150 160 231  ; 2 2 1 2 
2.959 ; 0.07287 ; True ; 149 150 231  ; 2 3 1 2 
4.836 ; 0.08484 ; True ; 80 196 372  ; 3 2 1 3 
5.698 ; 0.08658 ; True ; 150 160 189 231  ; 3 3 1 2 
5.787 ; 0.1073 ; True ; 149 150 160 231  ; 3 3 1 3 
5.911 ; 0.1223 ; True ; 149 150 231 293  ; 3 4 1 3 
7.917 ; 0.1284 ; True ; 150 231 293 386  ; 2 3 2 2 
9.571 ; 0.1327 ; True ; 149 150 160 189 231  ; 4 4 1 3 
9.617 ; 0.1463 ; True ; 45 149 150 181  ; 2 4 2 2 
9.699 ; 0.1487 ; True ; 149 150 160 231 293  ; 4 4 1 4 
9.8 ; 0.1495 ; True ; 8 80 196 372  ; 3 2 2 3 
9.877 ; 0.1607 ; True ; 149 150 231 248 293  ; 4 5 1 4 
12.53 ; 0.1739 ; True ; 23 150 152 248 293  ; 3 4 2 2 
12.72 ; 0.1892 ; True ; 149 150 160 231 386  ; 3 3 2 3 
12.86 ; 0.2155 ; True ; 149 150 231 293 386  ; 3 4 2 3 
14.51 ; 0.233 ; True ; 45 149 150 181 231  ; 3 5 2 3 
18.46 ; 0.2528 ; True ; 23 150 152 231 248 293  ; 4 5 2 3 
18.61 ; 0.2621 ; True ; 149 150 160 231 293 386  ; 4 4 2 4 
18.81 ; 0.2833 ; True ; 149 150 231 248 293 386  ; 4 5 2 4 
20.41 ; 0.2974 ; True ; 45 149 150 181 231 293  ; 4 6 2 4 
25.3 ; 0.3099 ; True ; 23 45 150 181 248 293  ; 3 5 3 3 
25.56 ; 0.3151 ; True ; 149 150 160 231 248 293 386  ; 5 5 2 5 
26.45 ; 0.3308 ; True ; 149 150 231 248 283 293 386  ; 5 6 2 5 
27.33 ; 0.3412 ; True ; 45 149 150 181 231 248 293  ; 5 7 2 5 
31.34 ; 0.3485 ; True ; 23 150 160 231 248 293 386  ; 4 4 3 4 
32.06 ; 0.353 ; True ; 23 45 150 152 181 248 293  ; 4 6 3 3 
32.2 ; 0.3768 ; True ; 23 150 231 248 283 293 386  ; 4 5 3 4 
33.16 ; 0.3956 ; True ; 23 45 150 181 231 248 293  ; 4 6 3 4 
38.25 ; 0.408 ; True ; 45 149 150 181 231 240 248  ; 4 7 3 4 
41.08 ; 0.4191 ; True ; 23 150 160 231 248 293 386 394  ; 5 5 3 5 
42.06 ; 0.4253 ; True ; 23 45 150 152 181 231 293 394  ; 5 7 3 4 
42.09 ; 0.4399 ; True ; 23 149 150 231 248 293 386 394  ; 5 6 3 5 
42.8 ; 0.4538 ; True ; 23 45 149 150 181 231 248 293  ; 5 7 3 5 
48.83 ; 0.463 ; True ; 45 149 150 181 231 240 248 283  ; 5 8 3 5 
50.63 ; 0.4704 ; True ; 23 45 149 150 181 248 293 386  ; 4 6 4 4 
54.63 ; 0.4716 ; True ; 45 73 149 150 181 231 248 385  ; 5 7 3 6 
55.17 ; 0.4852 ; True ; 45 149 150 231 240 248 293 386  ; 4 7 4 4 
59.67 ; 0.502 ; True ; 23 45 73 150 181 231 248 293  ; 4 6 4 5 
63.85 ; 0.5178 ; True ; 45 73 149 150 181 240 248 293  ; 4 7 4 5 
66.54 ; 0.5232 ; True ; 23 45 150 181 231 248 293 372  ; 5 6 4 5 
70.67 ; 0.5397 ; True ; 45 149 150 181 231 240 248 372  ; 5 7 4 5 
73.51 ; 0.5437 ; True ; 45 73 150 181 231 248 293 372  ; 5 6 4 6 
82.47 ; 0.5588 ; True ; 45 73 149 150 181 248 313 372  ; 5 5 5 5 
82.48 ; 0.5629 ; True ; 45 73 150 181 231 240 293 372  ; 4 6 5 5 


RUN 9:
Optimum Distance: 0.952
Optimal Team: 80,212,
Required Skills: 0 10 23 24 
Distance; Skill Score; isValid; Team; Skill Counts
0.952 ; 0.01386 ; True ; 80 212  ; 1 1 1 1 
0.99 ; 0.02307 ; True ; 150 293  ; 1 2 1 1 
1.982 ; 0.03462 ; True ; 80 372  ; 2 1 1 2 
2.786 ; 0.03548 ; True ; 150 248 336  ; 2 2 1 1 
2.811 ; 0.05761 ; True ; 80 196 212  ; 2 2 1 2 
2.959 ; 0.07287 ; True ; 149 150 231  ; 2 3 1 2 
4.836 ; 0.08484 ; True ; 80 196 372  ; 3 2 1 3 
5.698 ; 0.08658 ; True ; 150 160 189 231  ; 3 3 1 2 
5.787 ; 0.1073 ; True ; 149 150 160 231  ; 3 3 1 3 
5.911 ; 0.1223 ; True ; 149 150 231 293  ; 3 4 1 3 
7.917 ; 0.1284 ; True ; 150 231 293 386  ; 2 3 2 2 
9.571 ; 0.1327 ; True ; 149 150 160 189 231  ; 4 4 1 3 
9.617 ; 0.1463 ; True ; 45 149 150 181  ; 2 4 2 2 
9.699 ; 0.1487 ; True ; 149 150 160 231 293  ; 4 4 1 4 
9.71 ; 0.1495 ; True ; 80 196 212 372  ; 3 2 2 3 
9.877 ; 0.1607 ; True ; 149 150 231 248 293  ; 4 5 1 4 
12.53 ; 0.1739 ; True ; 23 150 152 248 293  ; 3 4 2 2 
12.72 ; 0.1892 ; True ; 149 150 160 231 386  ; 3 3 2 3 
12.86 ; 0.2155 ; True ; 149 150 231 293 386  ; 3 4 2 3 
14.51 ; 0.233 ; True ; 45 149 150 181 231  ; 3 5 2 3 
18.43 ; 0.2339 ; True ; 16 23 150 152 248 293  ; 4 4 2 3 
18.46 ; 0.2528 ; True ; 23 150 152 231 248 293  ; 4 5 2 3 
18.61 ; 0.2621 ; True ; 149 150 160 231 293 386  ; 4 4 2 4 
18.81 ; 0.2833 ; True ; 149 150 231 248 293 386  ; 4 5 2 4 
20.41 ; 0.2974 ; True ; 45 149 150 181 231 293  ; 4 6 2 4 
25.3 ; 0.3099 ; True ; 23 45 150 181 248 293  ; 3 5 3 3 
25.56 ; 0.31 ; True ; 149 150 189 231 248 293 386  ; 5 6 2 4 
25.62 ; 0.3151 ; True ; 16 149 150 231 248 293 386  ; 5 5 2 5 
26.45 ; 0.3308 ; True ; 149 150 231 248 283 293 386  ; 5 6 2 5 
27.33 ; 0.3412 ; True ; 45 149 150 181 231 248 293  ; 5 7 2 5 
31.43 ; 0.3485 ; True ; 16 23 150 231 248 293 386  ; 4 4 3 4 
32.33 ; 0.3768 ; True ; 23 149 150 231 248 293 386  ; 4 5 3 4 
33.16 ; 0.3956 ; True ; 23 45 150 181 231 248 293  ; 4 6 3 4 
38.28 ; 0.408 ; True ; 45 149 150 181 240 248 293  ; 4 7 3 4 
41.79 ; 0.4399 ; True ; 16 23 45 150 181 231 248 293  ; 5 6 3 5 
42.75 ; 0.4538 ; True ; 23 45 150 181 231 248 283 293  ; 5 7 3 5 
48.96 ; 0.463 ; True ; 45 150 181 231 240 248 293 385  ; 5 8 3 5 
51.52 ; 0.4704 ; True ; 23 45 150 166 231 283 293 386  ; 4 6 4 4 
53.81 ; 0.4716 ; True ; 45 73 149 150 181 231 248 293  ; 5 7 3 6 
54.78 ; 0.4852 ; True ; 23 45 150 181 231 240 248 293  ; 4 7 4 4 
59.95 ; 0.502 ; True ; 45 73 149 150 231 248 293 386  ; 4 6 4 5 
64.66 ; 0.5178 ; True ; 45 73 150 181 231 240 248 385  ; 4 7 4 5 
66.54 ; 0.5232 ; True ; 23 45 150 181 231 248 293 372  ; 5 6 4 5 
70.73 ; 0.5397 ; True ; 45 149 150 181 240 248 293 372  ; 5 7 4 5 
73.45 ; 0.5437 ; True ; 45 73 149 150 181 231 248 372  ; 5 6 4 6 
81.41 ; 0.5572 ; True ; 45 63 73 149 150 181 248 372  ; 4 5 5 6 
82.38 ; 0.5588 ; True ; 45 63 150 181 231 293 313 372  ; 5 5 5 5 
82.46 ; 0.5629 ; True ; 45 63 150 181 240 248 293 372  ; 4 6 5 5 


RUN 10:
Optimum Distance: 0.952
Optimal Team: 80,212,
Required Skills: 0 10 23 24 
Distance; Skill Score; isValid; Team; Skill Counts
0.952 ; 0.01386 ; True ; 80 212  ; 1 1 1 1 
0.99 ; 0.02307 ; True ; 150 293  ; 1 2 1 1 
1.982 ; 0.03462 ; True ; 80 372  ; 2 1 1 2 
2.786 ; 0.03548 ; True ; 150 248 336  ; 2 2 1 1 
2.835 ; 0.04488 ; True ; 150 152 248  ; 2 3 1 1 
2.861 ; 0.05761 ; True ; 8 80 196  ; 2 2 1 2 
2.959 ; 0.07287 ; True ; 149 150 231  ; 2 3 1 2 
4.836 ; 0.08484 ; True ; 80 196 372  ; 3 2 1 3 
5.698 ; 0.08658 ; True ; 150 160 189 231  ; 3 3 1 2 
5.787 ; 0.1073 ; True ; 149 150 160 231  ; 3 3 1 3 
5.911 ; 0.1223 ; True ; 149 150 231 293  ; 3 4 1 3 
7.917 ; 0.1284 ; True ; 150 231 293 386  ; 2 3 2 2 
9.571 ; 0.1327 ; True ; 149 150 160 189 231  ; 4 4 1 3 
9.617 ; 0.1463 ; True ; 45 149 150 181  ; 2 4 2 2 
9.699 ; 0.1487 ; True ; 149 150 160 231 293  ; 4 4 1 4 
9.877 ; 0.1607 ; True ; 149 150 231 248 293  ; 4 5 1 4 
12.53 ; 0.1739 ; True ; 23 150 152 248 293  ; 3 4 2 2 
12.72 ; 0.1892 ; True ; 149 150 160 231 386  ; 3 3 2 3 
12.86 ; 0.2155 ; True ; 149 150 231 293 386  ; 3 4 2 3 
14.51 ; 0.233 ; True ; 45 149 150 181 231  ; 3 5 2 3 
18.46 ; 0.2528 ; True ; 23 150 152 231 248 293  ; 4 5 2 3 
18.61 ; 0.2621 ; True ; 149 150 160 231 293 386  ; 4 4 2 4 
18.81 ; 0.2833 ; True ; 149 150 231 248 293 386  ; 4 5 2 4 
20.41 ; 0.2974 ; True ; 45 149 150 181 231 293  ; 4 6 2 4 
25.3 ; 0.3099 ; True ; 23 45 150 181 248 293  ; 3 5 3 3 
25.56 ; 0.3151 ; True ; 149 150 160 231 248 293 386  ; 5 5 2 5 
26.45 ; 0.3308 ; True ; 149 150 231 248 283 293 386  ; 5 6 2 5 
27.33 ; 0.3412 ; True ; 45 149 150 181 231 248 293  ; 5 7 2 5 
31.34 ; 0.3485 ; True ; 23 150 160 231 248 293 386  ; 4 4 3 4 
32.08 ; 0.353 ; True ; 23 45 150 152 181 231 248  ; 4 6 3 3 
32.33 ; 0.3768 ; True ; 23 149 150 231 248 293 386  ; 4 5 3 4 
33.16 ; 0.3956 ; True ; 23 45 150 181 231 248 293  ; 4 6 3 4 
38.25 ; 0.408 ; True ; 45 149 150 181 231 240 248  ; 4 7 3 4 
40.9 ; 0.4123 ; True ; 16 23 45 150 152 231 248 293  ; 5 6 3 4 
40.92 ; 0.4253 ; True ; 23 45 150 152 181 231 248 293  ; 5 7 3 4 
41.79 ; 0.4399 ; True ; 16 23 45 150 181 231 248 293  ; 5 6 3 5 
42.79 ; 0.4538 ; True ; 23 45 150 181 231 248 293 385  ; 5 7 3 5 
49 ; 0.463 ; True ; 45 149 150 181 231 240 248 394  ; 5 8 3 5 
50.63 ; 0.4704 ; True ; 23 45 149 150 181 248 293 386  ; 4 6 4 4 
54.69 ; 0.4716 ; True ; 45 73 149 150 181 248 283 293  ; 5 7 3 6 
55.17 ; 0.4852 ; True ; 45 149 150 231 240 248 293 386  ; 4 7 4 4 
60.54 ; 0.502 ; True ; 23 45 73 150 181 248 283 293  ; 4 6 4 5 
64.72 ; 0.5178 ; True ; 45 73 150 231 240 248 283 293  ; 4 7 4 5 
67.33 ; 0.5232 ; True ; 23 45 149 150 181 231 248 372  ; 5 6 4 5 
71.65 ; 0.5397 ; True ; 45 149 150 181 231 240 293 372  ; 5 7 4 5 
73.45 ; 0.5437 ; True ; 45 73 149 150 181 231 248 372  ; 5 6 4 6 
80.63 ; 0.5629 ; True ; 45 73 150 181 240 248 293 372  ; 4 6 5 5 


