Iteration: 1000
 Population Size: 1000
RUN 1:
Optimum Distance: 8.886
Optimal Team: 83,190,414,
Required Skills: 0 1 4 10 23 24 
Distance; Skill Score; isValid; Team; Skill Counts
8.886 ; 2.484e-06 ; True ; 83 190 414  ; 1 1 1 1 1 1 
11.85 ; 4.087e-06 ; True ; 13 190 395  ; 1 1 1 1 1 2 
15.64 ; 8.011e-06 ; True ; 83 188 190 395  ; 2 1 1 1 1 3 
15.67 ; 1.076e-05 ; True ; 83 190 209 414  ; 2 1 1 2 1 2 
16.81 ; 1.136e-05 ; True ; 83 190 395 414  ; 2 1 1 1 2 2 
19.61 ; 1.218e-05 ; True ; 83 190 225 414  ; 2 1 2 1 1 2 
19.78 ; 1.31e-05 ; True ; 13 190 332 349  ; 1 1 2 2 1 2 
20.57 ; 1.349e-05 ; True ; 13 83 190 395  ; 2 1 1 2 1 3 
20.61 ; 1.383e-05 ; True ; 13 190 395 414  ; 1 1 2 1 2 2 
20.67 ; 1.526e-05 ; True ; 13 190 225 395  ; 2 1 2 1 1 3 
20.76 ; 1.642e-05 ; True ; 13 190 349 395  ; 1 1 2 2 1 3 
23.33 ; 1.835e-05 ; True ; 83 188 190 209 395  ; 3 1 1 2 1 4 
24.61 ; 2.163e-05 ; True ; 188 190 345 395 414  ; 2 1 2 1 2 2 
25.34 ; 2.569e-05 ; True ; 83 188 190 209 414  ; 2 1 2 2 1 3 
25.57 ; 2.71e-05 ; True ; 83 188 190 395 414  ; 2 1 2 1 2 3 
25.58 ; 2.883e-05 ; True ; 83 190 209 395 414  ; 3 1 1 2 2 3 
29.35 ; 3.092e-05 ; True ; 83 190 209 225 414  ; 3 1 2 2 1 3 
29.52 ; 3.262e-05 ; True ; 83 190 225 395 414  ; 3 1 2 1 2 3 
30.39 ; 3.641e-05 ; True ; 13 155 190 332 349  ; 2 1 2 2 2 2 
30.54 ; 3.673e-05 ; True ; 13 190 225 332 349  ; 2 1 3 2 1 3 
31.54 ; 4.151e-05 ; True ; 13 190 225 349 395  ; 2 1 3 2 1 4 
31.61 ; 4.562e-05 ; True ; 13 190 332 349 395  ; 2 1 2 2 2 3 
36.25 ; 6.207e-05 ; True ; 83 188 190 209 395 414  ; 3 1 2 2 2 4 
41.21 ; 6.523e-05 ; True ; 13 74 190 225 332 349  ; 2 1 3 2 2 3 
41.25 ; 6.799e-05 ; True ; 83 190 209 225 395 414  ; 4 1 2 2 2 4 
41.32 ; 7.373e-05 ; True ; 13 126 190 225 332 349  ; 2 1 3 2 2 4 
42.32 ; 7.922e-05 ; True ; 13 126 190 225 349 395  ; 2 1 3 2 2 5 
44.36 ; 8.874e-05 ; True ; 13 190 225 332 349 395  ; 3 1 3 2 2 4 
46.97 ; 9.378e-05 ; True ; 13 190 225 349 395 414  ; 2 1 4 2 2 4 
47.87 ; 9.418e-05 ; True ; 13 190 349 362 395 414  ; 2 1 3 3 2 4 
50.98 ; 0.0001012 ; True ; 13 75 126 190 225 230 349  ; 2 1 3 3 2 5 
53.14 ; 0.0001061 ; True ; 13 65 126 190 225 332 349  ; 2 1 3 2 3 5 
53.85 ; 0.0001134 ; True ; 13 155 190 225 270 332 349  ; 3 1 3 3 2 4 
55.02 ; 0.0001218 ; True ; 13 126 190 225 230 349 395  ; 3 1 3 3 2 5 
57.08 ; 0.0001277 ; True ; 13 126 190 225 332 349 395  ; 3 1 3 2 3 5 
58.83 ; 0.0001302 ; True ; 13 155 190 225 332 349 395  ; 4 1 3 2 3 4 
59.45 ; 0.0001337 ; True ; 13 155 190 225 332 349 414  ; 3 1 4 2 3 3 
59.5 ; 0.0001343 ; True ; 13 155 190 332 349 362 414  ; 3 1 3 3 3 3 
60.59 ; 0.0001349 ; True ; 13 126 190 225 349 395 414  ; 2 1 4 2 3 5 
61.16 ; 0.0001442 ; True ; 13 155 190 225 349 362 414  ; 3 1 4 3 2 4 
61.44 ; 0.0001512 ; True ; 13 155 190 225 349 395 414  ; 3 1 4 2 3 4 
62.46 ; 0.0001518 ; True ; 13 155 190 349 362 395 414  ; 3 1 3 3 3 4 
63.48 ; 0.0001549 ; True ; 13 190 225 349 362 395 414  ; 3 1 4 3 2 5 
66.82 ; 0.0001631 ; True ; 13 65 126 190 225 230 332 349  ; 3 1 3 3 3 5 
68.72 ; 0.0001704 ; True ; 13 75 126 190 225 230 349 395  ; 3 1 3 3 3 6 
71.65 ; 0.0001787 ; True ; 13 155 190 225 270 332 349 395  ; 4 1 3 3 3 5 
73.25 ; 0.0001931 ; True ; 13 155 190 225 270 332 349 414  ; 3 1 4 3 3 4 
75.58 ; 0.0002075 ; True ; 13 190 225 270 332 349 395 414  ; 3 1 4 3 3 5 
76.96 ; 0.0002115 ; True ; 13 155 190 225 332 349 362 414  ; 4 1 4 3 3 4 
79.08 ; 0.0002167 ; True ; 13 126 190 225 349 362 395 414  ; 3 1 4 3 3 6 
79.93 ; 0.0002273 ; True ; 13 155 190 225 349 362 395 414  ; 4 1 4 3 3 5 
86.66 ; 0.0002304 ; True ; 13 155 190 225 314 349 362 414  ; 3 1 5 3 3 4 
87.03 ; 0.0002311 ; True ; 13 54 155 190 225 349 395 414  ; 3 1 4 3 4 4 
87.35 ; 0.0002374 ; True ; 13 126 190 225 230 287 332 349 395  ; 4 1 4 3 3 6 
89.21 ; 0.0002382 ; True ; 13 54 190 225 349 362 395 414  ; 3 1 4 4 3 5 
90.64 ; 0.0002482 ; True ; 13 126 155 190 225 270 332 349 414  ; 3 1 4 3 4 5 
92.32 ; 0.0002531 ; True ; 13 126 155 190 225 230 332 349 414  ; 4 1 4 3 4 4 
92.66 ; 0.0002586 ; True ; 13 126 190 225 230 287 349 395 414  ; 3 1 5 3 3 6 
92.7 ; 0.0002593 ; True ; 13 75 126 190 225 230 349 395 414  ; 3 1 4 3 4 6 
92.71 ; 0.000261 ; True ; 13 155 190 225 270 332 349 362 414  ; 4 1 4 4 3 5 
93.03 ; 0.0002719 ; True ; 13 155 190 225 270 332 349 395 414  ; 4 1 4 3 4 5 
96.03 ; 0.0002726 ; True ; 13 190 225 270 332 349 362 395 414  ; 4 1 4 4 3 6 
97.38 ; 0.0002841 ; True ; 13 126 155 190 225 349 362 395 414  ; 4 1 4 3 4 6 
97.72 ; 0.0002853 ; True ; 13 155 190 225 332 349 362 395 414  ; 5 1 4 3 4 5 
103.2 ; 0.0002919 ; True ; 13 65 126 190 225 230 297 332 349 395  ; 4 1 4 3 4 7 
105.1 ; 0.0002963 ; True ; 13 126 155 190 225 314 349 362 414  ; 3 1 5 3 4 5 
105.4 ; 0.0003021 ; True ; 13 155 190 225 314 332 349 362 414  ; 4 1 5 3 4 4 
108.2 ; 0.0003095 ; True ; 13 65 126 190 225 230 287 332 349 414  ; 3 1 5 3 4 6 
109.4 ; 0.0003123 ; True ; 13 155 190 225 255 349 362 395 414  ; 4 1 4 4 4 5 
109.4 ; 0.0003245 ; True ; 13 155 190 225 314 349 362 395 414  ; 4 1 5 3 4 5 
112.1 ; 0.0003262 ; True ; 13 126 155 190 225 270 332 349 362 414  ; 4 1 4 4 4 6 
112.7 ; 0.000339 ; True ; 13 126 155 190 225 230 287 349 395 414  ; 4 1 5 3 4 6 
115 ; 0.0003405 ; True ; 13 155 190 225 230 287 332 349 395 414  ; 5 1 5 3 4 5 
115.5 ; 0.0003423 ; True ; 13 155 190 225 270 332 349 362 395 414  ; 5 1 4 4 4 6 
116.7 ; 0.0003484 ; True ; 13 126 155 190 225 287 349 362 395 414  ; 4 1 5 3 4 7 
118 ; 0.0003557 ; True ; 13 155 190 225 287 332 349 362 395 414  ; 5 1 5 3 4 6 
125.2 ; 0.0003727 ; True ; 13 155 190 225 270 314 332 349 362 414  ; 4 1 5 4 4 5 
129.8 ; 0.0003823 ; True ; 13 126 155 190 225 314 349 362 395 414  ; 4 1 5 3 5 6 
130.1 ; 0.0003888 ; True ; 13 126 155 190 225 230 287 297 332 349 414  ; 4 1 6 3 4 6 
130.1 ; 0.0003893 ; True ; 13 155 190 225 270 314 349 362 395 414  ; 4 1 5 4 4 6 
131.7 ; 0.000391 ; True ; 13 155 190 225 230 314 349 362 395 414  ; 5 1 5 4 4 5 
131.7 ; 0.0004001 ; True ; 13 65 126 190 225 230 297 332 349 362 414  ; 4 1 5 4 4 7 
134.1 ; 0.0004085 ; True ; 13 126 155 190 225 230 287 332 349 362 414  ; 5 1 5 4 4 6 
137.2 ; 0.0004198 ; True ; 13 126 155 190 225 230 287 349 362 395 414  ; 5 1 5 4 4 7 
142.8 ; 0.0004202 ; True ; 13 155 190 225 255 314 349 362 395 414  ; 4 1 5 4 5 5 
145 ; 0.000427 ; True ; 13 44 126 155 190 225 287 349 362 395 414  ; 5 1 5 4 4 8 
146.1 ; 0.0004273 ; True ; 13 54 155 190 225 230 287 297 332 349 414  ; 4 1 6 4 4 5 
147.2 ; 0.000439 ; True ; 13 54 126 155 190 225 230 287 349 395 414  ; 4 1 5 4 5 6 
148.2 ; 0.0004464 ; True ; 13 54 155 190 225 230 287 297 349 395 414  ; 4 1 6 4 4 6 
150.9 ; 0.0004484 ; True ; 13 155 190 225 230 287 314 332 349 362 414  ; 5 1 6 4 4 5 
151.9 ; 0.0004606 ; True ; 13 155 190 225 270 314 332 349 362 395 414  ; 5 1 5 4 5 6 
154.9 ; 0.0004684 ; True ; 13 155 190 225 230 287 314 349 362 395 414  ; 5 1 6 4 4 6 
155.9 ; 0.0004726 ; True ; 13 65 155 190 225 230 287 297 332 349 395 414  ; 5 1 6 3 5 7 
158.4 ; 0.0004815 ; True ; 13 65 126 190 225 230 287 332 349 362 395 414  ; 5 1 5 4 5 8 
158.5 ; 0.0004896 ; True ; 13 126 155 190 225 230 287 297 349 362 395 414  ; 5 1 6 4 4 8 
165 ; 0.000494 ; True ; 13 155 188 190 225 230 297 332 349 362 395 414  ; 6 1 6 4 4 7 
168 ; 0.0005034 ; True ; 13 155 190 225 255 287 314 349 362 395 414  ; 4 1 6 4 5 6 
169.6 ; 0.0005173 ; True ; 13 54 126 155 190 225 230 287 297 349 395 414  ; 4 1 6 4 5 7 
173.3 ; 0.0005281 ; True ; 13 126 155 190 225 230 287 314 332 349 362 414  ; 5 1 6 4 5 6 
177.3 ; 0.0005427 ; True ; 13 126 155 190 225 230 287 314 349 362 395 414  ; 5 1 6 4 5 7 
180.8 ; 0.0005521 ; True ; 13 126 155 190 225 230 287 297 303 349 362 395 414  ; 5 1 6 4 5 8 
187.5 ; 0.000557 ; True ; 13 44 155 190 225 297 314 332 349 362 395 414  ; 6 1 6 4 5 7 
192.4 ; 0.0005616 ; True ; 13 155 188 190 225 230 255 297 314 349 395 414  ; 4 1 7 4 5 6 
192.5 ; 0.0005627 ; True ; 13 54 126 155 190 225 287 314 349 362 395 414  ; 4 1 6 4 6 7 
194.4 ; 0.0005747 ; True ; 13 54 155 190 225 230 287 314 349 362 395 414  ; 5 1 6 5 5 6 
194.4 ; 0.0005771 ; True ; 13 54 155 190 225 287 297 314 349 362 395 414  ; 4 1 7 4 5 7 
199.8 ; 0.0005906 ; True ; 5 13 126 155 190 225 230 287 314 349 362 395 414  ; 5 1 6 5 5 7 
202.5 ; 0.000616 ; True ; 13 126 155 190 225 230 287 297 314 349 362 395 414  ; 5 1 7 4 5 8 
217.1 ; 0.0006164 ; True ; 13 65 155 190 209 225 297 314 332 349 362 395 414  ; 6 1 6 4 6 8 
220.4 ; 0.0006413 ; True ; 13 44 155 190 225 230 255 287 297 314 332 349 414  ; 5 1 7 5 5 6 
232.2 ; 0.0006425 ; True ; 13 65 190 209 225 255 287 314 332 345 349 395 414  ; 5 1 6 5 6 7 
240 ; 0.0006586 ; True ; 13 54 116 155 188 190 225 251 287 314 349 395 414  ; 5 1 7 4 6 7 
248.1 ; 0.0006589 ; True ; 13 44 60 140 155 190 225 230 287 314 349 395 414  ; 5 1 7 5 5 7 
248.2 ; 0.00067 ; True ; 13 126 140 155 190 225 251 287 314 349 362 395 414  ; 5 1 7 4 6 8 
259.4 ; 0.0006881 ; True ; 13 44 140 155 190 209 225 287 314 349 362 395 414  ; 6 1 7 5 5 8 
262.3 ; 0.0006975 ; True ; 13 44 54 140 190 207 225 287 314 332 349 395 414  ; 5 1 7 5 6 6 
274.1 ; 0.0007168 ; True ; 13 54 107 140 155 190 225 251 287 314 349 395 414  ; 5 1 7 5 6 7 


RUN 2:
Optimum Distance: 8.886
Optimal Team: 83,190,414,
Required Skills: 0 1 4 10 23 24 
Distance; Skill Score; isValid; Team; Skill Counts
8.886 ; 2.484e-06 ; True ; 83 190 414  ; 1 1 1 1 1 1 
11.85 ; 4.087e-06 ; True ; 13 190 395  ; 1 1 1 1 1 2 
15.64 ; 8.011e-06 ; True ; 83 188 190 395  ; 2 1 1 1 1 3 
15.67 ; 1.076e-05 ; True ; 83 190 209 414  ; 2 1 1 2 1 2 
16.81 ; 1.136e-05 ; True ; 83 190 395 414  ; 2 1 1 1 2 2 
19.61 ; 1.218e-05 ; True ; 83 190 225 414  ; 2 1 2 1 1 2 
19.78 ; 1.31e-05 ; True ; 13 190 332 349  ; 1 1 2 2 1 2 
20.57 ; 1.349e-05 ; True ; 13 83 190 395  ; 2 1 1 2 1 3 
20.61 ; 1.383e-05 ; True ; 13 190 395 414  ; 1 1 2 1 2 2 
20.67 ; 1.526e-05 ; True ; 13 190 225 395  ; 2 1 2 1 1 3 
20.76 ; 1.642e-05 ; True ; 13 190 349 395  ; 1 1 2 2 1 3 
23.33 ; 1.835e-05 ; True ; 83 188 190 209 395  ; 3 1 1 2 1 4 
24.52 ; 1.912e-05 ; True ; 83 190 209 227 414  ; 2 1 1 2 2 2 
25.34 ; 2.569e-05 ; True ; 83 188 190 209 414  ; 2 1 2 2 1 3 
25.57 ; 2.71e-05 ; True ; 83 188 190 395 414  ; 2 1 2 1 2 3 
25.58 ; 2.883e-05 ; True ; 83 190 209 395 414  ; 3 1 1 2 2 3 
29.35 ; 3.092e-05 ; True ; 83 190 209 225 414  ; 3 1 2 2 1 3 
29.52 ; 3.262e-05 ; True ; 83 190 225 395 414  ; 3 1 2 1 2 3 
30.39 ; 3.641e-05 ; True ; 13 155 190 332 349  ; 2 1 2 2 2 2 
30.54 ; 3.673e-05 ; True ; 13 190 225 332 349  ; 2 1 3 2 1 3 
31.54 ; 4.151e-05 ; True ; 13 190 225 349 395  ; 2 1 3 2 1 4 
31.61 ; 4.562e-05 ; True ; 13 190 332 349 395  ; 2 1 2 2 2 3 
36.25 ; 6.207e-05 ; True ; 83 188 190 209 395 414  ; 3 1 2 2 2 4 
41.21 ; 6.523e-05 ; True ; 13 74 190 225 332 349  ; 2 1 3 2 2 3 
41.25 ; 6.799e-05 ; True ; 83 190 209 225 395 414  ; 4 1 2 2 2 4 
41.32 ; 7.373e-05 ; True ; 13 126 190 225 332 349  ; 2 1 3 2 2 4 
42.32 ; 7.922e-05 ; True ; 13 126 190 225 349 395  ; 2 1 3 2 2 5 
44.36 ; 8.874e-05 ; True ; 13 190 225 332 349 395  ; 3 1 3 2 2 4 
46.97 ; 9.378e-05 ; True ; 13 190 225 349 395 414  ; 2 1 4 2 2 4 
47.87 ; 9.418e-05 ; True ; 13 190 349 362 395 414  ; 2 1 3 3 2 4 
50.98 ; 0.0001012 ; True ; 13 75 126 190 225 230 349  ; 2 1 3 3 2 5 
53.14 ; 0.0001061 ; True ; 13 65 126 190 225 332 349  ; 2 1 3 2 3 5 
53.85 ; 0.0001134 ; True ; 13 155 190 225 270 332 349  ; 3 1 3 3 2 4 
55.02 ; 0.0001218 ; True ; 13 126 190 225 230 349 395  ; 3 1 3 3 2 5 
57.08 ; 0.0001277 ; True ; 13 126 190 225 332 349 395  ; 3 1 3 2 3 5 
58.83 ; 0.0001302 ; True ; 13 155 190 225 332 349 395  ; 4 1 3 2 3 4 
59.45 ; 0.0001337 ; True ; 13 155 190 225 332 349 414  ; 3 1 4 2 3 3 
59.5 ; 0.0001343 ; True ; 13 155 190 332 349 362 414  ; 3 1 3 3 3 3 
60.59 ; 0.0001349 ; True ; 13 126 190 225 349 395 414  ; 2 1 4 2 3 5 
61.16 ; 0.0001442 ; True ; 13 155 190 225 349 362 414  ; 3 1 4 3 2 4 
61.44 ; 0.0001512 ; True ; 13 155 190 225 349 395 414  ; 3 1 4 2 3 4 
62.46 ; 0.0001518 ; True ; 13 155 190 349 362 395 414  ; 3 1 3 3 3 4 
63.48 ; 0.0001549 ; True ; 13 190 225 349 362 395 414  ; 3 1 4 3 2 5 
66.82 ; 0.0001631 ; True ; 13 65 126 190 225 230 332 349  ; 3 1 3 3 3 5 
68.72 ; 0.0001704 ; True ; 13 75 126 190 225 230 349 395  ; 3 1 3 3 3 6 
71.65 ; 0.0001787 ; True ; 13 155 190 225 270 332 349 395  ; 4 1 3 3 3 5 
73.25 ; 0.0001931 ; True ; 13 155 190 225 270 332 349 414  ; 3 1 4 3 3 4 
75.58 ; 0.0002075 ; True ; 13 190 225 270 332 349 395 414  ; 3 1 4 3 3 5 
76.96 ; 0.0002115 ; True ; 13 155 190 225 332 349 362 414  ; 4 1 4 3 3 4 
79.08 ; 0.0002167 ; True ; 13 126 190 225 349 362 395 414  ; 3 1 4 3 3 6 
79.93 ; 0.0002273 ; True ; 13 155 190 225 349 362 395 414  ; 4 1 4 3 3 5 
86.66 ; 0.0002304 ; True ; 13 155 190 225 314 349 362 414  ; 3 1 5 3 3 4 
87.03 ; 0.0002311 ; True ; 13 54 155 190 225 349 395 414  ; 3 1 4 3 4 4 
87.35 ; 0.0002374 ; True ; 13 126 190 225 230 287 332 349 395  ; 4 1 4 3 3 6 
89.21 ; 0.0002382 ; True ; 13 54 190 225 349 362 395 414  ; 3 1 4 4 3 5 
90.64 ; 0.0002482 ; True ; 13 126 155 190 225 270 332 349 414  ; 3 1 4 3 4 5 
92.32 ; 0.0002531 ; True ; 13 126 155 190 225 230 332 349 414  ; 4 1 4 3 4 4 
92.66 ; 0.0002586 ; True ; 13 126 190 225 230 287 349 395 414  ; 3 1 5 3 3 6 
92.7 ; 0.0002593 ; True ; 13 75 126 190 225 230 349 395 414  ; 3 1 4 3 4 6 
92.71 ; 0.000261 ; True ; 13 155 190 225 270 332 349 362 414  ; 4 1 4 4 3 5 
93.03 ; 0.0002719 ; True ; 13 155 190 225 270 332 349 395 414  ; 4 1 4 3 4 5 
96.03 ; 0.0002726 ; True ; 13 190 225 270 332 349 362 395 414  ; 4 1 4 4 3 6 
97.38 ; 0.0002841 ; True ; 13 126 155 190 225 349 362 395 414  ; 4 1 4 3 4 6 
97.72 ; 0.0002853 ; True ; 13 155 190 225 332 349 362 395 414  ; 5 1 4 3 4 5 
103.3 ; 0.000286 ; True ; 13 44 155 190 225 349 362 395 414  ; 5 1 4 4 3 6 
104 ; 0.0002919 ; True ; 13 75 126 190 225 230 287 332 349 395  ; 4 1 4 3 4 7 
105.1 ; 0.0002963 ; True ; 13 126 155 190 225 314 349 362 414  ; 3 1 5 3 4 5 
105.4 ; 0.0003021 ; True ; 13 155 190 225 314 332 349 362 414  ; 4 1 5 3 4 4 
108.4 ; 0.0003095 ; True ; 13 75 126 155 190 225 230 287 349 414  ; 3 1 5 3 4 6 
109.4 ; 0.0003123 ; True ; 13 155 190 225 255 349 362 395 414  ; 4 1 4 4 4 5 
109.4 ; 0.0003245 ; True ; 13 155 190 225 314 349 362 395 414  ; 4 1 5 3 4 5 
112.1 ; 0.0003262 ; True ; 13 126 155 190 225 270 332 349 362 414  ; 4 1 4 4 4 6 
112.7 ; 0.000339 ; True ; 13 126 155 190 225 230 287 349 395 414  ; 4 1 5 3 4 6 
115 ; 0.0003405 ; True ; 13 155 190 225 230 287 332 349 395 414  ; 5 1 5 3 4 5 
115.5 ; 0.0003423 ; True ; 13 155 190 225 270 332 349 362 395 414  ; 5 1 4 4 4 6 
116.7 ; 0.0003484 ; True ; 13 126 155 190 225 287 349 362 395 414  ; 4 1 5 3 4 7 
118 ; 0.0003557 ; True ; 13 155 190 225 287 332 349 362 395 414  ; 5 1 5 3 4 6 
125.2 ; 0.0003727 ; True ; 13 155 190 225 270 314 332 349 362 414  ; 4 1 5 4 4 5 
129.8 ; 0.0003823 ; True ; 13 126 155 190 225 314 349 362 395 414  ; 4 1 5 3 5 6 
130.1 ; 0.0003888 ; True ; 13 126 155 190 225 230 287 297 332 349 414  ; 4 1 6 3 4 6 
130.1 ; 0.0003893 ; True ; 13 155 190 225 270 314 349 362 395 414  ; 4 1 5 4 4 6 
131.7 ; 0.000391 ; True ; 13 155 190 225 230 314 349 362 395 414  ; 5 1 5 4 4 5 
132.1 ; 0.0003995 ; True ; 13 126 155 190 225 230 287 297 349 395 414  ; 4 1 6 3 4 7 
132.6 ; 0.0004001 ; True ; 13 75 126 190 225 230 297 332 349 362 414  ; 4 1 5 4 4 7 
134.1 ; 0.0004085 ; True ; 13 126 155 190 225 230 287 332 349 362 414  ; 5 1 5 4 4 6 
137.1 ; 0.0004198 ; True ; 13 126 155 190 225 230 287 349 362 395 414  ; 5 1 5 4 4 7 
142.8 ; 0.0004202 ; True ; 13 155 190 225 255 314 349 362 395 414  ; 4 1 5 4 5 5 
145.1 ; 0.000427 ; True ; 13 44 65 155 190 225 287 349 362 395 414  ; 5 1 5 4 4 8 
146.3 ; 0.0004273 ; True ; 13 155 190 225 230 255 287 297 332 349 414  ; 4 1 6 4 4 5 
146.3 ; 0.0004308 ; True ; 13 44 155 190 225 287 332 349 362 395 414  ; 6 1 5 4 4 7 
148.5 ; 0.000439 ; True ; 13 65 155 190 225 270 314 332 349 362 414  ; 4 1 5 4 5 6 
148.6 ; 0.0004464 ; True ; 13 126 155 190 225 230 287 314 349 362 414  ; 4 1 6 4 4 6 
150.9 ; 0.0004484 ; True ; 13 155 190 225 230 287 314 332 349 362 414  ; 5 1 6 4 4 5 
151.9 ; 0.0004606 ; True ; 13 155 190 225 270 314 332 349 362 395 414  ; 5 1 5 4 5 6 
154.9 ; 0.0004684 ; True ; 13 155 190 225 230 287 314 349 362 395 414  ; 5 1 6 4 4 6 
155.4 ; 0.0004813 ; True ; 13 126 155 190 225 230 287 297 332 349 362 414  ; 5 1 6 4 4 7 
158.5 ; 0.0004896 ; True ; 13 126 155 190 225 230 287 297 349 362 395 414  ; 5 1 6 4 4 8 
164.9 ; 0.000494 ; True ; 13 155 188 190 225 230 287 332 349 362 395 414  ; 6 1 6 4 4 7 
168 ; 0.0005034 ; True ; 13 155 190 225 255 287 314 349 362 395 414  ; 4 1 6 4 5 6 
173.3 ; 0.0005281 ; True ; 13 126 155 190 225 230 287 314 332 349 362 414  ; 5 1 6 4 5 6 
179.1 ; 0.0005427 ; True ; 13 75 155 190 225 230 287 314 349 362 395 414  ; 5 1 6 4 5 7 
184.1 ; 0.0005667 ; True ; 13 126 155 190 225 230 287 297 332 349 362 395 414  ; 6 1 6 4 5 8 
195.8 ; 0.0005771 ; True ; 0 13 44 155 190 225 255 287 314 349 395 414  ; 4 1 7 4 5 7 
200.4 ; 0.0005906 ; True ; 0 13 44 155 190 225 255 314 349 362 395 414  ; 5 1 6 5 5 7 
206.5 ; 0.0006006 ; True ; 13 65 155 188 190 225 270 314 332 349 362 395 414  ; 5 1 6 4 6 8 
215.4 ; 0.0006074 ; True ; 13 44 60 65 155 190 225 287 314 349 362 395 414  ; 5 1 6 5 5 9 
217.1 ; 0.0006227 ; True ; 13 65 155 188 190 225 251 287 314 349 362 395 414  ; 5 1 7 4 5 9 
217.9 ; 0.0006323 ; True ; 13 155 188 190 209 225 287 314 332 349 362 395 414  ; 6 1 7 4 5 8 
224.6 ; 0.0006425 ; True ; 13 54 155 188 190 225 270 314 332 349 362 395 414  ; 5 1 6 5 6 7 
238.7 ; 0.0006509 ; True ; 0 13 44 155 190 209 225 255 314 349 362 395 414  ; 6 1 6 6 5 8 
244.3 ; 0.0006704 ; True ; 13 70 83 155 188 190 225 297 314 349 362 395 414  ; 5 1 7 5 5 8 
250.5 ; 0.0006781 ; True ; 13 54 83 155 190 225 255 287 314 349 362 395 414  ; 5 1 6 6 6 7 
257.4 ; 0.0006867 ; True ; 13 54 140 155 190 225 251 287 297 314 349 395 414  ; 4 1 8 4 6 7 
262.7 ; 0.000687 ; True ; 13 140 188 190 225 230 255 287 314 349 362 395 414  ; 4 1 8 5 5 7 
273.2 ; 0.0006881 ; True ; 13 83 140 155 190 225 297 314 349 362 392 395 414  ; 6 1 7 5 5 8 
274.5 ; 0.000695 ; True ; 13 75 83 140 188 190 225 255 314 349 362 395 414  ; 4 1 7 5 6 8 
278.7 ; 0.0006975 ; True ; 13 54 140 155 176 190 225 246 251 314 349 395 414  ; 5 1 7 5 6 6 
279.8 ; 0.0007075 ; True ; 13 54 83 140 188 190 209 225 314 349 362 395 414  ; 5 1 7 6 5 8 
317.1 ; 0.0007211 ; True ; 13 139 140 156 190 225 255 287 314 349 362 395 414  ; 4 1 7 6 6 7 


RUN 3:
Optimum Distance: 8.886
Optimal Team: 83,190,414,
Required Skills: 0 1 4 10 23 24 
Distance; Skill Score; isValid; Team; Skill Counts
8.886 ; 2.484e-06 ; True ; 83 190 414  ; 1 1 1 1 1 1 
11.85 ; 4.087e-06 ; True ; 13 190 395  ; 1 1 1 1 1 2 
15.16 ; 4.182e-06 ; True ; 59 83 190 414  ; 1 1 1 2 1 1 
15.64 ; 8.011e-06 ; True ; 83 188 190 395  ; 2 1 1 1 1 3 
15.67 ; 1.076e-05 ; True ; 83 190 209 414  ; 2 1 1 2 1 2 
16.81 ; 1.136e-05 ; True ; 83 190 395 414  ; 2 1 1 1 2 2 
19.61 ; 1.218e-05 ; True ; 83 190 225 414  ; 2 1 2 1 1 2 
19.78 ; 1.31e-05 ; True ; 13 190 332 349  ; 1 1 2 2 1 2 
20.57 ; 1.349e-05 ; True ; 13 83 190 395  ; 2 1 1 2 1 3 
20.61 ; 1.383e-05 ; True ; 13 190 395 414  ; 1 1 2 1 2 2 
20.67 ; 1.526e-05 ; True ; 13 190 225 395  ; 2 1 2 1 1 3 
20.76 ; 1.642e-05 ; True ; 13 190 349 395  ; 1 1 2 2 1 3 
23.33 ; 1.835e-05 ; True ; 83 188 190 209 395  ; 3 1 1 2 1 4 
24.61 ; 2.163e-05 ; True ; 188 190 345 395 414  ; 2 1 2 1 2 2 
25.34 ; 2.569e-05 ; True ; 83 188 190 209 414  ; 2 1 2 2 1 3 
25.57 ; 2.71e-05 ; True ; 83 188 190 395 414  ; 2 1 2 1 2 3 
25.58 ; 2.883e-05 ; True ; 83 190 209 395 414  ; 3 1 1 2 2 3 
29.35 ; 3.092e-05 ; True ; 83 190 209 225 414  ; 3 1 2 2 1 3 
29.52 ; 3.262e-05 ; True ; 83 190 225 395 414  ; 3 1 2 1 2 3 
30.39 ; 3.641e-05 ; True ; 13 155 190 332 349  ; 2 1 2 2 2 2 
30.54 ; 3.673e-05 ; True ; 13 190 225 332 349  ; 2 1 3 2 1 3 
31.54 ; 4.151e-05 ; True ; 13 190 225 349 395  ; 2 1 3 2 1 4 
31.61 ; 4.562e-05 ; True ; 13 190 332 349 395  ; 2 1 2 2 2 3 
36.25 ; 6.207e-05 ; True ; 83 188 190 209 395 414  ; 3 1 2 2 2 4 
41.21 ; 6.523e-05 ; True ; 13 74 190 225 332 349  ; 2 1 3 2 2 3 
41.25 ; 6.799e-05 ; True ; 83 190 209 225 395 414  ; 4 1 2 2 2 4 
41.32 ; 7.373e-05 ; True ; 13 126 190 225 332 349  ; 2 1 3 2 2 4 
42.32 ; 7.922e-05 ; True ; 13 126 190 225 349 395  ; 2 1 3 2 2 5 
44.36 ; 8.874e-05 ; True ; 13 190 225 332 349 395  ; 3 1 3 2 2 4 
46.97 ; 9.378e-05 ; True ; 13 190 225 349 395 414  ; 2 1 4 2 2 4 
47.87 ; 9.418e-05 ; True ; 13 190 349 362 395 414  ; 2 1 3 3 2 4 
50.98 ; 0.0001012 ; True ; 13 75 126 190 225 230 349  ; 2 1 3 3 2 5 
53.14 ; 0.0001061 ; True ; 13 65 126 190 225 332 349  ; 2 1 3 2 3 5 
53.85 ; 0.0001134 ; True ; 13 155 190 225 270 332 349  ; 3 1 3 3 2 4 
55.02 ; 0.0001218 ; True ; 13 126 190 225 230 349 395  ; 3 1 3 3 2 5 
57.08 ; 0.0001277 ; True ; 13 126 190 225 332 349 395  ; 3 1 3 2 3 5 
58.83 ; 0.0001302 ; True ; 13 155 190 225 332 349 395  ; 4 1 3 2 3 4 
59.45 ; 0.0001337 ; True ; 13 155 190 225 332 349 414  ; 3 1 4 2 3 3 
59.5 ; 0.0001343 ; True ; 13 155 190 332 349 362 414  ; 3 1 3 3 3 3 
60.59 ; 0.0001349 ; True ; 13 126 190 225 349 395 414  ; 2 1 4 2 3 5 
61.16 ; 0.0001442 ; True ; 13 155 190 225 349 362 414  ; 3 1 4 3 2 4 
61.44 ; 0.0001512 ; True ; 13 155 190 225 349 395 414  ; 3 1 4 2 3 4 
62.46 ; 0.0001518 ; True ; 13 155 190 349 362 395 414  ; 3 1 3 3 3 4 
63.48 ; 0.0001549 ; True ; 13 190 225 349 362 395 414  ; 3 1 4 3 2 5 
66.82 ; 0.0001631 ; True ; 13 65 126 190 225 230 332 349  ; 3 1 3 3 3 5 
68.72 ; 0.0001704 ; True ; 13 75 126 190 225 230 349 395  ; 3 1 3 3 3 6 
71.65 ; 0.0001787 ; True ; 13 155 190 225 270 332 349 395  ; 4 1 3 3 3 5 
73.25 ; 0.0001931 ; True ; 13 155 190 225 270 332 349 414  ; 3 1 4 3 3 4 
75.58 ; 0.0002075 ; True ; 13 190 225 270 332 349 395 414  ; 3 1 4 3 3 5 
76.96 ; 0.0002115 ; True ; 13 155 190 225 332 349 362 414  ; 4 1 4 3 3 4 
79.08 ; 0.0002167 ; True ; 13 126 190 225 349 362 395 414  ; 3 1 4 3 3 6 
79.93 ; 0.0002273 ; True ; 13 155 190 225 349 362 395 414  ; 4 1 4 3 3 5 
86.66 ; 0.0002304 ; True ; 13 155 190 225 314 349 362 414  ; 3 1 5 3 3 4 
87.03 ; 0.0002311 ; True ; 13 54 155 190 225 349 395 414  ; 3 1 4 3 4 4 
87.35 ; 0.0002374 ; True ; 13 126 190 225 230 287 332 349 395  ; 4 1 4 3 3 6 
89.21 ; 0.0002382 ; True ; 13 54 190 225 349 362 395 414  ; 3 1 4 4 3 5 
90.64 ; 0.0002482 ; True ; 13 126 155 190 225 270 332 349 414  ; 3 1 4 3 4 5 
92.32 ; 0.0002531 ; True ; 13 126 155 190 225 230 332 349 414  ; 4 1 4 3 4 4 
92.66 ; 0.0002586 ; True ; 13 126 190 225 230 287 349 395 414  ; 3 1 5 3 3 6 
92.7 ; 0.0002593 ; True ; 13 75 126 190 225 230 349 395 414  ; 3 1 4 3 4 6 
92.71 ; 0.000261 ; True ; 13 155 190 225 270 332 349 362 414  ; 4 1 4 4 3 5 
93.03 ; 0.0002719 ; True ; 13 155 190 225 270 332 349 395 414  ; 4 1 4 3 4 5 
96.03 ; 0.0002726 ; True ; 13 190 225 270 332 349 362 395 414  ; 4 1 4 4 3 6 
97.38 ; 0.0002841 ; True ; 13 126 155 190 225 349 362 395 414  ; 4 1 4 3 4 6 
97.72 ; 0.0002853 ; True ; 13 155 190 225 332 349 362 395 414  ; 5 1 4 3 4 5 
103.3 ; 0.000286 ; True ; 13 44 155 190 225 349 362 395 414  ; 5 1 4 4 3 6 
104 ; 0.0002919 ; True ; 13 75 126 190 225 230 287 332 349 395  ; 4 1 4 3 4 7 
105.1 ; 0.0002963 ; True ; 13 126 155 190 225 314 349 362 414  ; 3 1 5 3 4 5 
105.4 ; 0.0003021 ; True ; 13 155 190 225 314 332 349 362 414  ; 4 1 5 3 4 4 
108.5 ; 0.0003095 ; True ; 13 75 126 155 190 225 230 297 349 414  ; 3 1 5 3 4 6 
109.4 ; 0.0003123 ; True ; 13 155 190 225 255 349 362 395 414  ; 4 1 4 4 4 5 
109.4 ; 0.0003245 ; True ; 13 155 190 225 314 349 362 395 414  ; 4 1 5 3 4 5 
112.1 ; 0.0003262 ; True ; 13 126 155 190 225 270 332 349 362 414  ; 4 1 4 4 4 6 
112.7 ; 0.000339 ; True ; 13 126 155 190 225 230 287 349 395 414  ; 4 1 5 3 4 6 
115 ; 0.0003405 ; True ; 13 155 190 225 230 287 332 349 395 414  ; 5 1 5 3 4 5 
115.5 ; 0.0003423 ; True ; 13 155 190 225 270 332 349 362 395 414  ; 5 1 4 4 4 6 
116.7 ; 0.0003484 ; True ; 13 126 155 190 225 287 349 362 395 414  ; 4 1 5 3 4 7 
118 ; 0.0003557 ; True ; 13 155 190 225 287 332 349 362 395 414  ; 5 1 5 3 4 6 
125.2 ; 0.0003727 ; True ; 13 155 190 225 270 314 332 349 362 414  ; 4 1 5 4 4 5 
129.8 ; 0.0003823 ; True ; 13 126 155 190 225 314 349 362 395 414  ; 4 1 5 3 5 6 
130.1 ; 0.0003893 ; True ; 13 155 190 225 270 314 349 362 395 414  ; 4 1 5 4 4 6 
131.7 ; 0.000391 ; True ; 13 155 190 225 230 314 349 362 395 414  ; 5 1 5 4 4 5 
132.3 ; 0.0003928 ; True ; 13 65 126 155 190 225 230 297 349 395 414  ; 4 1 5 3 5 7 
132.6 ; 0.0004001 ; True ; 13 75 126 190 225 230 287 332 349 362 414  ; 4 1 5 4 4 7 
134.1 ; 0.0004085 ; True ; 13 126 155 190 225 230 287 332 349 362 414  ; 5 1 5 4 4 6 
137.2 ; 0.0004198 ; True ; 13 126 155 190 225 230 287 349 362 395 414  ; 5 1 5 4 4 7 
142.8 ; 0.0004202 ; True ; 13 155 190 225 255 314 349 362 395 414  ; 4 1 5 4 5 5 
145 ; 0.000427 ; True ; 13 44 126 155 190 225 287 349 362 395 414  ; 5 1 5 4 4 8 
146.3 ; 0.0004308 ; True ; 13 44 155 190 225 287 332 349 362 395 414  ; 6 1 5 4 4 7 
147.5 ; 0.000439 ; True ; 13 126 155 190 225 270 314 332 349 362 414  ; 4 1 5 4 5 6 
148.6 ; 0.0004464 ; True ; 13 126 155 190 225 230 287 314 349 362 414  ; 4 1 6 4 4 6 
151.9 ; 0.0004606 ; True ; 13 155 190 225 270 314 332 349 362 395 414  ; 5 1 5 4 5 6 
152.3 ; 0.0004667 ; True ; 13 65 126 155 190 225 230 287 297 349 362 414  ; 4 1 6 4 4 8 
154.9 ; 0.0004684 ; True ; 13 155 190 225 230 287 314 349 362 395 414  ; 5 1 6 4 4 6 
158.5 ; 0.0004815 ; True ; 13 75 126 155 190 225 230 297 349 362 395 414  ; 5 1 5 4 5 8 
160.8 ; 0.0004858 ; True ; 13 126 155 190 225 230 287 332 349 362 395 414  ; 6 1 5 4 5 7 
168 ; 0.0005034 ; True ; 13 155 190 225 255 297 314 349 362 395 414  ; 4 1 6 4 5 6 
172.6 ; 0.0005173 ; True ; 13 126 155 190 225 270 297 314 332 349 362 414  ; 4 1 6 4 5 7 
176.4 ; 0.0005281 ; True ; 0 13 126 155 190 225 230 314 332 349 362 414  ; 5 1 6 4 5 6 
177.3 ; 0.0005427 ; True ; 13 126 155 190 225 230 287 314 349 362 395 414  ; 5 1 6 4 5 7 
186 ; 0.0005521 ; True ; 13 126 155 190 225 251 287 314 349 362 395 414  ; 5 1 6 4 5 8 
188.6 ; 0.000557 ; True ; 13 44 155 188 190 225 314 332 349 362 395 414  ; 6 1 6 4 5 7 
191.3 ; 0.0005667 ; True ; 13 126 155 188 190 225 297 332 345 349 362 395 414  ; 6 1 6 4 5 8 
194.4 ; 0.0005771 ; True ; 13 54 155 190 225 287 297 314 349 362 395 414  ; 4 1 7 4 5 7 
201.2 ; 0.0005906 ; True ; 13 54 155 190 225 251 287 314 349 362 395 414  ; 5 1 6 5 5 7 
207.6 ; 0.0006008 ; True ; 13 54 155 188 190 225 270 297 332 349 362 395 414  ; 5 1 6 5 5 8 
208.3 ; 0.000616 ; True ; 13 54 155 188 190 225 287 297 332 349 362 395 414  ; 5 1 7 4 5 8 
214.9 ; 0.0006227 ; True ; 13 44 126 190 225 287 297 314 332 349 362 395 414  ; 5 1 7 4 5 9 
224.8 ; 0.0006425 ; True ; 0 13 54 126 155 190 225 230 314 349 362 395 414  ; 5 1 6 5 6 7 
237.8 ; 0.0006589 ; True ; 13 54 56 155 188 190 225 297 314 349 362 395 414  ; 5 1 7 5 5 7 
252.2 ; 0.0006594 ; True ; 13 44 155 157 188 190 225 314 332 349 395 414 418  ; 6 1 6 5 6 7 
259.4 ; 0.0006629 ; True ; 13 54 140 188 190 225 230 255 287 349 362 395 414  ; 4 1 7 6 5 7 
260.8 ; 0.0006832 ; True ; 13 54 140 155 188 190 225 255 287 349 362 395 414  ; 4 1 7 5 6 7 
267.9 ; 0.0006975 ; True ; 13 140 157 190 207 225 297 314 332 349 362 395 414  ; 5 1 7 5 6 6 
312.4 ; 0.0007273 ; True ; 13 70 106 140 157 190 225 230 287 314 349 395 414  ; 4 1 8 5 6 6 


RUN 4:
Optimum Distance: 8.886
Optimal Team: 83,190,414,
Required Skills: 0 1 4 10 23 24 
Distance; Skill Score; isValid; Team; Skill Counts
8.886 ; 2.484e-06 ; True ; 83 190 414  ; 1 1 1 1 1 1 
11.85 ; 4.087e-06 ; True ; 13 190 395  ; 1 1 1 1 1 2 
15.64 ; 8.011e-06 ; True ; 83 188 190 395  ; 2 1 1 1 1 3 
15.67 ; 1.076e-05 ; True ; 83 190 209 414  ; 2 1 1 2 1 2 
16.81 ; 1.136e-05 ; True ; 83 190 395 414  ; 2 1 1 1 2 2 
19.61 ; 1.218e-05 ; True ; 83 190 225 414  ; 2 1 2 1 1 2 
19.78 ; 1.31e-05 ; True ; 13 190 332 349  ; 1 1 2 2 1 2 
20.57 ; 1.349e-05 ; True ; 13 83 190 395  ; 2 1 1 2 1 3 
20.61 ; 1.383e-05 ; True ; 13 190 395 414  ; 1 1 2 1 2 2 
20.67 ; 1.526e-05 ; True ; 13 190 225 395  ; 2 1 2 1 1 3 
20.76 ; 1.642e-05 ; True ; 13 190 349 395  ; 1 1 2 2 1 3 
23.33 ; 1.835e-05 ; True ; 83 188 190 209 395  ; 3 1 1 2 1 4 
24.52 ; 1.912e-05 ; True ; 83 190 209 227 414  ; 2 1 1 2 2 2 
24.61 ; 2.163e-05 ; True ; 188 190 345 395 414  ; 2 1 2 1 2 2 
25.34 ; 2.569e-05 ; True ; 83 188 190 209 414  ; 2 1 2 2 1 3 
25.57 ; 2.71e-05 ; True ; 83 188 190 395 414  ; 2 1 2 1 2 3 
25.58 ; 2.883e-05 ; True ; 83 190 209 395 414  ; 3 1 1 2 2 3 
29.35 ; 3.092e-05 ; True ; 83 190 209 225 414  ; 3 1 2 2 1 3 
29.52 ; 3.262e-05 ; True ; 83 190 225 395 414  ; 3 1 2 1 2 3 
30.39 ; 3.641e-05 ; True ; 13 155 190 332 349  ; 2 1 2 2 2 2 
30.54 ; 3.673e-05 ; True ; 13 190 225 332 349  ; 2 1 3 2 1 3 
31.54 ; 4.151e-05 ; True ; 13 190 225 349 395  ; 2 1 3 2 1 4 
31.61 ; 4.562e-05 ; True ; 13 190 332 349 395  ; 2 1 2 2 2 3 
36.25 ; 6.207e-05 ; True ; 83 188 190 209 395 414  ; 3 1 2 2 2 4 
41.21 ; 6.523e-05 ; True ; 13 74 190 225 332 349  ; 2 1 3 2 2 3 
41.25 ; 6.799e-05 ; True ; 83 190 209 225 395 414  ; 4 1 2 2 2 4 
41.32 ; 7.373e-05 ; True ; 13 126 190 225 332 349  ; 2 1 3 2 2 4 
42.32 ; 7.922e-05 ; True ; 13 126 190 225 349 395  ; 2 1 3 2 2 5 
44.36 ; 8.874e-05 ; True ; 13 190 225 332 349 395  ; 3 1 3 2 2 4 
46.97 ; 9.378e-05 ; True ; 13 190 225 349 395 414  ; 2 1 4 2 2 4 
47.87 ; 9.418e-05 ; True ; 13 190 349 362 395 414  ; 2 1 3 3 2 4 
50.98 ; 0.0001012 ; True ; 13 75 126 190 225 230 349  ; 2 1 3 3 2 5 
53.14 ; 0.0001061 ; True ; 13 65 126 190 225 332 349  ; 2 1 3 2 3 5 
53.85 ; 0.0001134 ; True ; 13 155 190 225 270 332 349  ; 3 1 3 3 2 4 
55.02 ; 0.0001218 ; True ; 13 126 190 225 230 349 395  ; 3 1 3 3 2 5 
57.08 ; 0.0001277 ; True ; 13 126 190 225 332 349 395  ; 3 1 3 2 3 5 
58.83 ; 0.0001302 ; True ; 13 155 190 225 332 349 395  ; 4 1 3 2 3 4 
59.45 ; 0.0001337 ; True ; 13 155 190 225 332 349 414  ; 3 1 4 2 3 3 
59.5 ; 0.0001343 ; True ; 13 155 190 332 349 362 414  ; 3 1 3 3 3 3 
60.59 ; 0.0001349 ; True ; 13 126 190 225 349 395 414  ; 2 1 4 2 3 5 
61.16 ; 0.0001442 ; True ; 13 155 190 225 349 362 414  ; 3 1 4 3 2 4 
61.44 ; 0.0001512 ; True ; 13 155 190 225 349 395 414  ; 3 1 4 2 3 4 
62.46 ; 0.0001518 ; True ; 13 155 190 349 362 395 414  ; 3 1 3 3 3 4 
63.48 ; 0.0001549 ; True ; 13 190 225 349 362 395 414  ; 3 1 4 3 2 5 
66.82 ; 0.0001631 ; True ; 13 65 126 190 225 230 332 349  ; 3 1 3 3 3 5 
68.72 ; 0.0001704 ; True ; 13 75 126 190 225 230 349 395  ; 3 1 3 3 3 6 
71.65 ; 0.0001787 ; True ; 13 155 190 225 270 332 349 395  ; 4 1 3 3 3 5 
73.25 ; 0.0001931 ; True ; 13 155 190 225 270 332 349 414  ; 3 1 4 3 3 4 
75.58 ; 0.0002075 ; True ; 13 190 225 270 332 349 395 414  ; 3 1 4 3 3 5 
76.96 ; 0.0002115 ; True ; 13 155 190 225 332 349 362 414  ; 4 1 4 3 3 4 
79.08 ; 0.0002167 ; True ; 13 126 190 225 349 362 395 414  ; 3 1 4 3 3 6 
79.93 ; 0.0002273 ; True ; 13 155 190 225 349 362 395 414  ; 4 1 4 3 3 5 
86.66 ; 0.0002304 ; True ; 13 155 190 225 314 349 362 414  ; 3 1 5 3 3 4 
87.03 ; 0.0002311 ; True ; 13 54 155 190 225 349 395 414  ; 3 1 4 3 4 4 
87.35 ; 0.0002374 ; True ; 13 126 190 225 230 287 332 349 395  ; 4 1 4 3 3 6 
89.21 ; 0.0002382 ; True ; 13 54 190 225 349 362 395 414  ; 3 1 4 4 3 5 
90.64 ; 0.0002482 ; True ; 13 126 155 190 225 270 332 349 414  ; 3 1 4 3 4 5 
92.32 ; 0.0002531 ; True ; 13 126 155 190 225 230 332 349 414  ; 4 1 4 3 4 4 
92.66 ; 0.0002586 ; True ; 13 126 190 225 230 287 349 395 414  ; 3 1 5 3 3 6 
92.7 ; 0.0002593 ; True ; 13 75 126 190 225 230 349 395 414  ; 3 1 4 3 4 6 
92.71 ; 0.000261 ; True ; 13 155 190 225 270 332 349 362 414  ; 4 1 4 4 3 5 
93.03 ; 0.0002719 ; True ; 13 155 190 225 270 332 349 395 414  ; 4 1 4 3 4 5 
96.03 ; 0.0002726 ; True ; 13 190 225 270 332 349 362 395 414  ; 4 1 4 4 3 6 
97.38 ; 0.0002841 ; True ; 13 126 155 190 225 349 362 395 414  ; 4 1 4 3 4 6 
97.72 ; 0.0002853 ; True ; 13 155 190 225 332 349 362 395 414  ; 5 1 4 3 4 5 
103.3 ; 0.000286 ; True ; 13 44 155 190 225 349 362 395 414  ; 5 1 4 4 3 6 
104.3 ; 0.0002911 ; True ; 13 126 155 190 225 230 287 297 349 395  ; 4 1 5 3 3 7 
105.1 ; 0.0002963 ; True ; 13 126 155 190 225 314 349 362 414  ; 3 1 5 3 4 5 
105.4 ; 0.0003021 ; True ; 13 155 190 225 314 332 349 362 414  ; 4 1 5 3 4 4 
108.4 ; 0.0003095 ; True ; 13 75 126 155 190 225 230 287 349 414  ; 3 1 5 3 4 6 
109.4 ; 0.0003123 ; True ; 13 155 190 225 255 349 362 395 414  ; 4 1 4 4 4 5 
109.4 ; 0.0003245 ; True ; 13 155 190 225 314 349 362 395 414  ; 4 1 5 3 4 5 
112.1 ; 0.0003262 ; True ; 13 126 155 190 225 270 332 349 362 414  ; 4 1 4 4 4 6 
112.7 ; 0.000339 ; True ; 13 126 155 190 225 230 287 349 395 414  ; 4 1 5 3 4 6 
115 ; 0.0003405 ; True ; 13 155 190 225 230 287 332 349 395 414  ; 5 1 5 3 4 5 
115.5 ; 0.0003423 ; True ; 13 155 190 225 270 332 349 362 395 414  ; 5 1 4 4 4 6 
116.7 ; 0.0003484 ; True ; 13 126 155 190 225 287 349 362 395 414  ; 4 1 5 3 4 7 
118 ; 0.0003557 ; True ; 13 155 190 225 287 332 349 362 395 414  ; 5 1 5 3 4 6 
125.2 ; 0.0003727 ; True ; 13 155 190 225 270 314 332 349 362 414  ; 4 1 5 4 4 5 
129.8 ; 0.0003823 ; True ; 13 126 155 190 225 314 349 362 395 414  ; 4 1 5 3 5 6 
130.1 ; 0.0003893 ; True ; 13 155 190 225 270 314 349 362 395 414  ; 4 1 5 4 4 6 
131.7 ; 0.000391 ; True ; 13 155 190 225 230 314 349 362 395 414  ; 5 1 5 4 4 5 
131.8 ; 0.0004001 ; True ; 13 75 126 155 190 225 230 297 349 362 414  ; 4 1 5 4 4 7 
134.1 ; 0.0004085 ; True ; 13 126 155 190 225 230 297 332 349 362 414  ; 5 1 5 4 4 6 
137.2 ; 0.0004198 ; True ; 13 126 155 190 225 230 287 349 362 395 414  ; 5 1 5 4 4 7 
142.8 ; 0.0004202 ; True ; 13 155 190 225 255 314 349 362 395 414  ; 4 1 5 4 5 5 
145 ; 0.000427 ; True ; 13 44 126 155 190 225 287 349 362 395 414  ; 5 1 5 4 4 8 
146.3 ; 0.0004308 ; True ; 13 44 155 190 225 287 332 349 362 395 414  ; 6 1 5 4 4 7 
147.5 ; 0.000439 ; True ; 13 126 155 190 225 270 314 332 349 362 414  ; 4 1 5 4 5 6 
148.6 ; 0.0004464 ; True ; 13 126 155 190 225 230 287 314 349 362 414  ; 4 1 6 4 4 6 
150.4 ; 0.0004504 ; True ; 13 75 126 155 190 225 230 287 297 332 349 414  ; 4 1 6 3 5 7 
151.9 ; 0.0004606 ; True ; 13 155 190 225 270 314 332 349 362 395 414  ; 5 1 5 4 5 6 
154.9 ; 0.0004684 ; True ; 13 155 190 225 230 287 314 349 362 395 414  ; 5 1 6 4 4 6 
155.7 ; 0.0004726 ; True ; 13 126 155 190 225 230 287 297 332 349 395 414  ; 5 1 6 3 5 7 
158.5 ; 0.0004815 ; True ; 13 75 126 155 190 225 230 297 349 362 395 414  ; 5 1 5 4 5 8 
160.8 ; 0.0004858 ; True ; 13 126 155 190 225 230 287 332 349 362 395 414  ; 6 1 5 4 5 7 
162.6 ; 0.0004896 ; True ; 13 126 155 188 190 225 230 297 349 362 395 414  ; 5 1 6 4 4 8 
164.9 ; 0.000494 ; True ; 13 155 188 190 225 230 287 332 349 362 395 414  ; 6 1 6 4 4 7 
168 ; 0.0005034 ; True ; 13 155 190 225 255 287 314 349 362 395 414  ; 4 1 6 4 5 6 
171.9 ; 0.0005118 ; True ; 13 126 155 190 225 230 287 297 314 349 362 414  ; 4 1 7 4 4 7 
175.8 ; 0.0005173 ; True ; 0 13 126 155 190 225 230 255 297 349 395 414  ; 4 1 6 4 5 7 
176.5 ; 0.0005238 ; True ; 13 155 190 225 230 255 287 297 349 362 395 414  ; 5 1 6 5 4 7 
177.3 ; 0.0005427 ; True ; 13 126 155 190 225 230 297 314 349 362 395 414  ; 5 1 6 4 5 7 
185.9 ; 0.0005523 ; True ; 13 126 155 188 190 225 230 287 297 349 362 395 414  ; 5 1 7 4 4 9 
187.4 ; 0.000557 ; True ; 13 155 190 225 251 287 314 332 349 362 395 414  ; 6 1 6 4 5 7 
192.5 ; 0.0005616 ; True ; 0 13 155 190 225 230 255 287 314 349 395 414  ; 4 1 7 4 5 6 
193.4 ; 0.0005627 ; True ; 13 126 155 190 225 255 297 314 349 362 395 414  ; 4 1 6 4 6 7 
194.4 ; 0.0005747 ; True ; 13 54 155 190 225 230 297 314 349 362 395 414  ; 5 1 6 5 5 6 
197.5 ; 0.0005771 ; True ; 13 54 155 188 190 225 297 314 349 362 395 414  ; 4 1 7 4 5 7 
201.3 ; 0.0005906 ; True ; 13 44 54 155 190 225 297 314 349 362 395 414  ; 5 1 6 5 5 7 
205.8 ; 0.0005936 ; True ; 13 126 155 188 190 225 255 287 297 349 362 395 414  ; 4 1 7 4 5 9 
208.4 ; 0.000616 ; True ; 13 75 155 188 190 225 230 287 314 349 362 395 414  ; 5 1 7 4 5 8 
216.5 ; 0.0006167 ; True ; 13 155 188 190 209 225 270 314 332 349 362 395 414  ; 6 1 6 5 5 8 
222.9 ; 0.0006233 ; True ; 13 54 155 190 225 230 270 297 314 349 362 395 414  ; 5 1 6 6 5 7 
229.4 ; 0.0006252 ; True ; 13 44 54 140 155 190 225 314 349 362 395 414  ; 5 1 6 5 6 6 
231 ; 0.0006594 ; True ; 13 44 54 155 190 225 297 314 332 349 362 395 414  ; 6 1 6 5 6 7 
248.8 ; 0.0006644 ; True ; 13 83 155 157 188 190 225 255 314 332 349 395 414  ; 5 1 6 5 7 6 
251.8 ; 0.00067 ; True ; 13 65 155 190 225 255 297 314 349 362 367 395 414  ; 5 1 7 4 6 8 
265.2 ; 0.0006781 ; True ; 13 44 140 155 190 225 255 314 324 349 362 395 414  ; 5 1 6 6 6 7 
268 ; 0.0006832 ; True ; 13 126 140 155 190 225 255 297 314 349 362 414 418  ; 4 1 7 5 6 7 
272.2 ; 0.0007168 ; True ; 13 83 140 155 188 190 225 251 255 314 349 395 414  ; 5 1 7 5 6 7 
304.5 ; 0.0007412 ; True ; 13 54 140 157 190 225 314 332 349 362 367 395 414  ; 5 1 7 5 7 6 


RUN 5:
Optimum Distance: 8.886
Optimal Team: 83,190,414,
Required Skills: 0 1 4 10 23 24 
Distance; Skill Score; isValid; Team; Skill Counts
8.886 ; 2.484e-06 ; True ; 83 190 414  ; 1 1 1 1 1 1 
11.85 ; 4.087e-06 ; True ; 13 190 395  ; 1 1 1 1 1 2 
15.64 ; 8.011e-06 ; True ; 83 188 190 395  ; 2 1 1 1 1 3 
15.67 ; 1.076e-05 ; True ; 83 190 209 414  ; 2 1 1 2 1 2 
16.81 ; 1.136e-05 ; True ; 83 190 395 414  ; 2 1 1 1 2 2 
19.61 ; 1.218e-05 ; True ; 83 190 225 414  ; 2 1 2 1 1 2 
19.78 ; 1.31e-05 ; True ; 13 190 332 349  ; 1 1 2 2 1 2 
20.57 ; 1.349e-05 ; True ; 13 83 190 395  ; 2 1 1 2 1 3 
20.61 ; 1.383e-05 ; True ; 13 190 395 414  ; 1 1 2 1 2 2 
20.67 ; 1.526e-05 ; True ; 13 190 225 395  ; 2 1 2 1 1 3 
20.76 ; 1.642e-05 ; True ; 13 190 349 395  ; 1 1 2 2 1 3 
23.33 ; 1.835e-05 ; True ; 83 188 190 209 395  ; 3 1 1 2 1 4 
25.34 ; 2.569e-05 ; True ; 83 188 190 209 414  ; 2 1 2 2 1 3 
25.57 ; 2.71e-05 ; True ; 83 188 190 395 414  ; 2 1 2 1 2 3 
25.58 ; 2.883e-05 ; True ; 83 190 209 395 414  ; 3 1 1 2 2 3 
29.35 ; 3.092e-05 ; True ; 83 190 209 225 414  ; 3 1 2 2 1 3 
29.52 ; 3.262e-05 ; True ; 83 190 225 395 414  ; 3 1 2 1 2 3 
30.39 ; 3.641e-05 ; True ; 13 155 190 332 349  ; 2 1 2 2 2 2 
30.54 ; 3.673e-05 ; True ; 13 190 225 332 349  ; 2 1 3 2 1 3 
31.54 ; 4.151e-05 ; True ; 13 190 225 349 395  ; 2 1 3 2 1 4 
31.61 ; 4.562e-05 ; True ; 13 190 332 349 395  ; 2 1 2 2 2 3 
36.25 ; 6.207e-05 ; True ; 83 188 190 209 395 414  ; 3 1 2 2 2 4 
41.21 ; 6.523e-05 ; True ; 13 74 190 225 332 349  ; 2 1 3 2 2 3 
41.25 ; 6.799e-05 ; True ; 83 190 209 225 395 414  ; 4 1 2 2 2 4 
41.32 ; 7.373e-05 ; True ; 13 126 190 225 332 349  ; 2 1 3 2 2 4 
42.32 ; 7.922e-05 ; True ; 13 126 190 225 349 395  ; 2 1 3 2 2 5 
44.36 ; 8.874e-05 ; True ; 13 190 225 332 349 395  ; 3 1 3 2 2 4 
46.97 ; 9.378e-05 ; True ; 13 190 225 349 395 414  ; 2 1 4 2 2 4 
47.87 ; 9.418e-05 ; True ; 13 190 349 362 395 414  ; 2 1 3 3 2 4 
50.98 ; 0.0001012 ; True ; 13 75 126 190 225 230 349  ; 2 1 3 3 2 5 
53.14 ; 0.0001061 ; True ; 13 65 126 190 225 332 349  ; 2 1 3 2 3 5 
53.85 ; 0.0001134 ; True ; 13 155 190 225 270 332 349  ; 3 1 3 3 2 4 
55.02 ; 0.0001218 ; True ; 13 126 190 225 230 349 395  ; 3 1 3 3 2 5 
57.08 ; 0.0001277 ; True ; 13 126 190 225 332 349 395  ; 3 1 3 2 3 5 
58.83 ; 0.0001302 ; True ; 13 155 190 225 332 349 395  ; 4 1 3 2 3 4 
59.45 ; 0.0001337 ; True ; 13 155 190 225 332 349 414  ; 3 1 4 2 3 3 
59.5 ; 0.0001343 ; True ; 13 155 190 332 349 362 414  ; 3 1 3 3 3 3 
60.59 ; 0.0001349 ; True ; 13 126 190 225 349 395 414  ; 2 1 4 2 3 5 
61.16 ; 0.0001442 ; True ; 13 155 190 225 349 362 414  ; 3 1 4 3 2 4 
61.44 ; 0.0001512 ; True ; 13 155 190 225 349 395 414  ; 3 1 4 2 3 4 
62.46 ; 0.0001518 ; True ; 13 155 190 349 362 395 414  ; 3 1 3 3 3 4 
63.48 ; 0.0001549 ; True ; 13 190 225 349 362 395 414  ; 3 1 4 3 2 5 
66.82 ; 0.0001631 ; True ; 13 65 126 190 225 230 332 349  ; 3 1 3 3 3 5 
68.72 ; 0.0001704 ; True ; 13 75 126 190 225 230 349 395  ; 3 1 3 3 3 6 
71.65 ; 0.0001787 ; True ; 13 155 190 225 270 332 349 395  ; 4 1 3 3 3 5 
73.25 ; 0.0001931 ; True ; 13 155 190 225 270 332 349 414  ; 3 1 4 3 3 4 
75.58 ; 0.0002075 ; True ; 13 190 225 270 332 349 395 414  ; 3 1 4 3 3 5 
76.96 ; 0.0002115 ; True ; 13 155 190 225 332 349 362 414  ; 4 1 4 3 3 4 
79.08 ; 0.0002167 ; True ; 13 126 190 225 349 362 395 414  ; 3 1 4 3 3 6 
79.93 ; 0.0002273 ; True ; 13 155 190 225 349 362 395 414  ; 4 1 4 3 3 5 
86.66 ; 0.0002304 ; True ; 13 155 190 225 314 349 362 414  ; 3 1 5 3 3 4 
87.03 ; 0.0002311 ; True ; 13 54 155 190 225 349 395 414  ; 3 1 4 3 4 4 
87.35 ; 0.0002374 ; True ; 13 126 190 225 230 287 332 349 395  ; 4 1 4 3 3 6 
89.21 ; 0.0002382 ; True ; 13 54 190 225 349 362 395 414  ; 3 1 4 4 3 5 
90.64 ; 0.0002482 ; True ; 13 126 155 190 225 270 332 349 414  ; 3 1 4 3 4 5 
92.32 ; 0.0002531 ; True ; 13 126 155 190 225 230 332 349 414  ; 4 1 4 3 4 4 
92.66 ; 0.0002586 ; True ; 13 126 190 225 230 287 349 395 414  ; 3 1 5 3 3 6 
92.7 ; 0.0002593 ; True ; 13 75 126 190 225 230 349 395 414  ; 3 1 4 3 4 6 
92.71 ; 0.000261 ; True ; 13 155 190 225 270 332 349 362 414  ; 4 1 4 4 3 5 
93.03 ; 0.0002719 ; True ; 13 155 190 225 270 332 349 395 414  ; 4 1 4 3 4 5 
96.03 ; 0.0002726 ; True ; 13 190 225 270 332 349 362 395 414  ; 4 1 4 4 3 6 
97.38 ; 0.0002841 ; True ; 13 126 155 190 225 349 362 395 414  ; 4 1 4 3 4 6 
97.72 ; 0.0002853 ; True ; 13 155 190 225 332 349 362 395 414  ; 5 1 4 3 4 5 
103.3 ; 0.000286 ; True ; 13 44 155 190 225 349 362 395 414  ; 5 1 4 4 3 6 
104 ; 0.0002919 ; True ; 13 75 126 190 225 230 287 332 349 395  ; 4 1 4 3 4 7 
105.1 ; 0.0002963 ; True ; 13 126 155 190 225 314 349 362 414  ; 3 1 5 3 4 5 
105.4 ; 0.0003021 ; True ; 13 155 190 225 314 332 349 362 414  ; 4 1 5 3 4 4 
108.2 ; 0.0003095 ; True ; 13 65 126 190 225 230 287 332 349 414  ; 3 1 5 3 4 6 
109.4 ; 0.0003123 ; True ; 13 155 190 225 255 349 362 395 414  ; 4 1 4 4 4 5 
109.4 ; 0.0003245 ; True ; 13 155 190 225 314 349 362 395 414  ; 4 1 5 3 4 5 
112.1 ; 0.0003262 ; True ; 13 126 155 190 225 270 332 349 362 414  ; 4 1 4 4 4 6 
112.7 ; 0.000339 ; True ; 13 126 155 190 225 230 287 349 395 414  ; 4 1 5 3 4 6 
115 ; 0.0003405 ; True ; 13 155 190 225 230 287 332 349 395 414  ; 5 1 5 3 4 5 
115.5 ; 0.0003423 ; True ; 13 155 190 225 270 332 349 362 395 414  ; 5 1 4 4 4 6 
116.7 ; 0.0003484 ; True ; 13 126 155 190 225 287 349 362 395 414  ; 4 1 5 3 4 7 
118 ; 0.0003557 ; True ; 13 155 190 225 287 332 349 362 395 414  ; 5 1 5 3 4 6 
125.2 ; 0.0003727 ; True ; 13 155 190 225 270 314 332 349 362 414  ; 4 1 5 4 4 5 
129.8 ; 0.0003823 ; True ; 13 126 155 190 225 314 349 362 395 414  ; 4 1 5 3 5 6 
130.1 ; 0.0003893 ; True ; 13 155 190 225 270 314 349 362 395 414  ; 4 1 5 4 4 6 
131.7 ; 0.000391 ; True ; 13 155 190 225 230 314 349 362 395 414  ; 5 1 5 4 4 5 
132 ; 0.0004001 ; True ; 13 65 126 155 190 225 230 297 349 362 414  ; 4 1 5 4 4 7 
134.1 ; 0.0004085 ; True ; 13 126 155 190 225 230 287 332 349 362 414  ; 5 1 5 4 4 6 
137.2 ; 0.0004198 ; True ; 13 126 155 190 225 230 287 349 362 395 414  ; 5 1 5 4 4 7 
142.8 ; 0.0004202 ; True ; 13 155 190 225 255 314 349 362 395 414  ; 4 1 5 4 5 5 
145 ; 0.000427 ; True ; 13 44 126 155 190 225 287 349 362 395 414  ; 5 1 5 4 4 8 
146.3 ; 0.0004308 ; True ; 13 44 155 190 225 287 332 349 362 395 414  ; 6 1 5 4 4 7 
147.5 ; 0.000439 ; True ; 13 126 155 190 225 270 314 332 349 362 414  ; 4 1 5 4 5 6 
148.6 ; 0.0004464 ; True ; 13 126 155 190 225 230 287 314 349 362 414  ; 4 1 6 4 4 6 
151.9 ; 0.0004606 ; True ; 13 155 190 225 270 314 332 349 362 395 414  ; 5 1 5 4 5 6 
154.9 ; 0.0004684 ; True ; 13 155 190 225 230 287 314 349 362 395 414  ; 5 1 6 4 4 6 
157.7 ; 0.0004733 ; True ; 13 126 130 155 190 225 230 287 349 362 395 414  ; 5 1 5 4 5 7 
158.5 ; 0.0004815 ; True ; 13 75 126 155 190 225 230 287 349 362 395 414  ; 5 1 5 4 5 8 
163.9 ; 0.0004858 ; True ; 13 126 155 188 190 225 230 332 349 362 395 414  ; 6 1 5 4 5 7 
165 ; 0.000494 ; True ; 13 155 188 190 225 230 297 332 349 362 395 414  ; 6 1 6 4 4 7 
168 ; 0.0005034 ; True ; 13 155 190 225 255 287 314 349 362 395 414  ; 4 1 6 4 5 6 
175.6 ; 0.0005151 ; True ; 13 54 126 155 190 225 230 287 349 362 395 414  ; 5 1 5 5 5 7 
177.3 ; 0.0005427 ; True ; 13 126 155 190 225 230 287 314 349 362 395 414  ; 5 1 6 4 5 7 
186.2 ; 0.0005521 ; True ; 13 44 126 155 190 225 297 314 349 362 395 414  ; 5 1 6 4 5 8 
192.5 ; 0.0005627 ; True ; 13 54 126 155 190 225 287 314 349 362 395 414  ; 4 1 6 4 6 7 
194.4 ; 0.0005771 ; True ; 13 54 155 190 225 287 297 314 349 362 395 414  ; 4 1 7 4 5 7 
199.2 ; 0.0005906 ; True ; 13 44 155 190 225 255 287 314 349 362 395 414  ; 5 1 6 5 5 7 
207.1 ; 0.0006008 ; True ; 13 126 129 155 190 225 230 297 314 349 362 395 414  ; 5 1 6 5 5 8 
214 ; 0.0006167 ; True ; 13 126 155 190 225 230 251 297 314 349 362 395 414  ; 6 1 6 5 5 8 
223.1 ; 0.0006252 ; True ; 13 54 69 155 190 225 297 314 332 349 362 395 414  ; 5 1 6 5 6 6 
225.7 ; 0.0006425 ; True ; 13 126 155 190 209 225 230 255 287 314 349 395 414  ; 5 1 6 5 6 7 
245.5 ; 0.0006589 ; True ; 13 44 155 190 225 251 255 297 314 329 349 395 414  ; 5 1 7 5 5 7 
249.8 ; 0.0006594 ; True ; 13 54 140 155 190 225 251 297 332 349 362 395 414  ; 6 1 6 5 6 7 
250.9 ; 0.0006781 ; True ; 13 44 54 83 155 190 225 255 297 314 349 395 414  ; 5 1 6 6 6 7 
258.8 ; 0.0006811 ; True ; 13 140 155 190 225 255 297 314 332 349 362 395 414  ; 5 1 7 4 7 6 
272.6 ; 0.0006881 ; True ; 13 44 140 188 190 225 251 314 349 362 395 401 414  ; 6 1 7 5 5 8 
274.4 ; 0.0007065 ; True ; 13 140 155 157 190 225 255 297 314 349 362 395 414  ; 4 1 7 5 7 6 
279.2 ; 0.0007168 ; True ; 13 140 155 157 190 225 297 314 349 362 389 395 414  ; 5 1 7 5 6 7 
316 ; 0.0007208 ; True ; 13 45 140 157 190 225 251 256 314 349 367 395 414  ; 5 1 8 5 5 7 


RUN 6:
Optimum Distance: 8.886
Optimal Team: 83,190,414,
Required Skills: 0 1 4 10 23 24 
Distance; Skill Score; isValid; Team; Skill Counts
8.886 ; 2.484e-06 ; True ; 83 190 414  ; 1 1 1 1 1 1 
11.85 ; 4.087e-06 ; True ; 13 190 395  ; 1 1 1 1 1 2 
15.64 ; 8.011e-06 ; True ; 83 188 190 395  ; 2 1 1 1 1 3 
15.67 ; 1.076e-05 ; True ; 83 190 209 414  ; 2 1 1 2 1 2 
16.81 ; 1.136e-05 ; True ; 83 190 395 414  ; 2 1 1 1 2 2 
19.61 ; 1.218e-05 ; True ; 83 190 225 414  ; 2 1 2 1 1 2 
19.78 ; 1.31e-05 ; True ; 13 190 332 349  ; 1 1 2 2 1 2 
20.57 ; 1.349e-05 ; True ; 13 83 190 395  ; 2 1 1 2 1 3 
20.61 ; 1.383e-05 ; True ; 13 190 395 414  ; 1 1 2 1 2 2 
20.67 ; 1.526e-05 ; True ; 13 190 225 395  ; 2 1 2 1 1 3 
20.76 ; 1.642e-05 ; True ; 13 190 349 395  ; 1 1 2 2 1 3 
23.33 ; 1.835e-05 ; True ; 83 188 190 209 395  ; 3 1 1 2 1 4 
24.52 ; 1.912e-05 ; True ; 83 190 209 227 414  ; 2 1 1 2 2 2 
24.61 ; 2.163e-05 ; True ; 188 190 345 395 414  ; 2 1 2 1 2 2 
25.34 ; 2.569e-05 ; True ; 83 188 190 209 414  ; 2 1 2 2 1 3 
25.57 ; 2.71e-05 ; True ; 83 188 190 395 414  ; 2 1 2 1 2 3 
25.58 ; 2.883e-05 ; True ; 83 190 209 395 414  ; 3 1 1 2 2 3 
29.35 ; 3.092e-05 ; True ; 83 190 209 225 414  ; 3 1 2 2 1 3 
29.52 ; 3.262e-05 ; True ; 83 190 225 395 414  ; 3 1 2 1 2 3 
30.39 ; 3.641e-05 ; True ; 13 155 190 332 349  ; 2 1 2 2 2 2 
30.54 ; 3.673e-05 ; True ; 13 190 225 332 349  ; 2 1 3 2 1 3 
31.54 ; 4.151e-05 ; True ; 13 190 225 349 395  ; 2 1 3 2 1 4 
31.61 ; 4.562e-05 ; True ; 13 190 332 349 395  ; 2 1 2 2 2 3 
36.25 ; 6.207e-05 ; True ; 83 188 190 209 395 414  ; 3 1 2 2 2 4 
41.21 ; 6.523e-05 ; True ; 13 74 190 225 332 349  ; 2 1 3 2 2 3 
41.25 ; 6.799e-05 ; True ; 83 190 209 225 395 414  ; 4 1 2 2 2 4 
41.32 ; 7.373e-05 ; True ; 13 126 190 225 332 349  ; 2 1 3 2 2 4 
42.32 ; 7.922e-05 ; True ; 13 126 190 225 349 395  ; 2 1 3 2 2 5 
44.36 ; 8.874e-05 ; True ; 13 190 225 332 349 395  ; 3 1 3 2 2 4 
46.97 ; 9.378e-05 ; True ; 13 190 225 349 395 414  ; 2 1 4 2 2 4 
47.87 ; 9.418e-05 ; True ; 13 190 349 362 395 414  ; 2 1 3 3 2 4 
50.98 ; 0.0001012 ; True ; 13 75 126 190 225 230 349  ; 2 1 3 3 2 5 
53.14 ; 0.0001061 ; True ; 13 65 126 190 225 332 349  ; 2 1 3 2 3 5 
53.85 ; 0.0001134 ; True ; 13 155 190 225 270 332 349  ; 3 1 3 3 2 4 
55.02 ; 0.0001218 ; True ; 13 126 190 225 230 349 395  ; 3 1 3 3 2 5 
57.08 ; 0.0001277 ; True ; 13 126 190 225 332 349 395  ; 3 1 3 2 3 5 
58.83 ; 0.0001302 ; True ; 13 155 190 225 332 349 395  ; 4 1 3 2 3 4 
59.45 ; 0.0001337 ; True ; 13 155 190 225 332 349 414  ; 3 1 4 2 3 3 
59.5 ; 0.0001343 ; True ; 13 155 190 332 349 362 414  ; 3 1 3 3 3 3 
60.59 ; 0.0001349 ; True ; 13 126 190 225 349 395 414  ; 2 1 4 2 3 5 
61.16 ; 0.0001442 ; True ; 13 155 190 225 349 362 414  ; 3 1 4 3 2 4 
61.44 ; 0.0001512 ; True ; 13 155 190 225 349 395 414  ; 3 1 4 2 3 4 
62.46 ; 0.0001518 ; True ; 13 155 190 349 362 395 414  ; 3 1 3 3 3 4 
63.48 ; 0.0001549 ; True ; 13 190 225 349 362 395 414  ; 3 1 4 3 2 5 
66.82 ; 0.0001631 ; True ; 13 65 126 190 225 230 332 349  ; 3 1 3 3 3 5 
68.72 ; 0.0001704 ; True ; 13 75 126 190 225 230 349 395  ; 3 1 3 3 3 6 
71.65 ; 0.0001787 ; True ; 13 155 190 225 270 332 349 395  ; 4 1 3 3 3 5 
73.25 ; 0.0001931 ; True ; 13 155 190 225 270 332 349 414  ; 3 1 4 3 3 4 
75.58 ; 0.0002075 ; True ; 13 190 225 270 332 349 395 414  ; 3 1 4 3 3 5 
76.96 ; 0.0002115 ; True ; 13 155 190 225 332 349 362 414  ; 4 1 4 3 3 4 
79.08 ; 0.0002167 ; True ; 13 126 190 225 349 362 395 414  ; 3 1 4 3 3 6 
79.93 ; 0.0002273 ; True ; 13 155 190 225 349 362 395 414  ; 4 1 4 3 3 5 
86.66 ; 0.0002304 ; True ; 13 155 190 225 314 349 362 414  ; 3 1 5 3 3 4 
87.03 ; 0.0002311 ; True ; 13 54 155 190 225 349 395 414  ; 3 1 4 3 4 4 
87.35 ; 0.0002374 ; True ; 13 126 190 225 230 287 332 349 395  ; 4 1 4 3 3 6 
89.21 ; 0.0002382 ; True ; 13 54 190 225 349 362 395 414  ; 3 1 4 4 3 5 
90.64 ; 0.0002482 ; True ; 13 126 155 190 225 270 332 349 414  ; 3 1 4 3 4 5 
92.32 ; 0.0002531 ; True ; 13 126 155 190 225 230 332 349 414  ; 4 1 4 3 4 4 
92.66 ; 0.0002586 ; True ; 13 126 190 225 230 287 349 395 414  ; 3 1 5 3 3 6 
92.7 ; 0.0002593 ; True ; 13 75 126 190 225 230 349 395 414  ; 3 1 4 3 4 6 
92.71 ; 0.000261 ; True ; 13 155 190 225 270 332 349 362 414  ; 4 1 4 4 3 5 
93.03 ; 0.0002719 ; True ; 13 155 190 225 270 332 349 395 414  ; 4 1 4 3 4 5 
96.03 ; 0.0002726 ; True ; 13 190 225 270 332 349 362 395 414  ; 4 1 4 4 3 6 
97.38 ; 0.0002841 ; True ; 13 126 155 190 225 349 362 395 414  ; 4 1 4 3 4 6 
97.72 ; 0.0002853 ; True ; 13 155 190 225 332 349 362 395 414  ; 5 1 4 3 4 5 
103.3 ; 0.000286 ; True ; 13 44 155 190 225 349 362 395 414  ; 5 1 4 4 3 6 
104 ; 0.0002911 ; True ; 13 126 190 225 230 287 297 332 349 395  ; 4 1 5 3 3 7 
105.1 ; 0.0002963 ; True ; 13 126 155 190 225 314 349 362 414  ; 3 1 5 3 4 5 
105.4 ; 0.0003021 ; True ; 13 155 190 225 314 332 349 362 414  ; 4 1 5 3 4 4 
109.3 ; 0.0003095 ; True ; 13 126 130 190 225 230 287 349 395 414  ; 3 1 5 3 4 6 
109.4 ; 0.0003123 ; True ; 13 155 190 225 255 349 362 395 414  ; 4 1 4 4 4 5 
109.4 ; 0.0003245 ; True ; 13 155 190 225 314 349 362 395 414  ; 4 1 5 3 4 5 
112.1 ; 0.0003262 ; True ; 13 126 155 190 225 270 332 349 362 414  ; 4 1 4 4 4 6 
112.7 ; 0.000339 ; True ; 13 126 155 190 225 230 287 349 395 414  ; 4 1 5 3 4 6 
115 ; 0.0003405 ; True ; 13 155 190 225 230 287 332 349 395 414  ; 5 1 5 3 4 5 
115.5 ; 0.0003423 ; True ; 13 155 190 225 270 332 349 362 395 414  ; 5 1 4 4 4 6 
116.7 ; 0.0003484 ; True ; 13 126 155 190 225 287 349 362 395 414  ; 4 1 5 3 4 7 
118 ; 0.0003557 ; True ; 13 155 190 225 287 332 349 362 395 414  ; 5 1 5 3 4 6 
125.2 ; 0.0003727 ; True ; 13 155 190 225 270 314 332 349 362 414  ; 4 1 5 4 4 5 
129.8 ; 0.0003823 ; True ; 13 126 155 190 225 314 349 362 395 414  ; 4 1 5 3 5 6 
130.1 ; 0.0003888 ; True ; 13 126 155 190 225 230 287 297 332 349 414  ; 4 1 6 3 4 6 
130.1 ; 0.0003893 ; True ; 13 155 190 225 270 314 349 362 395 414  ; 4 1 5 4 4 6 
131.7 ; 0.000391 ; True ; 13 155 190 225 230 314 349 362 395 414  ; 5 1 5 4 4 5 
131.7 ; 0.0004001 ; True ; 13 65 126 190 225 230 297 332 349 362 414  ; 4 1 5 4 4 7 
134.1 ; 0.0004085 ; True ; 13 126 155 190 225 230 287 332 349 362 414  ; 5 1 5 4 4 6 
137.1 ; 0.0004198 ; True ; 13 126 155 190 225 230 287 349 362 395 414  ; 5 1 5 4 4 7 
142.8 ; 0.0004202 ; True ; 13 155 190 225 255 314 349 362 395 414  ; 4 1 5 4 5 5 
145.8 ; 0.000427 ; True ; 13 126 155 190 225 251 287 349 362 395 414  ; 5 1 5 4 4 8 
146.3 ; 0.0004273 ; True ; 13 155 190 225 230 255 287 297 332 349 414  ; 4 1 6 4 4 5 
146.3 ; 0.0004308 ; True ; 13 44 155 190 225 287 332 349 362 395 414  ; 6 1 5 4 4 7 
147.5 ; 0.000439 ; True ; 13 126 155 190 225 270 314 332 349 362 414  ; 4 1 5 4 5 6 
148.6 ; 0.0004464 ; True ; 13 126 155 190 225 230 287 314 349 362 414  ; 4 1 6 4 4 6 
150.9 ; 0.0004484 ; True ; 13 155 190 225 230 287 314 332 349 362 414  ; 5 1 6 4 4 5 
151.9 ; 0.0004606 ; True ; 13 155 190 225 270 314 332 349 362 395 414  ; 5 1 5 4 5 6 
154.3 ; 0.0004667 ; True ; 13 126 190 225 230 270 287 297 332 349 395 414  ; 4 1 6 4 4 8 
154.9 ; 0.0004684 ; True ; 13 155 190 225 230 287 314 349 362 395 414  ; 5 1 6 4 4 6 
158.4 ; 0.0004815 ; True ; 13 65 126 190 225 230 287 332 349 362 395 414  ; 5 1 5 4 5 8 
160.8 ; 0.0004858 ; True ; 13 126 155 190 225 230 287 332 349 362 395 414  ; 6 1 5 4 5 7 
161 ; 0.0004896 ; True ; 13 155 190 225 270 287 297 332 349 362 395 414  ; 5 1 6 4 4 8 
165 ; 0.000494 ; True ; 13 155 188 190 225 230 297 332 349 362 395 414  ; 6 1 6 4 4 7 
168 ; 0.0005034 ; True ; 13 155 190 225 255 297 314 349 362 395 414  ; 4 1 6 4 5 6 
173.3 ; 0.0005281 ; True ; 13 126 155 190 225 230 287 314 332 349 362 414  ; 5 1 6 4 5 6 
177.3 ; 0.0005427 ; True ; 13 126 155 190 225 230 287 314 349 362 395 414  ; 5 1 6 4 5 7 
186 ; 0.0005521 ; True ; 13 126 155 190 225 251 287 314 349 362 395 414  ; 5 1 6 4 5 8 
186.5 ; 0.000557 ; True ; 13 44 155 190 225 287 314 332 349 362 395 414  ; 6 1 6 4 5 7 
192.3 ; 0.0005616 ; True ; 13 155 188 190 225 230 255 287 314 349 395 414  ; 4 1 7 4 5 6 
193.3 ; 0.0005627 ; True ; 13 126 155 190 225 255 287 314 349 362 395 414  ; 4 1 6 4 6 7 
194.2 ; 0.0005747 ; True ; 13 155 190 225 230 255 287 314 349 362 395 414  ; 5 1 6 5 5 6 
197.2 ; 0.0005771 ; True ; 13 155 188 190 225 255 287 314 349 362 395 414  ; 4 1 7 4 5 7 
199.2 ; 0.0005906 ; True ; 13 44 155 190 225 255 287 314 349 362 395 414  ; 5 1 6 5 5 7 
212.5 ; 0.0006006 ; True ; 13 44 126 129 155 190 225 287 314 332 349 395 414  ; 5 1 6 4 6 8 
215 ; 0.0006167 ; True ; 13 65 155 190 225 230 251 297 314 349 362 395 414  ; 6 1 6 5 5 8 
221.9 ; 0.0006273 ; True ; 13 126 155 190 225 255 287 314 332 349 362 395 414  ; 5 1 6 4 7 7 
222.4 ; 0.0006425 ; True ; 13 54 155 190 225 270 287 314 332 349 362 395 414  ; 5 1 6 5 6 7 
237 ; 0.0006536 ; True ; 13 65 155 157 190 225 251 297 314 349 362 395 414  ; 5 1 6 5 6 8 
244.1 ; 0.0006589 ; True ; 13 44 155 188 190 191 225 255 314 349 362 395 414  ; 5 1 7 5 5 7 
246.5 ; 0.0006594 ; True ; 13 155 157 190 225 297 314 332 349 362 392 395 414  ; 6 1 6 5 6 7 
250.8 ; 0.0006649 ; True ; 13 54 88 155 188 190 209 225 255 314 349 395 414  ; 4 1 7 5 6 6 
257 ; 0.0006738 ; True ; 13 54 155 188 190 209 225 287 314 349 367 395 414  ; 5 1 8 4 5 8 
260.6 ; 0.0006811 ; True ; 13 140 155 157 190 225 287 314 332 349 362 395 414  ; 5 1 7 4 7 6 
270.8 ; 0.0006832 ; True ; 13 70 155 190 225 255 287 302 314 349 367 395 414  ; 4 1 7 5 6 7 
280.6 ; 0.0007065 ; True ; 13 70 140 190 225 255 287 314 332 349 362 395 414  ; 4 1 7 5 7 6 
282.6 ; 0.0007168 ; True ; 13 44 48 140 155 190 225 255 297 314 349 395 414  ; 5 1 7 5 6 7 
284.2 ; 0.0007204 ; True ; 13 44 140 155 190 225 255 297 314 349 367 395 414  ; 5 1 8 4 6 7 
318 ; 0.0007357 ; True ; 13 45 140 155 190 225 255 314 349 367 395 414 418  ; 6 1 7 5 6 7 


RUN 7:
Optimum Distance: 8.886
Optimal Team: 83,190,414,
Required Skills: 0 1 4 10 23 24 
Distance; Skill Score; isValid; Team; Skill Counts
8.886 ; 2.484e-06 ; True ; 83 190 414  ; 1 1 1 1 1 1 
11.85 ; 4.087e-06 ; True ; 13 190 395  ; 1 1 1 1 1 2 
15.16 ; 4.182e-06 ; True ; 59 83 190 414  ; 1 1 1 2 1 1 
15.64 ; 8.011e-06 ; True ; 83 188 190 395  ; 2 1 1 1 1 3 
15.67 ; 1.076e-05 ; True ; 83 190 209 414  ; 2 1 1 2 1 2 
16.81 ; 1.136e-05 ; True ; 83 190 395 414  ; 2 1 1 1 2 2 
19.61 ; 1.218e-05 ; True ; 83 190 225 414  ; 2 1 2 1 1 2 
19.78 ; 1.31e-05 ; True ; 13 190 332 349  ; 1 1 2 2 1 2 
20.57 ; 1.349e-05 ; True ; 13 83 190 395  ; 2 1 1 2 1 3 
20.61 ; 1.383e-05 ; True ; 13 190 395 414  ; 1 1 2 1 2 2 
20.67 ; 1.526e-05 ; True ; 13 190 225 395  ; 2 1 2 1 1 3 
20.76 ; 1.642e-05 ; True ; 13 190 349 395  ; 1 1 2 2 1 3 
23.33 ; 1.835e-05 ; True ; 83 188 190 209 395  ; 3 1 1 2 1 4 
25.07 ; 1.912e-05 ; True ; 59 83 190 395 414  ; 2 1 1 2 2 2 
25.34 ; 2.569e-05 ; True ; 83 188 190 209 414  ; 2 1 2 2 1 3 
25.57 ; 2.71e-05 ; True ; 83 188 190 395 414  ; 2 1 2 1 2 3 
25.58 ; 2.883e-05 ; True ; 83 190 209 395 414  ; 3 1 1 2 2 3 
29.35 ; 3.092e-05 ; True ; 83 190 209 225 414  ; 3 1 2 2 1 3 
29.52 ; 3.262e-05 ; True ; 83 190 225 395 414  ; 3 1 2 1 2 3 
30.39 ; 3.641e-05 ; True ; 13 155 190 332 349  ; 2 1 2 2 2 2 
30.54 ; 3.673e-05 ; True ; 13 190 225 332 349  ; 2 1 3 2 1 3 
31.54 ; 4.151e-05 ; True ; 13 190 225 349 395  ; 2 1 3 2 1 4 
31.61 ; 4.562e-05 ; True ; 13 190 332 349 395  ; 2 1 2 2 2 3 
36.25 ; 6.207e-05 ; True ; 83 188 190 209 395 414  ; 3 1 2 2 2 4 
41.21 ; 6.523e-05 ; True ; 13 74 190 225 332 349  ; 2 1 3 2 2 3 
41.25 ; 6.799e-05 ; True ; 83 190 209 225 395 414  ; 4 1 2 2 2 4 
41.32 ; 7.373e-05 ; True ; 13 126 190 225 332 349  ; 2 1 3 2 2 4 
42.32 ; 7.922e-05 ; True ; 13 126 190 225 349 395  ; 2 1 3 2 2 5 
44.36 ; 8.874e-05 ; True ; 13 190 225 332 349 395  ; 3 1 3 2 2 4 
46.97 ; 9.378e-05 ; True ; 13 190 225 349 395 414  ; 2 1 4 2 2 4 
47.87 ; 9.418e-05 ; True ; 13 190 349 362 395 414  ; 2 1 3 3 2 4 
50.98 ; 0.0001012 ; True ; 13 75 126 190 225 230 349  ; 2 1 3 3 2 5 
53.14 ; 0.0001061 ; True ; 13 65 126 190 225 332 349  ; 2 1 3 2 3 5 
53.85 ; 0.0001134 ; True ; 13 155 190 225 270 332 349  ; 3 1 3 3 2 4 
55.02 ; 0.0001218 ; True ; 13 126 190 225 230 349 395  ; 3 1 3 3 2 5 
57.08 ; 0.0001277 ; True ; 13 126 190 225 332 349 395  ; 3 1 3 2 3 5 
58.83 ; 0.0001302 ; True ; 13 155 190 225 332 349 395  ; 4 1 3 2 3 4 
59.45 ; 0.0001337 ; True ; 13 155 190 225 332 349 414  ; 3 1 4 2 3 3 
59.5 ; 0.0001343 ; True ; 13 155 190 332 349 362 414  ; 3 1 3 3 3 3 
60.59 ; 0.0001349 ; True ; 13 126 190 225 349 395 414  ; 2 1 4 2 3 5 
61.16 ; 0.0001442 ; True ; 13 155 190 225 349 362 414  ; 3 1 4 3 2 4 
61.44 ; 0.0001512 ; True ; 13 155 190 225 349 395 414  ; 3 1 4 2 3 4 
62.46 ; 0.0001518 ; True ; 13 155 190 349 362 395 414  ; 3 1 3 3 3 4 
63.48 ; 0.0001549 ; True ; 13 190 225 349 362 395 414  ; 3 1 4 3 2 5 
66.82 ; 0.0001631 ; True ; 13 65 126 190 225 230 332 349  ; 3 1 3 3 3 5 
68.72 ; 0.0001704 ; True ; 13 75 126 190 225 230 349 395  ; 3 1 3 3 3 6 
71.65 ; 0.0001787 ; True ; 13 155 190 225 270 332 349 395  ; 4 1 3 3 3 5 
73.25 ; 0.0001931 ; True ; 13 155 190 225 270 332 349 414  ; 3 1 4 3 3 4 
75.58 ; 0.0002075 ; True ; 13 190 225 270 332 349 395 414  ; 3 1 4 3 3 5 
76.96 ; 0.0002115 ; True ; 13 155 190 225 332 349 362 414  ; 4 1 4 3 3 4 
79.08 ; 0.0002167 ; True ; 13 126 190 225 349 362 395 414  ; 3 1 4 3 3 6 
79.93 ; 0.0002273 ; True ; 13 155 190 225 349 362 395 414  ; 4 1 4 3 3 5 
86.66 ; 0.0002304 ; True ; 13 155 190 225 314 349 362 414  ; 3 1 5 3 3 4 
87.03 ; 0.0002311 ; True ; 13 54 155 190 225 349 395 414  ; 3 1 4 3 4 4 
87.35 ; 0.0002374 ; True ; 13 126 190 225 230 287 332 349 395  ; 4 1 4 3 3 6 
89.21 ; 0.0002382 ; True ; 13 54 190 225 349 362 395 414  ; 3 1 4 4 3 5 
90.64 ; 0.0002482 ; True ; 13 126 155 190 225 270 332 349 414  ; 3 1 4 3 4 5 
92.32 ; 0.0002531 ; True ; 13 126 155 190 225 230 332 349 414  ; 4 1 4 3 4 4 
92.66 ; 0.0002586 ; True ; 13 126 190 225 230 287 349 395 414  ; 3 1 5 3 3 6 
92.7 ; 0.0002593 ; True ; 13 75 126 190 225 230 349 395 414  ; 3 1 4 3 4 6 
92.71 ; 0.000261 ; True ; 13 155 190 225 270 332 349 362 414  ; 4 1 4 4 3 5 
93.03 ; 0.0002719 ; True ; 13 155 190 225 270 332 349 395 414  ; 4 1 4 3 4 5 
96.03 ; 0.0002726 ; True ; 13 190 225 270 332 349 362 395 414  ; 4 1 4 4 3 6 
97.38 ; 0.0002841 ; True ; 13 126 155 190 225 349 362 395 414  ; 4 1 4 3 4 6 
97.72 ; 0.0002853 ; True ; 13 155 190 225 332 349 362 395 414  ; 5 1 4 3 4 5 
103.3 ; 0.000286 ; True ; 13 44 155 190 225 349 362 395 414  ; 5 1 4 4 3 6 
104.4 ; 0.0002919 ; True ; 13 65 126 155 190 225 230 287 349 395  ; 4 1 4 3 4 7 
105.1 ; 0.0002963 ; True ; 13 126 155 190 225 314 349 362 414  ; 3 1 5 3 4 5 
105.4 ; 0.0003021 ; True ; 13 155 190 225 314 332 349 362 414  ; 4 1 5 3 4 4 
108.2 ; 0.0003095 ; True ; 13 65 126 190 225 230 287 332 349 414  ; 3 1 5 3 4 6 
109.4 ; 0.0003123 ; True ; 13 155 190 225 255 349 362 395 414  ; 4 1 4 4 4 5 
109.4 ; 0.0003245 ; True ; 13 155 190 225 314 349 362 395 414  ; 4 1 5 3 4 5 
112.1 ; 0.0003262 ; True ; 13 126 155 190 225 270 332 349 362 414  ; 4 1 4 4 4 6 
112.7 ; 0.000339 ; True ; 13 126 155 190 225 230 287 349 395 414  ; 4 1 5 3 4 6 
115 ; 0.0003405 ; True ; 13 155 190 225 230 287 332 349 395 414  ; 5 1 5 3 4 5 
115.5 ; 0.0003423 ; True ; 13 155 190 225 270 332 349 362 395 414  ; 5 1 4 4 4 6 
116.7 ; 0.0003484 ; True ; 13 126 155 190 225 287 349 362 395 414  ; 4 1 5 3 4 7 
118 ; 0.0003557 ; True ; 13 155 190 225 287 332 349 362 395 414  ; 5 1 5 3 4 6 
125.2 ; 0.0003727 ; True ; 13 155 190 225 270 314 332 349 362 414  ; 4 1 5 4 4 5 
129.8 ; 0.0003823 ; True ; 13 126 155 190 225 314 349 362 395 414  ; 4 1 5 3 5 6 
130.1 ; 0.0003893 ; True ; 13 155 190 225 270 314 349 362 395 414  ; 4 1 5 4 4 6 
131.7 ; 0.000391 ; True ; 13 155 190 225 230 314 349 362 395 414  ; 5 1 5 4 4 5 
131.8 ; 0.0004001 ; True ; 13 75 126 155 190 225 230 297 349 362 414  ; 4 1 5 4 4 7 
134.1 ; 0.0004085 ; True ; 13 126 155 190 225 230 297 332 349 362 414  ; 5 1 5 4 4 6 
137.1 ; 0.0004198 ; True ; 13 126 155 190 225 230 287 349 362 395 414  ; 5 1 5 4 4 7 
142.8 ; 0.0004202 ; True ; 13 155 190 225 255 314 349 362 395 414  ; 4 1 5 4 5 5 
145.8 ; 0.000427 ; True ; 13 126 155 190 225 251 287 349 362 395 414  ; 5 1 5 4 4 8 
146.3 ; 0.0004308 ; True ; 13 44 155 190 225 287 332 349 362 395 414  ; 6 1 5 4 4 7 
147.2 ; 0.000439 ; True ; 13 54 126 155 190 225 230 287 349 395 414  ; 4 1 5 4 5 6 
148.6 ; 0.0004464 ; True ; 13 126 155 190 225 230 287 314 349 362 414  ; 4 1 6 4 4 6 
151.9 ; 0.0004606 ; True ; 13 155 190 225 270 314 332 349 362 395 414  ; 5 1 5 4 5 6 
154.9 ; 0.0004684 ; True ; 13 155 190 225 230 297 314 349 362 395 414  ; 5 1 6 4 4 6 
158.5 ; 0.0004815 ; True ; 13 75 126 155 190 225 230 297 349 362 395 414  ; 5 1 5 4 5 8 
160.8 ; 0.0004858 ; True ; 13 126 155 190 225 230 287 332 349 362 395 414  ; 6 1 5 4 5 7 
162.6 ; 0.0004896 ; True ; 13 126 155 188 190 225 230 297 349 362 395 414  ; 5 1 6 4 4 8 
168 ; 0.0005034 ; True ; 13 155 190 225 255 297 314 349 362 395 414  ; 4 1 6 4 5 6 
176.4 ; 0.0005151 ; True ; 13 126 155 190 225 230 255 287 349 362 395 414  ; 5 1 5 5 5 7 
177.1 ; 0.0005281 ; True ; 13 54 155 188 190 225 230 297 332 349 395 414  ; 5 1 6 4 5 6 
180.4 ; 0.0005427 ; True ; 13 126 155 188 190 225 230 314 349 362 395 414  ; 5 1 6 4 5 7 
187 ; 0.0005521 ; True ; 13 126 155 190 225 251 297 314 349 362 395 414  ; 5 1 6 4 5 8 
187.5 ; 0.000557 ; True ; 13 44 155 190 225 297 314 332 349 362 395 414  ; 6 1 6 4 5 7 
193.3 ; 0.0005621 ; True ; 13 75 126 155 190 225 251 287 297 349 362 395 414  ; 5 1 6 4 5 10 
194.3 ; 0.0005627 ; True ; 13 75 155 190 225 255 297 314 349 362 395 414  ; 4 1 6 4 6 7 
194.4 ; 0.0005747 ; True ; 13 54 155 190 225 230 287 314 349 362 395 414  ; 5 1 6 5 5 6 
197.5 ; 0.0005771 ; True ; 13 54 155 188 190 225 297 314 349 362 395 414  ; 4 1 7 4 5 7 
200.1 ; 0.0005906 ; True ; 13 44 155 190 225 255 297 314 349 362 395 414  ; 5 1 6 5 5 7 
206.6 ; 0.000616 ; True ; 13 126 155 188 190 225 230 287 314 349 362 395 414  ; 5 1 7 4 5 8 
220.3 ; 0.0006164 ; True ; 0 13 126 155 190 209 225 251 314 332 349 395 414  ; 6 1 6 4 6 8 
222.4 ; 0.0006257 ; True ; 13 44 155 190 225 251 297 314 332 349 362 395 414  ; 7 1 6 5 5 8 
223.8 ; 0.0006281 ; True ; 13 54 155 165 188 190 225 297 314 349 362 395 414  ; 4 1 7 5 5 7 
231.8 ; 0.0006589 ; True ; 0 13 155 157 190 207 225 251 287 314 349 395 414  ; 5 1 7 5 5 7 
249.3 ; 0.0006704 ; True ; 13 54 155 175 188 190 225 287 314 349 362 395 414  ; 5 1 7 5 5 8 
253.7 ; 0.0006761 ; True ; 13 140 155 190 209 225 287 314 332 349 362 395 414  ; 6 1 7 4 6 7 
255.7 ; 0.0006764 ; True ; 13 44 83 140 155 190 207 225 287 314 349 395 414  ; 6 1 7 5 5 7 
264.1 ; 0.0006768 ; True ; 13 54 140 188 190 225 230 314 345 349 362 395 414  ; 5 1 7 6 5 6 
277.2 ; 0.0006773 ; True ; 13 54 140 155 190 225 230 251 311 314 349 395 414  ; 6 1 6 6 6 6 
277.7 ; 0.000695 ; True ; 13 126 140 190 209 225 255 287 314 349 395 414 418  ; 4 1 7 5 6 8 
278.9 ; 0.0006955 ; True ; 13 140 155 190 209 225 255 287 314 349 362 409 414  ; 5 1 7 6 5 7 
281.1 ; 0.0006975 ; True ; 0 13 54 140 190 225 314 332 349 362 395 407 414  ; 5 1 7 5 6 6 
299.4 ; 0.0007075 ; True ; 0 13 77 140 190 225 251 255 314 349 395 414 418  ; 5 1 7 6 5 8 
309.2 ; 0.0007204 ; True ; 13 58 106 140 155 190 225 255 314 349 362 395 414  ; 5 1 8 4 6 7 
325.1 ; 0.0007262 ; True ; 13 106 107 140 156 157 190 225 251 314 349 395 414  ; 6 1 7 6 5 8 


RUN 8:
Optimum Distance: 8.886
Optimal Team: 83,190,414,
Required Skills: 0 1 4 10 23 24 
Distance; Skill Score; isValid; Team; Skill Counts
8.886 ; 2.484e-06 ; True ; 83 190 414  ; 1 1 1 1 1 1 
11.85 ; 4.087e-06 ; True ; 13 190 395  ; 1 1 1 1 1 2 
15.16 ; 4.182e-06 ; True ; 59 83 190 414  ; 1 1 1 2 1 1 
15.64 ; 8.011e-06 ; True ; 83 188 190 395  ; 2 1 1 1 1 3 
15.67 ; 1.076e-05 ; True ; 83 190 209 414  ; 2 1 1 2 1 2 
16.81 ; 1.136e-05 ; True ; 83 190 395 414  ; 2 1 1 1 2 2 
19.61 ; 1.218e-05 ; True ; 83 190 225 414  ; 2 1 2 1 1 2 
19.78 ; 1.31e-05 ; True ; 13 190 332 349  ; 1 1 2 2 1 2 
20.57 ; 1.349e-05 ; True ; 13 83 190 395  ; 2 1 1 2 1 3 
20.61 ; 1.383e-05 ; True ; 13 190 395 414  ; 1 1 2 1 2 2 
20.67 ; 1.526e-05 ; True ; 13 190 225 395  ; 2 1 2 1 1 3 
20.76 ; 1.642e-05 ; True ; 13 190 349 395  ; 1 1 2 2 1 3 
23.33 ; 1.835e-05 ; True ; 83 188 190 209 395  ; 3 1 1 2 1 4 
25.07 ; 1.912e-05 ; True ; 59 83 190 395 414  ; 2 1 1 2 2 2 
25.34 ; 2.569e-05 ; True ; 83 188 190 209 414  ; 2 1 2 2 1 3 
25.57 ; 2.71e-05 ; True ; 83 188 190 395 414  ; 2 1 2 1 2 3 
25.58 ; 2.883e-05 ; True ; 83 190 209 395 414  ; 3 1 1 2 2 3 
29.35 ; 3.092e-05 ; True ; 83 190 209 225 414  ; 3 1 2 2 1 3 
29.52 ; 3.262e-05 ; True ; 83 190 225 395 414  ; 3 1 2 1 2 3 
30.39 ; 3.641e-05 ; True ; 13 155 190 332 349  ; 2 1 2 2 2 2 
30.54 ; 3.673e-05 ; True ; 13 190 225 332 349  ; 2 1 3 2 1 3 
31.54 ; 4.151e-05 ; True ; 13 190 225 349 395  ; 2 1 3 2 1 4 
31.61 ; 4.562e-05 ; True ; 13 190 332 349 395  ; 2 1 2 2 2 3 
36.25 ; 6.207e-05 ; True ; 83 188 190 209 395 414  ; 3 1 2 2 2 4 
41.21 ; 6.523e-05 ; True ; 13 74 190 225 332 349  ; 2 1 3 2 2 3 
41.25 ; 6.799e-05 ; True ; 83 190 209 225 395 414  ; 4 1 2 2 2 4 
41.32 ; 7.373e-05 ; True ; 13 126 190 225 332 349  ; 2 1 3 2 2 4 
42.32 ; 7.922e-05 ; True ; 13 126 190 225 349 395  ; 2 1 3 2 2 5 
44.36 ; 8.874e-05 ; True ; 13 190 225 332 349 395  ; 3 1 3 2 2 4 
46.97 ; 9.378e-05 ; True ; 13 190 225 349 395 414  ; 2 1 4 2 2 4 
47.87 ; 9.418e-05 ; True ; 13 190 349 362 395 414  ; 2 1 3 3 2 4 
50.98 ; 0.0001012 ; True ; 13 75 126 190 225 230 349  ; 2 1 3 3 2 5 
53.14 ; 0.0001061 ; True ; 13 65 126 190 225 332 349  ; 2 1 3 2 3 5 
53.85 ; 0.0001134 ; True ; 13 155 190 225 270 332 349  ; 3 1 3 3 2 4 
55.02 ; 0.0001218 ; True ; 13 126 190 225 230 349 395  ; 3 1 3 3 2 5 
57.08 ; 0.0001277 ; True ; 13 126 190 225 332 349 395  ; 3 1 3 2 3 5 
58.83 ; 0.0001302 ; True ; 13 155 190 225 332 349 395  ; 4 1 3 2 3 4 
59.45 ; 0.0001337 ; True ; 13 155 190 225 332 349 414  ; 3 1 4 2 3 3 
59.5 ; 0.0001343 ; True ; 13 155 190 332 349 362 414  ; 3 1 3 3 3 3 
60.59 ; 0.0001349 ; True ; 13 126 190 225 349 395 414  ; 2 1 4 2 3 5 
61.16 ; 0.0001442 ; True ; 13 155 190 225 349 362 414  ; 3 1 4 3 2 4 
61.44 ; 0.0001512 ; True ; 13 155 190 225 349 395 414  ; 3 1 4 2 3 4 
62.46 ; 0.0001518 ; True ; 13 155 190 349 362 395 414  ; 3 1 3 3 3 4 
63.48 ; 0.0001549 ; True ; 13 190 225 349 362 395 414  ; 3 1 4 3 2 5 
66.82 ; 0.0001631 ; True ; 13 65 126 190 225 230 332 349  ; 3 1 3 3 3 5 
68.72 ; 0.0001704 ; True ; 13 75 126 190 225 230 349 395  ; 3 1 3 3 3 6 
71.65 ; 0.0001787 ; True ; 13 155 190 225 270 332 349 395  ; 4 1 3 3 3 5 
73.25 ; 0.0001931 ; True ; 13 155 190 225 270 332 349 414  ; 3 1 4 3 3 4 
75.58 ; 0.0002075 ; True ; 13 190 225 270 332 349 395 414  ; 3 1 4 3 3 5 
76.96 ; 0.0002115 ; True ; 13 155 190 225 332 349 362 414  ; 4 1 4 3 3 4 
79.08 ; 0.0002167 ; True ; 13 126 190 225 349 362 395 414  ; 3 1 4 3 3 6 
79.93 ; 0.0002273 ; True ; 13 155 190 225 349 362 395 414  ; 4 1 4 3 3 5 
86.66 ; 0.0002304 ; True ; 13 155 190 225 314 349 362 414  ; 3 1 5 3 3 4 
87.03 ; 0.0002311 ; True ; 13 54 155 190 225 349 395 414  ; 3 1 4 3 4 4 
87.35 ; 0.0002374 ; True ; 13 126 190 225 230 287 332 349 395  ; 4 1 4 3 3 6 
89.21 ; 0.0002382 ; True ; 13 54 190 225 349 362 395 414  ; 3 1 4 4 3 5 
90.64 ; 0.0002482 ; True ; 13 126 155 190 225 270 332 349 414  ; 3 1 4 3 4 5 
92.32 ; 0.0002531 ; True ; 13 126 155 190 225 230 332 349 414  ; 4 1 4 3 4 4 
92.66 ; 0.0002586 ; True ; 13 126 190 225 230 287 349 395 414  ; 3 1 5 3 3 6 
92.7 ; 0.0002593 ; True ; 13 75 126 190 225 230 349 395 414  ; 3 1 4 3 4 6 
92.71 ; 0.000261 ; True ; 13 155 190 225 270 332 349 362 414  ; 4 1 4 4 3 5 
93.03 ; 0.0002719 ; True ; 13 155 190 225 270 332 349 395 414  ; 4 1 4 3 4 5 
96.03 ; 0.0002726 ; True ; 13 190 225 270 332 349 362 395 414  ; 4 1 4 4 3 6 
97.38 ; 0.0002841 ; True ; 13 126 155 190 225 349 362 395 414  ; 4 1 4 3 4 6 
97.72 ; 0.0002853 ; True ; 13 155 190 225 332 349 362 395 414  ; 5 1 4 3 4 5 
103.3 ; 0.000286 ; True ; 13 44 155 190 225 349 362 395 414  ; 5 1 4 4 3 6 
104 ; 0.0002919 ; True ; 13 75 126 190 225 230 287 332 349 395  ; 4 1 4 3 4 7 
105.1 ; 0.0002963 ; True ; 13 126 155 190 225 314 349 362 414  ; 3 1 5 3 4 5 
105.4 ; 0.0003021 ; True ; 13 155 190 225 314 332 349 362 414  ; 4 1 5 3 4 4 
108.2 ; 0.0003095 ; True ; 13 65 126 190 225 230 287 332 349 414  ; 3 1 5 3 4 6 
109.4 ; 0.0003123 ; True ; 13 155 190 225 255 349 362 395 414  ; 4 1 4 4 4 5 
109.4 ; 0.0003245 ; True ; 13 155 190 225 314 349 362 395 414  ; 4 1 5 3 4 5 
112.1 ; 0.0003262 ; True ; 13 126 155 190 225 270 332 349 362 414  ; 4 1 4 4 4 6 
112.7 ; 0.000339 ; True ; 13 126 155 190 225 230 287 349 395 414  ; 4 1 5 3 4 6 
115 ; 0.0003405 ; True ; 13 155 190 225 230 287 332 349 395 414  ; 5 1 5 3 4 5 
115.5 ; 0.0003423 ; True ; 13 155 190 225 270 332 349 362 395 414  ; 5 1 4 4 4 6 
116.7 ; 0.0003484 ; True ; 13 126 155 190 225 287 349 362 395 414  ; 4 1 5 3 4 7 
118 ; 0.0003557 ; True ; 13 155 190 225 287 332 349 362 395 414  ; 5 1 5 3 4 6 
125.2 ; 0.0003727 ; True ; 13 155 190 225 270 314 332 349 362 414  ; 4 1 5 4 4 5 
129.1 ; 0.0003823 ; True ; 13 65 126 155 190 225 230 287 332 349 414  ; 4 1 5 3 5 6 
130.1 ; 0.0003888 ; True ; 13 126 155 190 225 230 287 297 332 349 414  ; 4 1 6 3 4 6 
130.1 ; 0.0003893 ; True ; 13 155 190 225 270 314 349 362 395 414  ; 4 1 5 4 4 6 
131.7 ; 0.0004001 ; True ; 13 65 126 190 225 230 287 332 349 362 414  ; 4 1 5 4 4 7 
134.1 ; 0.0004085 ; True ; 13 126 155 190 225 230 297 332 349 362 414  ; 5 1 5 4 4 6 
137.2 ; 0.0004198 ; True ; 13 126 155 190 225 230 287 349 362 395 414  ; 5 1 5 4 4 7 
142.8 ; 0.0004202 ; True ; 13 155 190 225 255 314 349 362 395 414  ; 4 1 5 4 5 5 
145 ; 0.000427 ; True ; 13 44 126 155 190 225 287 349 362 395 414  ; 5 1 5 4 4 8 
147.2 ; 0.0004308 ; True ; 13 155 190 225 251 287 332 349 362 395 414  ; 6 1 5 4 4 7 
147.5 ; 0.000439 ; True ; 13 126 155 190 225 270 314 332 349 362 414  ; 4 1 5 4 5 6 
148.6 ; 0.0004464 ; True ; 13 126 155 190 225 230 287 314 349 362 414  ; 4 1 6 4 4 6 
150.9 ; 0.0004484 ; True ; 13 155 190 225 230 287 314 332 349 362 414  ; 5 1 6 4 4 5 
151.9 ; 0.0004606 ; True ; 13 155 190 225 270 314 332 349 362 395 414  ; 5 1 5 4 5 6 
154.6 ; 0.0004733 ; True ; 13 65 126 155 190 225 230 287 332 349 362 414  ; 5 1 5 4 5 7 
160.8 ; 0.0004808 ; True ; 13 126 155 190 225 287 297 332 349 362 395 414  ; 5 1 6 3 5 8 
160.9 ; 0.0004813 ; True ; 13 44 155 190 225 287 314 349 362 395 414  ; 5 1 6 4 4 7 
161.8 ; 0.000494 ; True ; 13 155 190 225 230 287 297 332 349 362 395 414  ; 6 1 6 4 4 7 
168 ; 0.0005034 ; True ; 13 155 190 225 255 287 314 349 362 395 414  ; 4 1 6 4 5 6 
172 ; 0.0005173 ; True ; 13 65 126 155 190 225 230 287 314 349 362 414  ; 4 1 6 4 5 7 
173.8 ; 0.0005281 ; True ; 13 54 155 190 225 230 287 297 332 349 395 414  ; 5 1 6 4 5 6 
177.3 ; 0.0005427 ; True ; 13 126 155 190 225 230 297 314 349 362 395 414  ; 5 1 6 4 5 7 
182.9 ; 0.0005463 ; True ; 13 126 155 188 190 225 230 287 297 345 349 395 414  ; 5 1 7 4 4 8 
186.5 ; 0.000557 ; True ; 13 44 155 190 225 287 314 332 349 362 395 414  ; 6 1 6 4 5 7 
192.3 ; 0.0005616 ; True ; 13 155 188 190 225 230 255 287 314 349 395 414  ; 4 1 7 4 5 6 
192.5 ; 0.0005627 ; True ; 13 54 126 155 190 225 287 314 349 362 395 414  ; 4 1 6 4 6 7 
194.8 ; 0.0005745 ; True ; 13 54 155 190 225 287 314 332 349 362 395 414  ; 5 1 6 4 6 6 
197.2 ; 0.0005747 ; True ; 13 44 54 155 190 225 230 297 314 349 395 414  ; 5 1 6 5 5 6 
199.6 ; 0.0005771 ; True ; 0 13 54 155 190 225 251 297 314 349 395 414  ; 4 1 7 4 5 7 
202.4 ; 0.0005903 ; True ; 13 44 65 126 155 190 225 230 287 314 332 349 414  ; 5 1 6 4 6 7 
204 ; 0.0005906 ; True ; 13 126 155 190 225 230 253 297 314 349 362 395 414  ; 5 1 6 5 5 7 
204.2 ; 0.0006062 ; True ; 13 54 155 190 225 230 287 297 332 349 362 395 414  ; 6 1 6 5 5 7 
216.6 ; 0.0006167 ; True ; 13 65 83 155 190 225 230 287 314 349 362 395 414  ; 6 1 6 5 5 8 
219 ; 0.0006323 ; True ; 13 83 155 190 209 225 287 297 314 332 349 395 414  ; 6 1 7 4 5 8 
224.5 ; 0.0006387 ; True ; 13 126 155 188 190 225 255 287 314 349 362 395 414  ; 4 1 7 4 6 8 
226.3 ; 0.0006425 ; True ; 13 54 75 155 190 225 251 287 314 332 349 362 414  ; 5 1 6 5 6 7 
227.4 ; 0.0006536 ; True ; 13 44 126 155 190 225 255 287 314 349 362 395 414  ; 5 1 6 5 6 8 
234.2 ; 0.0006594 ; True ; 13 54 83 155 190 225 287 314 332 349 362 395 414  ; 6 1 6 5 6 7 
256.2 ; 0.0006649 ; True ; 13 54 140 155 190 225 230 252 287 314 349 395 414  ; 4 1 7 5 6 6 
258.4 ; 0.0006781 ; True ; 13 54 155 157 190 209 225 265 287 314 349 395 414  ; 5 1 6 6 6 7 
261.5 ; 0.0006881 ; True ; 13 44 155 157 190 225 287 314 349 362 367 395 414  ; 6 1 7 5 5 8 
265.6 ; 0.0006975 ; True ; 13 54 83 140 155 190 225 297 314 332 349 362 414  ; 5 1 7 5 6 6 
290.1 ; 0.0007204 ; True ; 13 54 140 155 190 209 225 297 314 349 367 395 414  ; 5 1 8 4 6 7 
295.1 ; 0.0007357 ; True ; 13 54 140 155 190 209 225 314 349 362 367 395 414  ; 6 1 7 5 6 7 


RUN 9:
Optimum Distance: 8.886
Optimal Team: 83,190,414,
Required Skills: 0 1 4 10 23 24 
Distance; Skill Score; isValid; Team; Skill Counts
8.886 ; 2.484e-06 ; True ; 83 190 414  ; 1 1 1 1 1 1 
11.85 ; 4.087e-06 ; True ; 13 190 395  ; 1 1 1 1 1 2 
15.16 ; 4.182e-06 ; True ; 59 83 190 414  ; 1 1 1 2 1 1 
15.64 ; 8.011e-06 ; True ; 83 188 190 395  ; 2 1 1 1 1 3 
15.67 ; 1.076e-05 ; True ; 83 190 209 414  ; 2 1 1 2 1 2 
16.81 ; 1.136e-05 ; True ; 83 190 395 414  ; 2 1 1 1 2 2 
19.61 ; 1.218e-05 ; True ; 83 190 225 414  ; 2 1 2 1 1 2 
19.78 ; 1.31e-05 ; True ; 13 190 332 349  ; 1 1 2 2 1 2 
20.57 ; 1.349e-05 ; True ; 13 83 190 395  ; 2 1 1 2 1 3 
20.61 ; 1.383e-05 ; True ; 13 190 395 414  ; 1 1 2 1 2 2 
20.67 ; 1.526e-05 ; True ; 13 190 225 395  ; 2 1 2 1 1 3 
20.76 ; 1.642e-05 ; True ; 13 190 349 395  ; 1 1 2 2 1 3 
23.33 ; 1.835e-05 ; True ; 83 188 190 209 395  ; 3 1 1 2 1 4 
25.07 ; 1.912e-05 ; True ; 59 83 190 395 414  ; 2 1 1 2 2 2 
25.34 ; 2.569e-05 ; True ; 83 188 190 209 414  ; 2 1 2 2 1 3 
25.57 ; 2.71e-05 ; True ; 83 188 190 395 414  ; 2 1 2 1 2 3 
25.58 ; 2.883e-05 ; True ; 83 190 209 395 414  ; 3 1 1 2 2 3 
29.35 ; 3.092e-05 ; True ; 83 190 209 225 414  ; 3 1 2 2 1 3 
29.52 ; 3.262e-05 ; True ; 83 190 225 395 414  ; 3 1 2 1 2 3 
30.39 ; 3.641e-05 ; True ; 13 155 190 332 349  ; 2 1 2 2 2 2 
30.54 ; 3.673e-05 ; True ; 13 190 225 332 349  ; 2 1 3 2 1 3 
31.54 ; 4.151e-05 ; True ; 13 190 225 349 395  ; 2 1 3 2 1 4 
31.61 ; 4.562e-05 ; True ; 13 190 332 349 395  ; 2 1 2 2 2 3 
36.25 ; 6.207e-05 ; True ; 83 188 190 209 395 414  ; 3 1 2 2 2 4 
41.21 ; 6.523e-05 ; True ; 13 74 190 225 332 349  ; 2 1 3 2 2 3 
41.25 ; 6.799e-05 ; True ; 83 190 209 225 395 414  ; 4 1 2 2 2 4 
41.32 ; 7.373e-05 ; True ; 13 126 190 225 332 349  ; 2 1 3 2 2 4 
42.32 ; 7.922e-05 ; True ; 13 126 190 225 349 395  ; 2 1 3 2 2 5 
44.36 ; 8.874e-05 ; True ; 13 190 225 332 349 395  ; 3 1 3 2 2 4 
46.97 ; 9.378e-05 ; True ; 13 190 225 349 395 414  ; 2 1 4 2 2 4 
47.87 ; 9.418e-05 ; True ; 13 190 349 362 395 414  ; 2 1 3 3 2 4 
50.98 ; 0.0001012 ; True ; 13 75 126 190 225 230 349  ; 2 1 3 3 2 5 
53.14 ; 0.0001061 ; True ; 13 65 126 190 225 332 349  ; 2 1 3 2 3 5 
53.85 ; 0.0001134 ; True ; 13 155 190 225 270 332 349  ; 3 1 3 3 2 4 
55.02 ; 0.0001218 ; True ; 13 126 190 225 230 349 395  ; 3 1 3 3 2 5 
57.08 ; 0.0001277 ; True ; 13 126 190 225 332 349 395  ; 3 1 3 2 3 5 
58.83 ; 0.0001302 ; True ; 13 155 190 225 332 349 395  ; 4 1 3 2 3 4 
59.45 ; 0.0001337 ; True ; 13 155 190 225 332 349 414  ; 3 1 4 2 3 3 
59.5 ; 0.0001343 ; True ; 13 155 190 332 349 362 414  ; 3 1 3 3 3 3 
60.59 ; 0.0001349 ; True ; 13 126 190 225 349 395 414  ; 2 1 4 2 3 5 
61.16 ; 0.0001442 ; True ; 13 155 190 225 349 362 414  ; 3 1 4 3 2 4 
61.44 ; 0.0001512 ; True ; 13 155 190 225 349 395 414  ; 3 1 4 2 3 4 
62.46 ; 0.0001518 ; True ; 13 155 190 349 362 395 414  ; 3 1 3 3 3 4 
63.48 ; 0.0001549 ; True ; 13 190 225 349 362 395 414  ; 3 1 4 3 2 5 
66.82 ; 0.0001631 ; True ; 13 65 126 190 225 230 332 349  ; 3 1 3 3 3 5 
68.72 ; 0.0001704 ; True ; 13 75 126 190 225 230 349 395  ; 3 1 3 3 3 6 
71.65 ; 0.0001787 ; True ; 13 155 190 225 270 332 349 395  ; 4 1 3 3 3 5 
73.25 ; 0.0001931 ; True ; 13 155 190 225 270 332 349 414  ; 3 1 4 3 3 4 
75.58 ; 0.0002075 ; True ; 13 190 225 270 332 349 395 414  ; 3 1 4 3 3 5 
76.96 ; 0.0002115 ; True ; 13 155 190 225 332 349 362 414  ; 4 1 4 3 3 4 
79.08 ; 0.0002167 ; True ; 13 126 190 225 349 362 395 414  ; 3 1 4 3 3 6 
79.93 ; 0.0002273 ; True ; 13 155 190 225 349 362 395 414  ; 4 1 4 3 3 5 
86.66 ; 0.0002304 ; True ; 13 155 190 225 314 349 362 414  ; 3 1 5 3 3 4 
87.03 ; 0.0002311 ; True ; 13 54 155 190 225 349 395 414  ; 3 1 4 3 4 4 
87.35 ; 0.0002374 ; True ; 13 126 190 225 230 287 332 349 395  ; 4 1 4 3 3 6 
89.21 ; 0.0002382 ; True ; 13 54 190 225 349 362 395 414  ; 3 1 4 4 3 5 
90.64 ; 0.0002482 ; True ; 13 126 155 190 225 270 332 349 414  ; 3 1 4 3 4 5 
92.32 ; 0.0002531 ; True ; 13 126 155 190 225 230 332 349 414  ; 4 1 4 3 4 4 
92.66 ; 0.0002586 ; True ; 13 126 190 225 230 287 349 395 414  ; 3 1 5 3 3 6 
92.7 ; 0.0002593 ; True ; 13 75 126 190 225 230 349 395 414  ; 3 1 4 3 4 6 
92.71 ; 0.000261 ; True ; 13 155 190 225 270 332 349 362 414  ; 4 1 4 4 3 5 
93.03 ; 0.0002719 ; True ; 13 155 190 225 270 332 349 395 414  ; 4 1 4 3 4 5 
96.61 ; 0.0002726 ; True ; 13 126 190 225 230 349 362 395 414  ; 4 1 4 4 3 6 
97.38 ; 0.0002841 ; True ; 13 126 155 190 225 349 362 395 414  ; 4 1 4 3 4 6 
97.72 ; 0.0002853 ; True ; 13 155 190 225 332 349 362 395 414  ; 5 1 4 3 4 5 
103.2 ; 0.0002919 ; True ; 13 65 126 190 225 230 297 332 349 395  ; 4 1 4 3 4 7 
105.1 ; 0.0002963 ; True ; 13 126 155 190 225 314 349 362 414  ; 3 1 5 3 4 5 
105.4 ; 0.0003021 ; True ; 13 155 190 225 314 332 349 362 414  ; 4 1 5 3 4 4 
108.4 ; 0.0003095 ; True ; 13 65 126 190 225 230 297 332 349 414  ; 3 1 5 3 4 6 
109.4 ; 0.0003123 ; True ; 13 155 190 225 255 349 362 395 414  ; 4 1 4 4 4 5 
109.4 ; 0.0003245 ; True ; 13 155 190 225 314 349 362 395 414  ; 4 1 5 3 4 5 
112.2 ; 0.0003262 ; True ; 13 65 155 190 225 270 332 349 362 414  ; 4 1 4 4 4 6 
112.7 ; 0.000339 ; True ; 13 126 155 190 225 230 287 349 395 414  ; 4 1 5 3 4 6 
115 ; 0.0003405 ; True ; 13 155 190 225 230 287 332 349 395 414  ; 5 1 5 3 4 5 
115.5 ; 0.0003423 ; True ; 13 155 190 225 270 332 349 362 395 414  ; 5 1 4 4 4 6 
116.7 ; 0.0003484 ; True ; 13 126 155 190 225 287 349 362 395 414  ; 4 1 5 3 4 7 
118 ; 0.0003557 ; True ; 13 155 190 225 287 332 349 362 395 414  ; 5 1 5 3 4 6 
125.5 ; 0.0003659 ; True ; 13 155 190 225 270 314 332 349 395 414  ; 4 1 5 3 5 5 
126.4 ; 0.0003727 ; True ; 13 126 155 190 225 230 314 349 362 414  ; 4 1 5 4 4 5 
129.8 ; 0.0003823 ; True ; 13 126 155 190 225 314 349 362 395 414  ; 4 1 5 3 5 6 
130.1 ; 0.0003893 ; True ; 13 155 190 225 270 314 349 362 395 414  ; 4 1 5 4 4 6 
131.7 ; 0.000391 ; True ; 13 155 190 225 230 314 349 362 395 414  ; 5 1 5 4 4 5 
131.8 ; 0.0004001 ; True ; 13 75 126 155 190 225 230 297 349 362 414  ; 4 1 5 4 4 7 
134.1 ; 0.0004085 ; True ; 13 126 155 190 225 230 297 332 349 362 414  ; 5 1 5 4 4 6 
137.2 ; 0.0004198 ; True ; 13 126 155 190 225 230 287 349 362 395 414  ; 5 1 5 4 4 7 
142.8 ; 0.0004202 ; True ; 13 155 190 225 255 314 349 362 395 414  ; 4 1 5 4 5 5 
145.1 ; 0.000427 ; True ; 13 44 65 155 190 225 287 349 362 395 414  ; 5 1 5 4 4 8 
146.3 ; 0.0004308 ; True ; 13 44 155 190 225 287 332 349 362 395 414  ; 6 1 5 4 4 7 
147.3 ; 0.000439 ; True ; 13 54 126 155 190 225 230 297 349 395 414  ; 4 1 5 4 5 6 
148.2 ; 0.0004464 ; True ; 13 54 155 190 225 230 287 297 349 395 414  ; 4 1 6 4 4 6 
150.9 ; 0.0004484 ; True ; 13 155 190 225 230 287 314 332 349 362 414  ; 5 1 6 4 4 5 
151.9 ; 0.0004606 ; True ; 13 155 190 225 270 314 332 349 362 395 414  ; 5 1 5 4 5 6 
152.2 ; 0.0004667 ; True ; 13 75 126 155 190 225 230 287 297 349 362 414  ; 4 1 6 4 4 8 
154.9 ; 0.0004684 ; True ; 13 155 190 225 230 287 314 349 362 395 414  ; 5 1 6 4 4 6 
155.9 ; 0.0004726 ; True ; 13 65 155 190 225 230 287 297 332 349 395 414  ; 5 1 6 3 5 7 
156.1 ; 0.0004733 ; True ; 13 65 155 190 225 230 270 297 332 349 395 414  ; 5 1 5 4 5 7 
159.2 ; 0.0004896 ; True ; 13 126 190 225 230 287 297 332 349 362 395 414  ; 5 1 6 4 4 8 
164.9 ; 0.000494 ; True ; 13 155 188 190 225 230 287 332 349 362 395 414  ; 6 1 6 4 4 7 
168.1 ; 0.0005034 ; True ; 13 54 155 190 225 287 314 349 362 395 414  ; 4 1 6 4 5 6 
171.9 ; 0.0005173 ; True ; 13 75 126 155 190 225 230 297 314 349 362 414  ; 4 1 6 4 5 7 
174.3 ; 0.0005281 ; True ; 13 65 155 190 225 230 297 314 332 349 362 414  ; 5 1 6 4 5 6 
177.3 ; 0.0005427 ; True ; 13 126 155 190 225 230 287 314 349 362 395 414  ; 5 1 6 4 5 7 
186.2 ; 0.0005521 ; True ; 13 44 126 155 190 225 297 314 349 362 395 414  ; 5 1 6 4 5 8 
186.5 ; 0.000557 ; True ; 13 44 155 190 225 287 314 332 349 362 395 414  ; 6 1 6 4 5 7 
189.3 ; 0.0005667 ; True ; 13 75 155 188 190 225 230 297 332 349 362 395 414  ; 6 1 6 4 5 8 
194.2 ; 0.0005747 ; True ; 13 155 190 225 230 255 287 314 349 362 395 414  ; 5 1 6 5 5 6 
194.4 ; 0.0005771 ; True ; 13 54 155 190 225 287 297 314 349 362 395 414  ; 4 1 7 4 5 7 
199.2 ; 0.0005906 ; True ; 13 44 155 190 225 255 287 314 349 362 395 414  ; 5 1 6 5 5 7 
212.3 ; 0.0005959 ; True ; 13 54 155 157 190 225 287 314 349 362 395 414  ; 4 1 6 5 6 6 
214.2 ; 0.0006055 ; True ; 13 44 155 190 225 230 287 297 314 347 349 395 414  ; 5 1 7 4 5 7 
216.7 ; 0.0006164 ; True ; 13 126 155 188 190 225 251 314 332 349 362 395 414  ; 6 1 6 4 6 8 
223.4 ; 0.0006252 ; True ; 13 70 126 155 190 225 230 297 314 332 349 362 414  ; 5 1 6 5 6 6 
231.4 ; 0.0006281 ; True ; 13 21 155 157 188 190 225 287 314 349 362 395 414  ; 4 1 7 5 5 7 
232.4 ; 0.0006536 ; True ; 13 54 126 155 188 190 225 251 314 349 362 395 414  ; 5 1 6 5 6 8 
233.3 ; 0.0006704 ; True ; 13 54 155 188 190 225 251 287 314 349 362 395 414  ; 5 1 7 5 5 8 
248.6 ; 0.0006781 ; True ; 13 44 54 155 157 190 225 251 287 314 349 395 414  ; 5 1 6 6 6 7 
262.1 ; 0.0006975 ; True ; 13 44 140 155 157 190 225 230 287 314 349 395 414  ; 5 1 7 5 6 6 
286.5 ; 0.0006989 ; True ; 13 106 157 190 225 251 255 287 297 314 349 395 414  ; 4 1 8 5 5 8 
296.4 ; 0.0007362 ; True ; 13 44 140 155 157 190 225 255 314 349 362 367 414  ; 5 1 7 6 6 6 


RUN 10:
Optimum Distance: 8.886
Optimal Team: 83,190,414,
Required Skills: 0 1 4 10 23 24 
Distance; Skill Score; isValid; Team; Skill Counts
8.886 ; 2.484e-06 ; True ; 83 190 414  ; 1 1 1 1 1 1 
11.85 ; 4.087e-06 ; True ; 13 190 395  ; 1 1 1 1 1 2 
15.16 ; 4.182e-06 ; True ; 59 83 190 414  ; 1 1 1 2 1 1 
15.64 ; 8.011e-06 ; True ; 83 188 190 395  ; 2 1 1 1 1 3 
15.67 ; 1.076e-05 ; True ; 83 190 209 414  ; 2 1 1 2 1 2 
16.81 ; 1.136e-05 ; True ; 83 190 395 414  ; 2 1 1 1 2 2 
19.61 ; 1.218e-05 ; True ; 83 190 225 414  ; 2 1 2 1 1 2 
19.78 ; 1.31e-05 ; True ; 13 190 332 349  ; 1 1 2 2 1 2 
20.57 ; 1.349e-05 ; True ; 13 83 190 395  ; 2 1 1 2 1 3 
20.61 ; 1.383e-05 ; True ; 13 190 395 414  ; 1 1 2 1 2 2 
20.67 ; 1.526e-05 ; True ; 13 190 225 395  ; 2 1 2 1 1 3 
20.76 ; 1.642e-05 ; True ; 13 190 349 395  ; 1 1 2 2 1 3 
23.33 ; 1.835e-05 ; True ; 83 188 190 209 395  ; 3 1 1 2 1 4 
24.61 ; 2.163e-05 ; True ; 188 190 345 395 414  ; 2 1 2 1 2 2 
25.34 ; 2.569e-05 ; True ; 83 188 190 209 414  ; 2 1 2 2 1 3 
25.57 ; 2.71e-05 ; True ; 83 188 190 395 414  ; 2 1 2 1 2 3 
25.58 ; 2.883e-05 ; True ; 83 190 209 395 414  ; 3 1 1 2 2 3 
29.35 ; 3.092e-05 ; True ; 83 190 209 225 414  ; 3 1 2 2 1 3 
29.52 ; 3.262e-05 ; True ; 83 190 225 395 414  ; 3 1 2 1 2 3 
30.39 ; 3.641e-05 ; True ; 13 155 190 332 349  ; 2 1 2 2 2 2 
30.54 ; 3.673e-05 ; True ; 13 190 225 332 349  ; 2 1 3 2 1 3 
31.54 ; 4.151e-05 ; True ; 13 190 225 349 395  ; 2 1 3 2 1 4 
31.61 ; 4.562e-05 ; True ; 13 190 332 349 395  ; 2 1 2 2 2 3 
36.25 ; 6.207e-05 ; True ; 83 188 190 209 395 414  ; 3 1 2 2 2 4 
41.21 ; 6.523e-05 ; True ; 13 74 190 225 332 349  ; 2 1 3 2 2 3 
41.25 ; 6.799e-05 ; True ; 83 190 209 225 395 414  ; 4 1 2 2 2 4 
41.32 ; 7.373e-05 ; True ; 13 126 190 225 332 349  ; 2 1 3 2 2 4 
42.32 ; 7.922e-05 ; True ; 13 126 190 225 349 395  ; 2 1 3 2 2 5 
44.36 ; 8.874e-05 ; True ; 13 190 225 332 349 395  ; 3 1 3 2 2 4 
46.97 ; 9.378e-05 ; True ; 13 190 225 349 395 414  ; 2 1 4 2 2 4 
47.87 ; 9.418e-05 ; True ; 13 190 349 362 395 414  ; 2 1 3 3 2 4 
50.98 ; 0.0001012 ; True ; 13 75 126 190 225 230 349  ; 2 1 3 3 2 5 
53.14 ; 0.0001061 ; True ; 13 65 126 190 225 332 349  ; 2 1 3 2 3 5 
53.85 ; 0.0001134 ; True ; 13 155 190 225 270 332 349  ; 3 1 3 3 2 4 
55.02 ; 0.0001218 ; True ; 13 126 190 225 230 349 395  ; 3 1 3 3 2 5 
57.08 ; 0.0001277 ; True ; 13 126 190 225 332 349 395  ; 3 1 3 2 3 5 
58.83 ; 0.0001302 ; True ; 13 155 190 225 332 349 395  ; 4 1 3 2 3 4 
59.45 ; 0.0001337 ; True ; 13 155 190 225 332 349 414  ; 3 1 4 2 3 3 
59.5 ; 0.0001343 ; True ; 13 155 190 332 349 362 414  ; 3 1 3 3 3 3 
60.59 ; 0.0001349 ; True ; 13 126 190 225 349 395 414  ; 2 1 4 2 3 5 
61.16 ; 0.0001442 ; True ; 13 155 190 225 349 362 414  ; 3 1 4 3 2 4 
61.44 ; 0.0001512 ; True ; 13 155 190 225 349 395 414  ; 3 1 4 2 3 4 
62.46 ; 0.0001518 ; True ; 13 155 190 349 362 395 414  ; 3 1 3 3 3 4 
63.48 ; 0.0001549 ; True ; 13 190 225 349 362 395 414  ; 3 1 4 3 2 5 
66.82 ; 0.0001631 ; True ; 13 65 126 190 225 230 332 349  ; 3 1 3 3 3 5 
68.72 ; 0.0001704 ; True ; 13 75 126 190 225 230 349 395  ; 3 1 3 3 3 6 
71.65 ; 0.0001787 ; True ; 13 155 190 225 270 332 349 395  ; 4 1 3 3 3 5 
73.25 ; 0.0001931 ; True ; 13 155 190 225 270 332 349 414  ; 3 1 4 3 3 4 
75.58 ; 0.0002075 ; True ; 13 190 225 270 332 349 395 414  ; 3 1 4 3 3 5 
76.96 ; 0.0002115 ; True ; 13 155 190 225 332 349 362 414  ; 4 1 4 3 3 4 
79.08 ; 0.0002167 ; True ; 13 126 190 225 349 362 395 414  ; 3 1 4 3 3 6 
79.93 ; 0.0002273 ; True ; 13 155 190 225 349 362 395 414  ; 4 1 4 3 3 5 
86.66 ; 0.0002304 ; True ; 13 155 190 225 314 349 362 414  ; 3 1 5 3 3 4 
87.03 ; 0.0002311 ; True ; 13 54 155 190 225 349 395 414  ; 3 1 4 3 4 4 
87.35 ; 0.0002374 ; True ; 13 126 190 225 230 287 332 349 395  ; 4 1 4 3 3 6 
89.21 ; 0.0002382 ; True ; 13 54 190 225 349 362 395 414  ; 3 1 4 4 3 5 
90.64 ; 0.0002482 ; True ; 13 126 155 190 225 270 332 349 414  ; 3 1 4 3 4 5 
92.32 ; 0.0002531 ; True ; 13 126 155 190 225 230 332 349 414  ; 4 1 4 3 4 4 
92.66 ; 0.0002586 ; True ; 13 126 190 225 230 287 349 395 414  ; 3 1 5 3 3 6 
92.7 ; 0.0002593 ; True ; 13 75 126 190 225 230 349 395 414  ; 3 1 4 3 4 6 
92.71 ; 0.000261 ; True ; 13 155 190 225 270 332 349 362 414  ; 4 1 4 4 3 5 
93.03 ; 0.0002719 ; True ; 13 155 190 225 270 332 349 395 414  ; 4 1 4 3 4 5 
96.03 ; 0.0002726 ; True ; 13 190 225 270 332 349 362 395 414  ; 4 1 4 4 3 6 
97.38 ; 0.0002841 ; True ; 13 126 155 190 225 349 362 395 414  ; 4 1 4 3 4 6 
97.72 ; 0.0002853 ; True ; 13 155 190 225 332 349 362 395 414  ; 5 1 4 3 4 5 
103.3 ; 0.000286 ; True ; 13 44 155 190 225 349 362 395 414  ; 5 1 4 4 3 6 
104 ; 0.0002911 ; True ; 13 126 190 225 230 287 297 332 349 395  ; 4 1 5 3 3 7 
104.5 ; 0.0002919 ; True ; 13 65 126 155 190 225 230 297 349 395  ; 4 1 4 3 4 7 
105.1 ; 0.0002963 ; True ; 13 126 155 190 225 314 349 362 414  ; 3 1 5 3 4 5 
105.4 ; 0.0003021 ; True ; 13 155 190 225 314 332 349 362 414  ; 4 1 5 3 4 4 
108.2 ; 0.0003095 ; True ; 13 65 126 190 225 230 287 332 349 414  ; 3 1 5 3 4 6 
109.4 ; 0.0003123 ; True ; 13 155 190 225 255 349 362 395 414  ; 4 1 4 4 4 5 
109.4 ; 0.0003245 ; True ; 13 155 190 225 314 349 362 395 414  ; 4 1 5 3 4 5 
112.1 ; 0.0003262 ; True ; 13 126 155 190 225 270 332 349 362 414  ; 4 1 4 4 4 6 
112.7 ; 0.000339 ; True ; 13 126 155 190 225 230 287 349 395 414  ; 4 1 5 3 4 6 
115 ; 0.0003405 ; True ; 13 155 190 225 230 287 332 349 395 414  ; 5 1 5 3 4 5 
115.5 ; 0.0003423 ; True ; 13 155 190 225 270 332 349 362 395 414  ; 5 1 4 4 4 6 
116.7 ; 0.0003484 ; True ; 13 126 155 190 225 287 349 362 395 414  ; 4 1 5 3 4 7 
118 ; 0.0003557 ; True ; 13 155 190 225 287 332 349 362 395 414  ; 5 1 5 3 4 6 
125.2 ; 0.0003727 ; True ; 13 155 190 225 270 314 332 349 362 414  ; 4 1 5 4 4 5 
129.1 ; 0.0003823 ; True ; 13 65 126 155 190 225 230 287 332 349 414  ; 4 1 5 3 5 6 
130.1 ; 0.0003888 ; True ; 13 126 155 190 225 230 287 297 332 349 414  ; 4 1 6 3 4 6 
130.1 ; 0.0003893 ; True ; 13 155 190 225 270 314 349 362 395 414  ; 4 1 5 4 4 6 
131.7 ; 0.000391 ; True ; 13 155 190 225 230 314 349 362 395 414  ; 5 1 5 4 4 5 
131.7 ; 0.0004001 ; True ; 13 65 126 190 225 230 297 332 349 362 414  ; 4 1 5 4 4 7 
134.1 ; 0.0004085 ; True ; 13 126 155 190 225 230 287 332 349 362 414  ; 5 1 5 4 4 6 
137.1 ; 0.0004198 ; True ; 13 126 155 190 225 230 287 349 362 395 414  ; 5 1 5 4 4 7 
142.8 ; 0.0004202 ; True ; 13 155 190 225 255 314 349 362 395 414  ; 4 1 5 4 5 5 
145 ; 0.000427 ; True ; 13 44 126 155 190 225 287 349 362 395 414  ; 5 1 5 4 4 8 
146.1 ; 0.0004273 ; True ; 13 54 155 190 225 230 287 297 332 349 414  ; 4 1 6 4 4 5 
146.3 ; 0.0004308 ; True ; 13 44 155 190 225 287 332 349 362 395 414  ; 6 1 5 4 4 7 
148.2 ; 0.0004464 ; True ; 13 54 155 190 225 230 287 297 349 395 414  ; 4 1 6 4 4 6 
150.9 ; 0.0004484 ; True ; 13 155 190 225 230 287 314 332 349 362 414  ; 5 1 6 4 4 5 
151.9 ; 0.0004606 ; True ; 13 155 190 225 270 314 332 349 362 395 414  ; 5 1 5 4 5 6 
152.2 ; 0.0004667 ; True ; 13 75 126 155 190 225 230 287 297 349 362 414  ; 4 1 6 4 4 8 
154.9 ; 0.0004684 ; True ; 13 155 190 225 230 287 314 349 362 395 414  ; 5 1 6 4 4 6 
155.1 ; 0.0004718 ; True ; 13 75 126 190 225 230 287 297 349 362 395 414  ; 4 1 6 4 4 9 
155.6 ; 0.0004733 ; True ; 13 65 75 155 190 225 230 287 332 349 362 414  ; 5 1 5 4 5 7 
158.5 ; 0.0004896 ; True ; 13 126 155 190 225 230 287 297 349 362 395 414  ; 5 1 6 4 4 8 
168 ; 0.0005034 ; True ; 13 155 190 225 255 287 314 349 362 395 414  ; 4 1 6 4 5 6 
169.6 ; 0.0005173 ; True ; 13 54 126 155 190 225 230 287 297 349 395 414  ; 4 1 6 4 5 7 
173.8 ; 0.0005281 ; True ; 13 54 155 190 225 230 287 297 332 349 395 414  ; 5 1 6 4 5 6 
177.3 ; 0.0005427 ; True ; 13 126 155 190 225 230 287 314 349 362 395 414  ; 5 1 6 4 5 7 
179.2 ; 0.0005521 ; True ; 13 126 155 190 225 230 270 287 297 332 349 395 414  ; 5 1 6 4 5 8 
188.6 ; 0.000557 ; True ; 13 44 155 190 225 251 287 314 332 349 395 414  ; 6 1 6 4 5 7 
189.3 ; 0.0005616 ; True ; 13 155 190 225 230 255 287 297 314 349 395 414  ; 4 1 7 4 5 6 
191.9 ; 0.0005629 ; True ; 13 54 126 190 225 230 287 314 349 362 395 414  ; 4 1 6 5 5 7 
194.6 ; 0.0005745 ; True ; 13 155 190 225 255 287 314 332 349 362 395 414  ; 5 1 6 4 6 6 
198.2 ; 0.0005747 ; True ; 13 54 155 190 225 287 314 345 349 362 395 414  ; 5 1 6 5 5 6 
199.2 ; 0.0005906 ; True ; 13 44 155 190 225 255 287 314 349 362 395 414  ; 5 1 6 5 5 7 
200 ; 0.0006008 ; True ; 13 54 126 155 190 225 230 287 297 349 362 395 414  ; 5 1 6 5 5 8 
214.1 ; 0.0006062 ; True ; 13 75 155 190 225 251 287 314 332 345 349 362 414  ; 6 1 6 5 5 7 
223.7 ; 0.0006281 ; True ; 13 70 126 190 225 230 287 297 314 332 349 362 414  ; 4 1 7 5 5 7 
228.4 ; 0.0006425 ; True ; 13 54 130 155 190 225 251 287 314 349 362 395 414  ; 5 1 6 5 6 7 
235.8 ; 0.0006594 ; True ; 13 83 155 190 225 251 255 287 314 332 349 395 414  ; 6 1 6 5 6 7 
239.5 ; 0.0006599 ; True ; 13 44 54 155 190 225 255 287 314 332 349 362 414  ; 5 1 6 6 6 6 
249.1 ; 0.0006686 ; True ; 13 54 140 155 190 225 230 287 297 314 349 362 414  ; 4 1 8 5 5 6 
252.6 ; 0.0006781 ; True ; 13 54 83 155 157 190 225 251 287 314 349 395 414  ; 5 1 6 6 6 7 
256.9 ; 0.0006811 ; True ; 13 54 140 155 190 225 287 314 332 349 362 395 414  ; 5 1 7 4 7 6 
262 ; 0.0006881 ; True ; 13 54 83 155 190 225 287 314 349 362 367 395 414  ; 6 1 7 5 5 8 
266.4 ; 0.0007168 ; True ; 13 54 140 155 188 190 225 251 314 349 362 395 414  ; 5 1 7 5 6 7 
306.4 ; 0.0007357 ; True ; 13 54 140 155 190 225 251 314 349 362 395 397 414  ; 6 1 7 5 6 7 

