m	required skills	qno	seed	optimum
20	0,1,2,4,5,7,9,10,11,12,13,14,15,16,18,20,22,23,24,26	914	1	33.535
20	0,1,3,5,6,8,9,10,12,13,14,15,16,18,19,21,22,24,25,26	962	2	32.518
20	1,2,3,4,5,8,10,11,12,15,16,17,18,19,20,21,22,23,25,26	950	3	44.97
20	0,2,3,4,5,6,7,8,10,12,13,15,16,17,18,19,21,22,24,26	985	4	22.616
20	0,1,2,5,6,7,8,9,10,13,14,15,17,18,20,21,22,23,25,26	1002	5	30.613
20	0,1,2,4,5,6,9,11,13,14,15,16,17,19,20,21,22,23,25,26	899	6	43.102
20	0,1,2,3,4,5,8,10,11,12,14,15,18,19,20,21,22,24,25,26	950	7	41.345
20	0,1,2,3,4,6,8,9,10,11,13,14,15,18,19,20,22,23,24,26	924	8	33.266
20	0,1,3,5,7,8,9,10,11,12,17,18,19,20,21,22,23,24,25,26	1003	9	34.468
20	0,1,2,4,6,7,8,9,10,11,12,14,15,16,17,18,20,21,23,25	945	10	31.637
20	0,2,4,5,6,7,8,9,10,12,13,15,16,17,19,20,22,23,24,26	983	11	13.683
20	0,1,2,3,5,6,7,8,9,11,13,15,16,19,20,21,23,24,25,26	995	12	35.558
20	0,1,2,3,4,5,6,8,9,10,13,14,16,18,19,20,21,24,25,26	961	13	35.541
20	0,1,2,3,4,5,7,8,9,10,12,13,14,15,16,17,19,20,25,26	971	14	34.107
20	0,2,3,4,5,6,7,9,11,13,14,15,16,17,18,19,20,22,23,24	968	15	9.736
20	0,1,2,3,4,5,6,8,9,11,12,13,14,15,17,18,19,20,22,24	977	16	21.665
20	0,1,3,4,6,8,9,10,12,13,14,15,16,17,18,19,20,22,24,25	895	17	23.673
20	0,1,2,3,4,5,6,7,9,11,12,14,15,17,18,20,21,23,25,26	935	18	42.157
20	0,3,4,6,7,9,11,12,13,14,15,16,17,19,21,22,23,24,25,26	866	19	24.263
20	1,2,5,6,7,8,9,10,11,13,15,16,17,19,20,21,22,23,24,25	985	20	29.615
20	0,2,4,6,9,11,12,13,14,15,16,17,18,19,20,21,22,23,25,26	837	21	21.386
20	0,1,2,4,5,6,8,9,10,11,13,14,16,17,18,19,22,24,25,26	959	22	23.692
20	0,1,3,4,7,8,9,10,11,12,13,14,15,16,18,20,21,23,24,26	943	23	36.081
20	0,1,2,3,4,6,9,10,11,12,15,16,17,18,19,21,23,24,25,26	837	24	38.376
20	2,4,5,6,8,10,11,12,14,15,17,18,19,20,21,22,23,24,25,26	950	25	21.386
20	0,1,2,5,6,7,8,9,11,14,15,16,17,18,19,20,21,24,25,26	992	26	29.206
20	0,2,3,5,6,7,8,9,10,11,12,14,15,16,18,19,20,23,24,26	1012	27	14.69
20	0,1,2,4,5,6,7,11,12,14,15,16,17,18,19,21,22,24,25,26	906	28	38.136
20	0,2,3,4,5,6,8,10,11,12,13,15,17,19,20,21,22,23,25,26	947	29	24.263
20	2,3,4,5,6,7,11,12,13,14,15,16,17,18,19,20,21,22,24,26	928	30	21.719
20	0,1,2,4,5,6,9,11,12,13,14,15,16,17,20,21,22,23,25,26	882	31	43.102
20	0,1,2,3,4,5,7,8,9,10,11,13,14,15,17,18,20,21,22,25	993	32	36.334
20	0,1,2,3,4,8,9,10,11,12,13,14,15,17,20,21,22,24,25,26	857	33	44.97
20	1,4,5,6,8,9,10,11,13,15,16,17,18,19,21,22,23,24,25,26	954	34	39.211
20	1,2,3,4,5,8,9,10,11,12,13,14,15,16,17,18,19,21,23,25	970	35	25.609
20	0,3,5,6,7,8,9,10,11,12,14,16,17,18,19,20,21,22,24,25	1004	36	14.765
20	0,1,2,4,5,7,11,12,13,14,15,16,17,19,21,22,23,24,25,26	891	37	39.211
20	0,1,2,3,4,5,8,12,13,14,15,17,18,19,20,21,22,23,24,26	965	38	40.226
20	0,5,6,7,8,10,11,12,13,14,15,16,17,19,20,21,22,23,25,26	959	39	24.263
20	1,5,6,7,8,9,10,11,12,13,14,15,16,17,18,19,20,24,25,26	983	40	28.412
20	1,2,3,4,6,7,10,11,12,13,15,17,19,20,21,22,23,24,25,26	799	41	48.977
20	0,1,3,5,6,7,8,9,10,13,14,16,17,18,20,22,23,24,25,26	1014	42	28.748
20	0,2,3,5,6,7,8,9,10,13,15,16,18,19,20,21,22,23,24,26	1008	43	16.845
20	0,1,2,3,4,6,7,9,10,11,12,15,18,19,20,21,22,24,25,26	839	44	37.455
20	1,2,3,4,6,8,9,10,12,13,14,15,16,18,19,20,21,22,24,26	890	45	36.393
20	0,1,2,3,4,6,7,8,9,11,12,13,17,18,19,20,21,22,24,26	930	46	37.182
20	0,2,3,5,8,9,10,11,12,13,14,15,17,19,20,22,23,24,25,26	961	47	14.469
20	0,1,3,4,5,6,7,9,10,11,13,14,15,17,19,20,21,23,25,26	940	48	48.918
20	0,1,2,4,5,6,7,8,9,10,12,13,15,16,17,18,21,24,25,26	982	49	37.18
20	0,1,2,3,4,6,7,10,11,12,13,15,16,17,18,20,21,22,24,25	758	50	37.048
20	2,3,4,5,6,7,9,11,13,14,15,16,17,19,20,21,22,23,24,25	950	51	17.781
20	1,2,5,6,7,8,9,10,11,12,13,14,15,16,20,21,22,23,24,25	987	52	20.755
20	0,1,2,3,5,6,8,9,10,12,13,14,17,18,19,20,21,22,23,26	986	53	29.568
20	0,2,3,4,5,6,8,9,10,11,13,14,17,18,20,21,22,23,25,26	987	54	16.518
20	0,1,2,3,4,6,7,8,10,11,12,13,14,15,16,19,20,21,25,26	895	55	39.173
20	0,2,3,4,7,8,9,10,11,12,15,17,18,19,20,21,22,23,25,26	932	56	22.647
20	2,3,4,6,8,9,10,12,15,16,17,18,19,20,21,22,23,24,25,26	910	57	22.647
20	0,1,2,3,4,5,6,7,8,9,11,12,14,15,19,21,22,23,24,26	1002	58	34.48
20	0,3,4,5,6,7,9,10,11,12,13,14,15,16,17,20,21,23,25,26	919	59	23.615
20	2,5,7,8,9,11,12,13,14,15,16,17,18,19,20,22,23,24,25,26	997	60	18.527
20	0,1,2,4,5,6,7,8,9,11,12,13,16,17,20,21,22,23,24,26	988	61	37.182
20	2,3,4,5,6,7,8,9,10,11,12,13,14,15,16,18,21,22,23,25	1010	62	12.489
20	0,2,3,4,5,7,9,10,11,13,14,15,16,17,18,19,20,21,25,26	927	63	24.263
20	0,1,2,3,4,5,8,9,11,12,15,16,17,18,20,22,23,24,25,26	977	64	33.266
20	0,1,3,4,5,6,7,8,9,12,13,14,15,18,19,20,21,22,24,25	999	65	28.64
20	0,1,3,4,7,8,9,10,11,12,13,14,16,17,19,20,21,22,23,26	932	66	37.182
20	0,1,2,3,4,5,6,7,8,11,14,17,18,19,20,21,22,23,24,26	1003	67	33.514
20	0,1,2,3,6,7,8,9,10,12,14,15,16,17,18,21,22,23,24,26	960	68	28.567
20	0,1,2,3,4,5,6,7,9,10,12,13,16,17,18,19,21,22,23,26	958	69	37.182
20	0,1,4,5,6,7,8,10,11,13,14,15,16,17,18,19,21,22,23,25	968	70	31.353
20	0,1,2,4,5,6,7,9,10,11,12,13,14,15,18,19,21,22,23,25	949	71	31.353
20	0,1,3,4,6,7,9,10,11,12,14,15,16,17,19,20,21,24,25,26	834	72	38.951
20	0,1,3,4,5,7,10,11,12,13,14,15,18,19,21,22,23,24,25,26	915	73	48.977
20	0,1,2,3,4,6,7,8,9,10,11,15,17,18,21,22,23,24,25,26	951	74	40.348
20	0,1,2,3,4,7,8,9,10,11,12,13,15,17,18,19,20,21,22,23	933	75	34.553
20	1,2,3,5,6,9,10,11,12,15,16,17,18,19,20,21,22,23,24,25	927	76	29.615
20	0,2,3,4,5,6,8,10,11,12,13,14,15,16,17,18,19,23,25,26	974	77	14.681
20	0,1,3,5,6,7,9,10,11,12,13,14,15,16,17,20,22,23,25,26	921	78	32.355
20	2,5,6,7,9,10,11,12,14,15,16,17,18,20,21,22,23,24,25,26	929	79	22.647
20	0,1,2,3,4,5,6,7,8,9,10,11,12,13,14,15,19,21,22,23	1000	80	31.353
20	1,3,5,6,7,8,9,10,11,12,15,16,18,19,20,21,22,23,24,25	1003	81	29.615
20	0,1,2,3,4,5,7,8,10,12,13,14,15,16,20,21,22,23,24,26	976	82	38.235
20	0,2,4,5,6,9,10,11,12,13,14,16,17,18,19,21,22,23,24,26	931	83	16.518
20	0,1,2,3,4,6,7,8,10,11,12,13,14,15,17,18,19,22,25,26	912	84	37.405
20	1,3,4,5,6,7,9,10,11,12,13,15,17,18,19,20,22,24,25,26	946	85	37.405
20	0,1,2,5,6,7,8,10,11,12,14,16,17,18,19,20,22,24,25,26	972	86	22.792
20	0,1,2,3,4,5,6,7,8,9,12,13,14,16,17,18,19,20,25,26	999	87	32.393
20	0,1,2,4,5,9,10,11,12,13,15,16,17,18,20,21,23,24,25,26	875	88	42.688
20	1,2,4,6,7,8,9,10,11,12,13,14,15,17,18,22,23,24,25,26	934	89	36.406
20	0,2,4,5,6,7,9,11,12,13,17,18,19,20,21,22,23,24,25,26	955	90	16.518
20	0,1,3,4,5,7,8,10,11,13,14,15,16,17,18,19,20,22,23,24	991	91	25.412
20	1,3,4,6,7,8,9,10,11,13,14,16,17,18,20,21,22,23,24,25	956	92	35.433
20	0,1,3,4,5,6,7,8,9,11,13,14,15,17,19,21,22,23,24,26	1001	93	38.47
20	0,1,2,3,4,5,6,7,8,10,11,12,14,15,16,19,21,23,24,26	984	94	35.318
20	0,2,3,5,6,7,8,9,11,13,14,15,17,18,19,21,23,24,25,26	1016	95	21.733
20	0,2,3,7,8,9,10,12,13,14,15,16,17,18,19,20,22,24,25,26	923	96	17.545
20	0,1,2,4,5,6,7,9,10,12,14,15,18,19,20,21,22,23,24,26	952	97	38.961
20	0,1,2,4,5,6,8,10,11,12,13,14,15,16,18,19,21,22,24,26	935	98	38.145
20	0,2,3,4,6,7,8,9,10,13,14,15,17,18,19,21,22,24,25,26	936	99	24.263
20	1,2,4,5,6,7,8,9,10,12,14,16,17,18,19,20,21,23,25,26	992	100	37.182