m	required skills	qno	seed	optimum
4	0,10,23,24	396	1	0.952
4	6,16,21,22	347	2	0.986
4	10,12,15,23	292	3	0.879
4	3,18,24,26	382	4	2.963
4	0,9,25,26	415	5	1.967
4	6,17,20,25	364	6	1.96
4	4,10,12,25	217	7	0
4	1,6,15,19	420	8	2.921
4	0,1,9,25	416	9	7.922
4	0,7,20,21	383	10	0.969
4	0,4,12,13	279	11	0.971
4	3,7,15,21	341	12	0.944
4	0,1,4,25	230	13	5.898
4	2,7,19,20	517	14	0
4	3,4,13,15	242	15	0.866
4	0,11,15,19	412	16	0.365
4	15,20,22,25	184	17	1.959
4	4,7,14,15	277	18	0.908
4	0,6,12,14	455	19	0
4	1,10,17,19	336	20	5.842
4	17,20,21,25	164	21	3.843
4	5,6,13,16	689	22	0
4	8,12,16,18	658	23	0
4	0,1,18,19	439	24	3.959
4	18,20,23,25	301	25	1.962
4	5,6,15,18	717	26	0.365
4	7,12,16,19	468	27	0.904
4	0,2,18,21	382	28	0.98
4	0,10,22,23	357	29	0.988
4	4,6,16,20	399	30	0.785
4	9,12,16,21	427	31	1.927
4	1,10,14,20	261	32	2.95
4	3,12,15,26	244	33	2.808
4	5,6,13,24	687	34	0
4	13,14,17,18	244	35	0.954
4	0,11,16,20	347	36	0.969
4	5,11,17,26	626	37	0.923
4	4,5,15,26	615	38	0.943
4	13,15,16,19	353	39	0
4	12,19,20,26	355	40	1.993
4	6,10,19,26	458	41	0.936
4	7,17,22,25	225	42	1.958
4	13,15,18,19	376	43	0.365
4	12,19,21,26	314	44	5.937
4	6,9,21,26	470	45	1.974
4	0,7,20,22	392	46	0.953
4	5,13,19,20	681	47	0
4	5,7,14,21	720	48	0
4	1,6,24,26	304	49	2.976
4	4,7,18,20	341	50	0.983
4	2,5,13,14	677	51	0
4	7,8,13,20	691	52	0
4	1,8,23,26	611	53	7.911
4	5,6,9,22	752	54	0
4	1,7,12,16	306	55	2.974
4	9,10,12,20	417	56	0
4	2,10,22,26	277	57	1.933
4	5,8,9,21	830	58	0.972
4	9,14,17,20	420	59	0.965
4	2,8,12,20	633	60	0
4	4,12,21,26	110	61	4.952
4	5,7,11,23	732	62	0
4	11,14,16,19	420	63	0.365
4	5,12,18,22	685	64	0.972
4	1,5,13,24	642	65	2.921
4	3,4,8,10	663	66	0.866
4	4,14,19,24	426	67	0.779
4	2,7,18,21	408	68	0.944
4	0,7,12,23	433	69	0.76
4	5,6,7,10	773	70	0
4	6,13,18,25	389	71	0
4	1,9,19,21	464	72	4.951
4	0,10,13,14	348	73	0.365
4	6,7,8,9	792	74	0
4	0,9,13,19	533	75	0
4	1,11,21,22	119	76	8.935
4	0,11,12,15	317	77	0.943
4	5,6,7,10	773	78	0
4	11,15,17,26	116	79	0.923
4	13,15,19,23	366	80	0.945
4	1,8,10,23	647	81	3.97
4	1,7,20,22	292	82	7.93
4	4,13,21,22	147	83	3.957
4	13,15,19,25	296	84	0.866
4	1,9,25,26	294	85	9.919
4	1,7,19,24	466	86	3.937
4	3,13,20,25	234	87	0.98
4	0,13,15,20	272	88	0.938
4	1,2,10,25	260	89	4.954
4	2,7,19,26	495	90	0.923
4	0,4,14,23	370	91	0.987
4	3,13,17,20	241	92	1.965
4	1,3,11,24	333	93	6.829
4	1,5,8,11	801	94	2.911
4	2,3,14,24	422	95	0
4	13,20,22,25	189	96	1.905
4	0,18,23,26	357	97	1.951
4	8,12,19,21	595	98	1.927
4	3,4,14,22	295	99	1.971
4	12,20,25,26	179	100	2.83