m	required skills	qno	seed	optimum
12	0,1,4,5,9,10,11,14,16,18,23,24	858	1	11.843
12	0,1,3,6,10,12,14,16,21,22,25,26	605	2	30.613
12	2,3,5,8,10,12,15,16,17,20,21,23	898	3	8.785
12	3,6,7,8,12,17,18,19,21,22,24,26	862	4	13.733
12	0,1,2,6,8,9,15,17,20,21,25,26	773	5	26.32
12	0,4,5,6,13,15,16,17,20,22,25,26	760	6	14.486
12	4,5,8,10,11,12,14,15,20,24,25,26	866	7	8.585
12	1,6,8,10,11,13,14,15,19,22,23,24	783	8	10.857
12	0,1,7,8,9,11,12,17,18,20,22,25	866	9	11.89
12	0,4,7,10,11,12,15,16,18,20,21,23	614	10	10.892
12	0,4,5,6,7,8,10,12,13,17,20,26	914	11	9.877
12	0,1,3,5,7,8,15,16,20,21,24,26	926	12	17.75
12	0,1,3,4,5,6,13,16,18,21,25,26	811	13	25.586
12	2,3,4,5,7,9,16,17,19,20,25,26	873	14	7.763
12	0,3,4,5,11,13,14,15,16,17,18,24	817	15	4.694
12	0,2,3,4,11,13,14,15,18,19,20,24	687	16	7.646
12	0,1,3,8,14,15,18,19,20,22,24,25	809	17	10.827
12	0,1,2,4,7,12,14,15,18,20,23,26	614	18	22.51
12	0,3,6,7,9,12,14,17,19,23,25,26	825	19	9.385
12	1,2,6,7,8,10,13,15,17,19,22,24	796	20	10.871
12	2,6,11,12,15,16,17,18,20,21,22,25	611	21	12.795
12	2,4,5,6,8,11,13,16,18,19,24,25	902	22	3.938
12	0,8,10,11,12,13,14,15,16,18,20,24	787	23	3.909
12	0,1,2,3,4,6,9,11,18,19,23,24	799	24	16.82
12	4,5,15,18,19,20,21,22,23,24,25,26	811	25	21.382
12	0,5,6,7,8,9,15,18,20,24,25,26	968	26	8.799
12	2,6,7,9,12,16,18,19,20,23,24,26	814	27	6.88
12	0,2,6,11,12,15,16,17,18,21,22,24	620	28	6.91
12	0,3,8,10,12,13,15,21,22,23,25,26	781	29	18.388
12	2,4,6,7,12,13,16,18,19,20,21,24	713	30	5.899
12	0,1,2,5,9,12,16,17,20,21,25,26	783	31	26.605
12	0,1,2,5,9,10,14,15,18,20,22,25	813	32	10.827
12	0,3,4,12,13,15,17,20,21,24,25,26	477	33	19.68
12	4,5,6,9,11,13,15,16,18,22,24,26	843	34	9.874
12	2,3,8,12,13,14,16,17,18,19,21,23	865	35	8.757
12	0,6,10,11,14,16,17,19,20,21,22,24	648	36	6.872
12	4,5,7,11,12,13,14,16,17,19,22,26	822	37	11.889
12	0,1,2,4,5,13,15,17,19,20,23,26	787	38	29.474
12	5,6,7,10,13,14,15,16,19,20,22,25	854	39	3.914
12	1,5,9,10,12,14,17,19,20,24,25,26	825	40	20.688
12	2,3,4,6,7,10,12,19,20,24,25,26	708	41	7.763
12	7,8,9,10,14,16,17,20,22,23,24,25	889	42	5.917
12	0,3,7,9,13,15,16,18,19,20,22,26	749	43	9.908
12	0,3,6,11,12,15,18,19,21,22,25,26	681	44	19.602
12	1,4,6,9,13,14,15,16,18,21,22,26	675	45	31.606
12	0,1,2,3,6,7,8,12,17,20,21,22	843	46	14.811
12	0,5,8,9,10,12,13,17,19,20,22,26	884	47	8.745
12	0,1,3,5,7,11,14,15,17,19,20,21	853	48	20.747
12	1,2,4,6,9,13,17,18,21,24,25,26	666	49	33.592
12	0,2,4,7,10,11,13,18,20,22,24,25	616	50	7.744
12	2,4,5,7,9,13,14,16,17,21,22,25	848	51	6.833
12	1,5,6,7,8,9,10,11,13,20,22,25	953	52	11.883
12	1,2,3,5,6,8,12,17,19,20,23,26	914	53	14.831
12	2,3,4,5,6,9,13,14,18,21,22,23	890	54	9.707
12	0,1,2,6,7,10,11,12,16,20,25,26	632	55	15.884
12	0,2,4,9,10,11,12,19,20,21,23,25	698	56	8.718
12	2,6,8,10,15,17,18,19,22,23,24,26	806	57	7.928
12	0,1,2,5,7,8,9,11,14,21,24,26	959	58	15.789
12	3,4,6,9,12,13,14,16,17,20,23,26	719	59	9.824
12	2,7,8,9,11,12,14,15,16,19,20,22	869	60	3.9
12	0,1,2,4,5,6,11,12,13,17,21,26	784	61	31.486
12	2,3,5,6,7,11,12,13,18,21,23,25	886	62	8.91
12	0,3,5,10,11,13,14,16,19,20,25,26	793	63	8.745
12	0,2,5,8,9,12,17,18,20,22,23,25	947	64	4.76
12	1,5,7,8,13,15,18,19,20,22,24,25	923	65	10.827
12	0,1,3,4,8,10,13,14,17,21,23,26	803	66	32.54
12	2,3,4,5,8,11,14,19,22,23,24,26	923	67	6.917
12	0,1,2,7,9,12,16,18,21,22,23,26	705	68	15.866
12	0,1,4,7,9,10,12,13,17,18,23,26	678	69	19.797
12	0,1,4,5,6,7,10,13,16,19,21,23	861	70	18.803
12	1,5,6,7,12,13,14,15,18,21,23,25	836	71	11.797
12	0,1,4,9,10,12,15,16,19,21,24,26	640	72	23.537
12	0,1,5,10,11,13,14,15,19,21,25,26	753	73	26.365
12	0,3,4,6,7,8,9,10,11,21,22,24	890	74	8.837
12	0,3,4,7,9,10,12,13,17,19,20,22	714	75	6.867
12	1,2,3,6,10,11,12,17,18,19,21,22	707	76	20.672
12	0,3,8,10,11,12,14,15,17,18,19,26	824	77	10.852
12	0,5,6,7,9,10,13,15,16,22,23,26	882	78	8.846
12	2,11,12,14,15,16,17,18,21,22,24,26	555	79	14.795
12	1,2,3,4,7,12,13,14,15,19,21,23	673	80	19.611
12	1,3,6,7,8,9,10,12,19,23,24,25	896	81	14.682
12	0,1,3,4,7,10,16,20,21,22,24,26	576	82	27.29
12	0,4,6,9,12,13,14,17,18,19,21,22	770	83	7.729
12	0,3,6,7,8,13,14,15,18,19,22,25	882	84	3.914
12	1,4,9,12,15,17,18,19,22,24,25,26	648	85	24.465
12	1,5,6,7,8,10,12,14,17,18,19,24	939	86	8.889
12	1,3,4,7,9,12,13,14,19,20,25,26	694	87	23.489
12	0,2,4,9,13,15,16,17,18,20,24,26	644	88	9.908
12	1,2,6,7,10,11,13,14,15,17,25,26	634	89	23.429
12	2,5,6,7,9,11,13,19,21,22,25,26	898	90	15.764
12	0,3,4,5,10,14,17,19,20,22,23,24	838	91	5.805
12	3,4,6,8,11,13,16,17,18,20,23,24	855	92	5.915
12	0,1,3,4,5,7,11,19,22,23,24,26	877	93	23.443
12	1,2,3,5,7,8,11,14,15,16,21,24	948	94	11.808
12	0,2,3,8,9,14,15,17,18,21,23,24	890	95	6.82
12	3,7,9,10,13,15,16,19,20,22,24,25	725	96	3.9
12	0,1,2,5,7,12,14,18,19,22,23,26	871	97	14.831
12	1,5,6,8,12,13,14,16,18,19,21,24	891	98	11.221
12	0,3,4,6,9,10,14,18,21,22,25,26	722	99	16.518
12	1,2,5,8,10,12,17,19,20,21,25,26	844	100	25.292