m	ins	qno	required skills	Optimal obj value	Optimal team
4	1	396	0,10,23,24	0,952	80,212,
4	2	347	6,16,21,22	0,986	24,170,
4	3	292	10,12,15,23	0,879	58,233,
4	4	382	3,18,24,26	2,963	52,77,247,
4	5	415	0,9,25,26	1,967	35,129,
4	6	364	6,17,20,25	1,96	31,219,
4	7	217	4,10,12,25	0	8,
4	8	420	1,6,15,19	2,921	76,174,
4	9	416	0,1,9,25	7,922	171,227,305,
4	10	383	0,7,20,21	0,969	31,261,
4	11	279	0,4,12,13	0,971	80,146,
4	12	341	3,7,15,21	0,944	37,107,
4	13	230	0,1,4,25	5,898	94,195,
4	14	517	2,7,19,20	0	58,
4	15	242	3,4,13,15	0,866	9,60,
4	16	412	0,11,15,19	0,365	54,73,
4	17	184	15,20,22,25	1,959	131,179,
4	18	277	4,7,14,15	0,908	51,129,
4	19	455	0,6,12,14	0	217,
4	20	336	1,10,17,19	5,842	60,65,147,
4	21	164	17,20,21,25	3,843	27,107,
4	22	689	5,6,13,16	0	478,
4	23	658	8,12,16,18	0	626,
4	24	439	0,1,18,19	3,959	81,188,339,
4	25	301	18,20,23,25	1,962	30,211,
4	26	717	5,6,15,18	0,365	98,136,
4	27	468	7,12,16,19	0,904	17,23,
4	28	382	0,2,18,21	0,98	37,352,
4	29	357	0,10,22,23	0,988	11,207,
4	30	399	4,6,16,20	0,785	20,49,
4	31	427	9,12,16,21	1,927	15,108,
4	32	261	1,10,14,20	2,95	118,149,
4	33	244	3,12,15,26	2,808	12,192,194,
4	34	687	5,6,13,24	0	479,
4	35	244	13,14,17,18	0,954	52,72,
4	36	347	0,11,16,20	0,969	282,311,
4	37	626	5,11,17,26	0,923	12,99,
4	38	615	4,5,15,26	0,943	11,259,
4	39	353	13,15,16,19	0	65,
4	40	355	12,19,20,26	1,993	124,206,
4	41	458	6,10,19,26	0,936	78,364,
4	42	225	7,17,22,25	1,958	23,43,
4	43	376	13,15,18,19	0,365	58,73,
4	44	314	12,19,21,26	5,937	25,112,245,
4	45	470	6,9,21,26	1,974	27,161,
4	46	392	0,7,20,22	0,953	116,318,
4	47	681	5,13,19,20	0	627,
4	48	720	5,7,14,21	0	625,
4	49	304	1,6,24,26	2,976	52,134,
4	50	341	4,7,18,20	0,983	192,324,
4	51	677	2,5,13,14	0	89,
4	52	691	7,8,13,20	0	334,
4	53	611	1,8,23,26	7,911	107,256,298,
4	54	752	5,6,9,22	0	216,
4	55	306	1,7,12,16	2,974	135,170,
4	56	417	9,10,12,20	0	365,
4	57	277	2,10,22,26	1,933	51,56,
4	58	830	5,8,9,21	0,972	735,736,
4	59	420	9,14,17,20	0,965	69,195,
4	60	633	2,8,12,20	0	21,
4	61	110	4,12,21,26	4,952	28,71,94,
4	62	732	5,7,11,23	0	88,
4	63	420	11,14,16,19	0,365	55,75,
4	64	685	5,12,18,22	0,972	416,594,
4	65	642	1,5,13,24	2,921	119,271,
4	66	663	3,4,8,10	0,866	19,185,
4	67	426	4,14,19,24	0,779	55,367,
4	68	408	2,7,18,21	0,944	44,133,
4	69	433	0,7,12,23	0,76	282,413,
4	70	773	5,6,7,10	0	87,
4	71	389	6,13,18,25	0	209,
4	72	464	1,9,19,21	4,951	193,433,
4	73	348	0,10,13,14	0,365	44,60,
4	74	792	6,7,8,9	0	432,
4	75	533	0,9,13,19	0	376,
4	76	119	1,11,21,22	8,935	15,35,46,
4	77	317	0,11,12,15	0,943	38,116,
4	78	773	5,6,7,10	0	87,
4	79	116	11,15,17,26	0,923	3,18,
4	80	366	13,15,19,23	0,945	107,128,
4	81	647	1,8,10,23	3,97	239,279,
4	82	292	1,7,20,22	7,93	33,60,130,
4	83	147	4,13,21,22	3,957	113,131,
4	84	296	13,15,19,25	0,866	4,86,
4	85	294	1,9,25,26	9,919	48,122,161,
4	86	466	1,7,19,24	3,937	53,202,
4	87	234	3,13,20,25	0,98	105,187,
4	88	272	0,13,15,20	0,938	249,265,
4	89	260	1,2,10,25	4,954	8,108,
4	90	495	2,7,19,26	0,923	8,87,
4	91	370	0,4,14,23	0,987	131,365,
4	92	241	3,13,17,20	1,965	87,223,
4	93	333	1,3,11,24	6,829	0,79,146,
4	94	801	1,5,8,11	2,911	0,145,331,
4	95	422	2,3,14,24	0	116,
4	96	189	13,20,22,25	1,905	2,33,
4	97	357	0,18,23,26	1,951	25,63,
4	98	595	8,12,19,21	1,927	20,161,
4	99	295	3,4,14,22	1,971	203,223,
4	100	179	12,20,25,26	2,83	7,79,90,
6	1	420	0,1,4,10,23,24	8,886	83,190,414,
6	2	418	1,6,14,16,21,22	10,892	81,181,366,
6	3	387	2,10,12,15,17,23	0,879	69,299,
6	4	521	3,6,17,18,24,26	4,92	96,408,
6	5	701	0,8,9,20,25,26	1,967	60,222,
6	6	425	6,16,17,20,22,25	3,957	227,337,
6	7	676	4,5,10,11,12,25	0,879	237,280,
6	8	511	1,6,15,19,22,23	9,721	95,215,350,
6	9	471	0,1,9,12,17,25	8,841	197,199,442,
6	10	478	0,7,11,20,21,23	3,963	62,328,
6	11	436	0,4,7,10,12,13	1,984	284,376,
6	12	435	3,7,15,16,21,26	4,923	36,113,146,
6	13	419	0,1,4,6,16,25	8,703	72,179,180,
6	14	795	2,5,7,19,20,25	1,956	69,638,
6	15	408	0,3,4,13,14,15	2,774	13,107,108,
6	16	495	0,3,11,13,15,19	3,331	67,482,
6	17	264	1,14,15,20,22,25	10,827	118,151,258,
6	18	500	0,2,4,7,14,15	1,984	23,265,
6	19	476	0,6,12,14,17,25	2,749	72,379,466,
6	20	585	1,6,7,10,17,19	7,875	62,103,252,
6	21	294	16,17,20,21,22,25	6,876	23,32,229,
6	22	728	2,5,6,13,16,24	0	134,
6	23	716	8,11,12,16,18,20	0,995	505,567,
6	24	645	0,1,9,18,19,23	4,91	273,615,
6	25	339	15,18,20,21,23,25	4,908	121,181,190,
6	26	810	5,6,7,15,18,20	0,988	264,447,
6	27	625	6,7,12,16,19,23	0,977	194,197,
6	28	466	0,2,12,16,18,21	1,927	19,132,
6	29	402	0,10,12,22,23,26	5,868	77,256,343,
6	30	514	4,6,7,13,16,20	0,971	81,350,
6	31	427	1,9,12,16,21,26	8,917	76,179,368,
6	32	505	1,9,10,14,18,20	2,95	218,282,
6	33	354	3,4,12,15,24,26	2,924	0,118,
6	34	692	5,6,13,15,24,26	2,948	12,310,679,
6	35	406	3,12,13,14,17,18	2,981	16,37,
6	36	397	0,11,16,20,21,24	2,369	26,119,275,
6	37	773	5,7,11,17,19,26	0,923	15,122,
6	38	682	4,5,13,15,19,26	3,832	12,15,
6	39	579	6,7,13,15,16,19	0,978	90,208,
6	40	436	12,17,19,20,24,26	4,885	65,150,272,
6	41	581	6,7,10,12,19,26	2,883	103,383,458,
6	42	729	7,8,17,22,23,25	2,911	126,504,
6	43	590	3,9,13,15,18,19	2,915	193,236,
6	44	455	0,11,12,19,21,26	7,909	159,321,351,
6	45	530	1,6,9,14,21,26	8,917	93,230,462,
6	46	454	0,1,3,7,20,22	8,662	52,199,289,
6	47	719	5,12,13,17,19,20	0,995	511,574,
6	48	768	3,5,7,11,14,21	0,977	62,215,
6	49	335	1,6,17,24,25,26	14,623	54,57,146,
6	50	505	0,2,4,7,18,20	0,995	57,323,
6	51	709	2,5,13,14,16,17	0,995	450,564,
6	52	732	6,7,8,13,20,25	0	402,
6	53	665	1,8,19,20,23,26	11,766	219,278,341,
6	54	771	4,5,6,9,21,22	2,973	46,605,
6	55	411	1,7,10,12,16,20	5,932	189,308,
6	56	466	9,10,11,12,20,21	4,731	38,143,249,
6	57	368	2,10,15,22,24,26	2,958	22,71,
6	58	918	5,7,8,9,11,21	1,954	250,797,
6	59	506	4,9,14,17,20,23	1,94	345,391,
6	60	657	2,8,12,15,16,20	0,961	28,187,
6	61	269	1,2,4,12,21,26	15,772	48,113,165,230,
6	62	783	3,5,7,11,13,23	2,863	117,494,
6	63	515	0,11,14,16,19,20	0,995	367,408,
6	64	737	0,5,12,18,20,22	0,995	528,590,
6	65	751	1,5,7,13,22,24	7,906	144,202,317,
6	66	740	3,4,8,10,17,23	2,777	105,459,633,
6	67	545	3,4,11,14,19,24	0,999	73,148,
6	68	472	2,7,18,21,22,23	1,972	365,406,
6	69	487	0,7,10,12,17,23	0,997	82,266,
6	70	781	5,6,7,10,13,21	1,968	43,289,
6	71	800	5,6,7,13,18,25	0	437,
6	72	516	1,9,16,19,21,26	11,837	87,213,478,
6	73	690	0,5,10,13,14,15	0,365	88,123,
6	74	799	4,6,7,8,9,24	0,869	96,334,
6	75	581	0,9,12,13,19,22	0,884	17,255,
6	76	318	1,3,10,11,21,22	11,796	139,283,286,
6	77	336	0,11,12,15,17,26	5,584	9,55,258,328,
6	78	793	0,5,6,7,10,26	0,978	133,510,
6	79	294	11,14,15,16,17,26	2,841	7,51,288,
6	80	394	1,4,13,15,19,23	8,886	71,164,388,
6	81	676	1,8,10,19,23,24	6,841	127,287,382,
6	82	397	1,4,7,20,22,24	8,79	166,181,256,
6	83	206	4,12,13,17,21,22	6,833	6,161,181,
6	84	463	6,13,15,19,22,25	0,973	8,269,
6	85	338	1,9,17,22,25,26	18,852	56,140,185,286,
6	86	562	1,6,7,12,19,24	3,937	60,239,
6	87	538	3,7,13,19,20,25	2,895	94,246,444,
6	88	529	0,9,13,15,18,20	2,953	141,307,514,
6	89	399	1,2,7,10,25,26	9,919	77,173,220,
6	90	635	2,6,7,11,19,26	2,841	11,101,622,
6	91	456	0,4,14,22,23,24	1,93	13,359,
6	92	377	3,11,13,16,17,20	2,886	233,265,
6	93	724	0,1,3,5,11,24	6,829	0,167,308,
6	94	835	1,2,5,8,11,16	2,983	0,322,344,
6	95	482	0,2,3,14,17,24	0,987	32,455,
6	96	326	13,16,20,22,24,25	1,905	8,65,
6	97	598	0,7,18,19,23,26	3,957	110,302,558,
6	98	675	8,12,13,18,19,21	1,927	23,188,
6	99	541	3,4,6,10,14,22	2,78	14,150,318,
6	100	221	12,17,20,21,25,26	13,644	18,40,79,101,
8	1	640	0,1,4,9,10,18,23,24	11,843	19,276,499,
8	2	487	0,1,6,14,16,21,22,26	15,815	81,90,212,424,
8	3	739	2,5,10,12,15,16,17,23	2,749	120,602,722,
8	4	783	3,6,8,12,17,18,24,26	6,865	118,266,629,
8	5	716	0,2,8,9,15,20,25,26	2,923	12,63,
8	6	743	4,5,6,16,17,20,22,25	4,76	17,533,598,
8	7	736	4,5,10,11,12,14,24,25	1,9	96,312,
8	8	546	1,6,13,15,19,22,23,24	9,721	101,231,373,
8	9	520	0,1,9,11,12,17,22,25	10,833	215,217,398,
8	10	555	0,7,10,11,16,20,21,23	4,922	42,61,349,
8	11	553	0,4,6,7,10,12,13,20	1,99	352,465,
8	12	772	3,5,7,15,16,20,21,26	4,923	49,198,254,
8	13	509	0,1,4,6,16,18,21,25	16,781	125,169,221,278,
8	14	808	2,5,7,16,19,20,25,26	5,787	15,130,358,792,
8	15	476	0,3,4,13,14,15,16,17	4,694	14,133,374,
8	16	550	0,3,11,13,14,15,19,20	3,331	74,537,
8	17	672	1,8,14,15,19,20,22,25	10,827	278,364,649,
8	18	556	0,2,4,7,12,14,15,18	3,933	44,356,375,
8	19	640	0,3,6,12,14,17,19,25	4,694	17,185,516,
8	20	640	1,2,6,7,10,17,19,22	8,889	68,271,551,
8	21	351	12,15,16,17,20,21,22,25	9,742	15,64,311,
8	22	780	2,5,6,13,16,18,24,25	0,993	82,431,
8	23	751	8,11,12,13,14,16,18,20	0,995	531,596,
8	24	679	0,1,2,9,11,18,19,23	4,959	288,535,
8	25	496	15,18,19,20,21,23,25,26	10,679	8,147,404,
8	26	875	5,6,7,9,15,18,20,24	0,988	287,484,
8	27	676	6,7,12,16,18,19,23,24	0,986	359,517,
8	28	566	0,2,6,12,16,18,21,22	4,701	20,155,189,
8	29	765	0,3,8,10,12,22,23,26	6,865	116,260,613,
8	30	618	2,4,6,7,13,16,18,20	1,979	331,580,
8	31	732	1,5,9,12,16,21,25,26	17,75	127,236,311,405,
8	32	526	1,9,10,14,15,18,20,25	7,758	227,292,293,
8	33	383	3,4,12,13,15,21,24,26	9,813	76,122,366,
8	34	754	5,6,11,13,15,18,24,26	6,708	102,141,254,
8	35	791	3,8,12,13,14,17,18,21	7,858	28,60,705,
8	36	500	0,6,11,16,20,21,22,24	4,662	67,131,214,
8	37	798	5,7,11,16,17,19,22,26	5,975	117,261,638,
8	38	703	1,4,5,13,15,19,20,26	20,352	127,228,291,294,
8	39	661	6,7,13,14,15,16,19,20	2,905	108,303,650,
8	40	499	1,12,14,17,19,20,24,26	14,831	59,87,219,430,
8	41	604	4,6,7,10,12,19,24,26	2,883	106,400,477,
8	42	774	7,8,10,17,22,23,24,25	4,871	22,126,623,
8	43	599	3,9,13,15,18,19,22,26	8,701	90,200,422,
8	44	558	0,6,11,12,19,21,25,26	8,624	11,390,451,
8	45	562	1,4,6,9,14,15,21,26	21,533	0,93,242,490,
8	46	588	0,1,3,6,7,20,21,22	12,665	37,254,363,
8	47	835	0,5,8,12,13,17,19,20	0,995	592,668,
8	48	798	0,3,5,7,11,14,15,21	3,847	129,638,
8	49	373	1,4,6,17,21,24,25,26	29,468	63,65,163,164,326,
8	50	535	0,2,4,7,11,18,20,25	5,748	64,112,230,434,
8	51	715	2,5,13,14,16,17,21,25	6,775	16,41,622,
8	52	904	5,6,7,8,13,20,22,25	1,992	63,493,
8	53	749	1,3,8,12,19,20,23,26	11,766	250,319,390,
8	54	837	3,4,5,6,9,18,21,22	2,973	53,657,
8	55	561	0,1,6,7,10,12,16,20	7,885	63,246,378,
8	56	509	2,4,9,10,11,12,20,21	5,634	156,270,483,
8	57	668	2,8,10,15,19,22,24,26	3,889	113,644,
8	58	919	1,5,7,8,9,11,21,26	13,782	20,51,382,
8	59	669	4,6,9,14,16,17,20,23	2,782	34,90,417,
8	60	780	2,7,8,12,14,15,16,20	2,817	423,744,
8	61	691	1,2,4,5,12,17,21,26	22,724	113,292,537,602,
8	62	844	3,5,6,7,11,12,13,23	2,931	103,388,
8	63	535	0,10,11,14,16,19,20,26	5,787	10,84,249,525,
8	64	770	0,2,5,12,17,18,20,22	0,995	551,613,
8	65	885	1,5,7,8,13,22,24,25	9,88	367,375,480,
8	66	745	3,4,8,10,13,17,23,26	7,758	22,210,248,
8	67	596	2,3,4,11,14,19,22,24	3,895	416,544,
8	68	605	1,2,7,9,18,21,22,23	10,887	257,470,521,
8	69	538	0,4,7,10,12,17,18,23	4,871	15,89,422,
8	70	806	4,5,6,7,10,13,21,23	4,916	289,517,721,
8	71	814	1,5,6,7,13,14,18,25	2,974	344,446,
8	72	561	1,4,9,10,16,19,21,26	19,772	94,238,298,488,
8	73	706	0,5,10,11,13,14,15,26	5,787	13,110,317,693,
8	74	849	0,3,4,6,7,8,9,24	0,995	94,553,
8	75	675	0,7,9,12,13,19,20,22	2,874	19,251,
8	76	434	1,3,10,11,12,18,21,22	11,809	121,194,390,
8	77	694	0,8,11,12,15,17,19,26	5,584	15,110,561,676,
8	78	850	0,5,6,7,9,10,16,26	0,978	147,549,
8	79	442	2,11,12,14,15,16,17,26	4,832	1,11,73,
8	80	584	1,3,4,7,13,15,19,23	15,843	39,111,253,577,
8	81	764	1,8,9,10,19,23,24,25	9,934	73,163,319,
8	82	520	0,1,3,4,7,20,22,24	8,79	211,232,335,
8	83	477	4,6,12,13,17,18,21,22	7,729	13,31,374,
8	84	694	6,8,13,14,15,19,22,25	2,78	17,192,408,
8	85	379	1,4,9,15,17,22,25,26	23,736	6,85,157,287,
8	86	764	1,6,7,8,12,14,19,24	5,956	139,322,424,
8	87	585	1,3,7,13,14,19,20,25	9,88	252,258,325,
8	88	566	0,9,13,15,16,18,20,26	6,708	79,109,189,
8	89	425	1,2,7,10,13,15,25,26	17,75	80,131,183,231,
8	90	658	2,6,7,11,13,19,22,26	5,975	99,212,520,
8	91	591	0,4,10,14,19,22,23,24	1,93	14,476,
8	92	730	3,8,11,13,16,17,20,24	3,365	35,428,452,
8	93	795	0,1,3,5,11,19,23,24	8,873	109,341,755,
8	94	906	1,2,5,7,8,11,16,21	9,918	50,374,790,
8	95	501	0,2,3,14,15,17,21,24	5,958	36,311,329,
8	96	529	3,9,13,16,20,22,24,25	1,971	19,387,
8	97	611	0,1,7,12,18,19,23,26	13,807	114,269,310,570,
8	98	847	1,5,8,12,13,18,19,21	6,838	281,340,358,
8	99	646	3,4,6,9,10,14,22,25	2,78	17,176,380,
8	100	647	8,12,17,19,20,21,25,26	14,269	14,103,453,525,
10	1	696	0,1,4,9,10,14,16,18,23,24	11,843	20,303,546,
10	2	572	0,1,3,6,10,14,16,21,22,26	18,704	97,183,251,487,
10	3	769	2,3,5,10,12,15,16,17,21,23	8,509	127,554,625,
10	4	802	3,6,8,12,17,18,19,21,24,26	13,733	53,273,630,645,
10	5	748	0,1,2,6,8,9,15,20,25,26	13,793	12,66,312,
10	6	747	4,5,6,13,16,17,20,22,25,26	12,76	110,214,244,315,
10	7	865	4,5,8,10,11,12,14,20,24,25	2,965	176,362,725,
10	8	729	1,6,8,10,13,15,19,22,23,24	9,721	138,309,504,
10	9	584	0,1,9,11,12,17,18,20,22,25	11,89	249,322,449,
10	10	571	0,4,7,10,11,15,16,20,21,23	10,748	1,42,61,214,
10	11	761	0,4,6,7,8,10,12,13,20,26	5,896	135,497,648,
10	12	792	1,3,5,7,15,16,20,21,24,26	17,75	140,256,339,439,
10	13	779	0,1,4,5,6,13,16,18,21,25	16,781	182,252,332,431,
10	14	818	2,4,5,7,16,17,19,20,25,26	7,763	19,119,264,
10	15	580	0,3,4,13,14,15,16,17,18,24	4,694	18,169,458,
10	16	635	0,2,3,11,13,14,15,18,19,20	3,331	95,619,
10	17	741	0,1,3,8,14,15,19,20,22,25	10,827	305,402,716,
10	18	614	0,2,4,7,12,14,15,18,20,23	4,931	50,70,394,
10	19	756	0,3,6,7,12,14,17,19,23,25	5,612	126,617,623,744,
10	20	788	1,2,6,7,8,10,15,17,19,22	9,896	332,461,690,
10	21	449	11,12,15,16,17,18,20,21,22,25	10,682	19,84,128,
10	22	895	2,5,6,8,11,13,16,18,24,25	1,834	486,492,
10	23	769	8,10,11,12,13,14,16,18,20,24	1,875	26,88,
10	24	759	0,1,2,6,9,11,18,19,23,24	9,906	85,321,739,
10	25	774	4,5,15,18,19,20,21,23,25,26	17,253	16,213,334,635,
10	26	885	0,5,6,7,9,15,18,20,24,26	4,915	64,96,157,
10	27	787	6,7,9,12,16,18,19,23,24,26	5,944	58,140,735,
10	28	597	0,2,6,11,12,16,17,18,21,22	5,912	464,517,524,
10	29	774	0,3,8,10,12,21,22,23,25,26	15,635	27,55,82,138,264,
10	30	698	2,4,6,7,12,13,16,18,19,20	2,962	167,451,
10	31	767	0,1,5,9,12,16,17,21,25,26	25,446	123,130,326,669,
10	32	782	1,5,9,10,14,15,18,20,22,25	10,827	328,434,761,
10	33	458	0,3,4,12,13,15,17,21,24,26	15,76	0,73,148,320,
10	34	822	5,6,9,11,13,15,16,18,24,26	6,708	113,157,277,
10	35	840	3,8,12,13,14,16,17,18,21,23	7,858	31,64,749,
10	36	601	0,6,10,11,16,19,20,21,22,24	4,662	82,161,262,
10	37	806	4,5,7,11,12,16,17,19,22,26	7,894	15,49,634,
10	38	751	0,1,2,4,5,13,15,19,20,26	20,352	135,242,310,313,
10	39	844	5,6,7,10,13,14,15,16,19,20	2,905	138,379,830,
10	40	529	1,10,12,14,17,19,20,24,25,26	20,688	50,92,236,458,
10	41	650	2,4,6,7,10,12,19,24,25,26	4,832	0,11,108,
10	42	812	7,8,10,14,16,17,22,23,24,25	4,871	23,131,655,
10	43	651	0,3,9,13,15,18,19,20,22,26	8,953	125,220,517,
10	44	628	0,3,6,11,12,15,19,21,25,26	12,751	15,455,540,
10	45	643	1,4,6,9,13,14,15,18,21,26	28,465	48,112,279,418,573,
10	46	821	0,1,3,6,7,8,12,20,21,22	12,665	51,350,516,
10	47	846	0,5,8,10,12,13,17,19,20,22	3,883	542,600,677,
10	48	811	0,3,5,7,11,14,15,17,20,21	8,082	134,236,577,
10	49	539	1,2,4,6,17,18,21,24,25,26	32,197	97,99,179,229,230,
10	50	602	0,2,4,7,10,11,18,20,24,25	5,748	75,129,263,495,
10	51	839	2,5,7,9,13,14,16,17,21,25	6,775	20,47,729,
10	52	908	1,5,6,7,8,10,13,20,22,25	9,88	382,390,497,
10	53	798	1,3,6,8,12,17,19,20,23,26	14,831	94,142,341,682,
10	54	865	3,4,5,6,9,13,18,21,22,23	7,872	56,243,680,
10	55	601	0,1,2,6,7,10,12,16,20,25	7,922	259,324,453,
10	56	611	2,4,9,10,11,12,19,20,21,25	7,797	172,253,504,
10	57	754	2,6,8,10,15,19,22,23,24,26	7,742	13,21,435,
10	58	938	1,2,5,7,8,9,11,14,21,26	14,792	20,391,816,
10	59	691	4,6,9,12,13,14,16,17,20,23	2,949	6,107,476,
10	60	845	2,7,8,9,12,14,15,16,19,20	3,9	26,141,
10	61	734	0,1,2,4,5,11,12,17,21,26	27,064	121,210,228,313,
10	62	845	3,5,6,7,11,12,13,21,23,25	7,692	24,55,532,
10	63	785	0,3,5,10,11,14,16,19,20,26	5,886	254,461,540,
10	64	925	0,2,5,8,9,12,17,18,20,22	0,995	658,735,
10	65	913	1,5,7,8,13,15,18,22,24,25	10,827	383,499,886,
10	66	781	1,3,4,8,10,13,14,17,23,26	24,406	23,256,333,487,
10	67	828	2,3,4,8,11,14,19,22,23,24	3,976	117,429,515,
10	68	667	0,1,2,7,9,18,21,22,23,26	15,866	121,285,564,575,
10	69	549	0,1,4,7,10,12,13,17,18,23	14,843	97,143,244,
10	70	815	1,4,5,6,7,10,13,16,21,23	15,887	125,137,344,784,
10	71	820	1,5,6,7,12,13,14,18,21,25	6,887	265,346,449,
10	72	580	1,4,9,10,12,15,16,19,21,26	23,537	99,185,247,349,
10	73	749	0,1,5,10,11,13,14,15,19,26	17,016	95,123,133,313,
10	74	880	0,3,4,6,7,8,9,11,22,24	3,93	248,367,829,
10	75	684	0,4,7,9,10,12,13,19,20,22	3,966	301,658,
10	76	627	1,2,3,6,10,11,12,18,21,22	14,76	271,363,443,
10	77	794	0,3,8,11,12,15,17,18,19,26	7,904	1,267,633,
10	78	877	0,5,6,7,9,10,13,16,23,26	3,959	135,154,
10	79	496	2,11,12,14,15,16,17,21,24,26	11,311	12,34,84,395,
10	80	634	1,2,3,4,7,13,15,19,21,23	17,705	207,254,272,627,
10	81	822	1,3,6,8,9,10,19,23,24,25	11,861	80,346,772,
10	82	529	0,1,3,4,7,20,21,22,24,26	27,29	100,144,236,416,
10	83	671	0,4,6,9,12,13,17,18,21,22	7,729	18,41,523,
10	84	804	6,7,8,13,14,15,18,19,22,25	3,914	444,780,
10	85	582	1,4,9,15,17,18,19,22,25,26	24,465	10,243,246,462,
10	86	790	1,6,7,8,10,12,14,17,19,24	8,861	339,383,695,
10	87	598	1,3,7,12,13,14,19,20,25,26	18,822	72,106,261,334,
10	88	607	0,2,4,9,13,15,16,18,20,26	9,908	114,203,462,
10	89	498	1,2,7,10,11,13,14,15,25,26	19,467	88,216,270,272,
10	90	854	2,5,6,7,11,13,19,22,25,26	7,903	15,242,381,
10	91	802	0,4,5,10,14,17,19,22,23,24	1,93	19,647,
10	92	824	3,8,11,13,16,17,18,20,23,24	3,911	29,655,
10	93	818	0,1,3,4,5,11,19,22,23,24	15,754	243,350,353,778,
10	94	921	1,2,5,7,8,11,14,16,21,24	10,897	52,186,380,
10	95	819	0,2,3,8,14,15,17,18,21,24	6,82	237,651,716,
10	96	625	3,9,10,13,16,19,20,22,24,25	2,984	275,351,
10	97	657	0,1,2,7,12,18,19,22,23,26	14,831	73,120,285,562,
10	98	874	1,5,8,12,13,14,16,18,19,21	10,802	29,237,369,
10	99	654	3,4,6,9,10,14,21,22,25,26	16,518	17,44,214,517,
10	100	663	1,8,10,12,17,19,20,21,25,26	25,292	38,107,222,284,
12	1	858	0,1,4,5,9,10,11,14,16,18,23,24	11,843	23,367,684,
12	2	605	0,1,3,6,10,12,14,16,21,22,25,26	30,613	102,195,267,336,515,
12	3	898	2,3,5,8,10,12,15,16,17,20,21,23	8,785	68,803,869,
12	4	862	3,6,7,8,12,17,18,19,21,22,24,26	13,733	56,290,678,693,
12	5	773	0,1,2,6,8,9,15,17,20,21,25,26	26,32	12,125,323,547,
12	6	760	0,4,5,6,13,15,16,17,20,22,25,26	14,486	0,13,344,610,
12	7	866	4,5,8,10,11,12,14,15,20,24,25,26	8,585	1,18,143,389,
12	8	783	1,6,8,10,11,13,14,15,19,22,23,24	10,857	147,329,627,
12	9	866	0,1,7,8,9,11,12,17,18,20,22,25	11,89	366,473,685,
12	10	614	0,4,7,10,11,12,15,16,18,20,21,23	10,892	1,80,425,
12	11	914	0,4,5,6,7,8,10,12,13,17,20,26	9,877	142,149,300,478,
12	12	926	0,1,3,5,7,8,15,16,20,21,24,26	17,75	164,294,387,507,
12	13	811	0,1,3,4,5,6,13,16,18,21,25,26	25,586	21,141,263,348,
12	14	873	2,3,4,5,7,9,16,17,19,20,25,26	7,763	21,132,286,
12	15	817	0,3,4,5,11,13,14,15,16,17,18,24	4,694	22,232,655,
12	16	687	0,2,3,4,11,13,14,15,18,19,20,24	7,646	1,100,312,
12	17	809	0,1,3,8,14,15,18,19,20,22,24,25	10,827	340,446,783,
12	18	614	0,1,2,4,7,12,14,15,18,20,23,26	22,51	113,275,339,607,
12	19	825	0,3,6,7,9,12,14,17,19,23,25,26	9,385	18,139,671,677,810,
12	20	796	1,2,6,7,8,10,13,15,17,19,22,24	10,871	150,335,626,
12	21	611	2,6,11,12,15,16,17,18,20,21,22,25	12,795	1,42,63,475,
12	22	902	2,4,5,6,8,11,13,16,18,19,24,25	3,938	24,112,
12	23	787	0,8,10,11,12,13,14,15,16,18,20,24	3,909	12,560,627,
12	24	799	0,1,2,3,4,6,9,11,18,19,23,24	16,82	167,343,422,757,
12	25	811	4,5,15,18,19,20,21,22,23,24,25,26	21,382	16,349,583,654,
12	26	968	0,5,6,7,8,9,15,18,20,24,25,26	8,799	21,92,284,
12	27	814	2,6,7,9,12,16,18,19,20,23,24,26	6,88	90,145,405,531,
12	28	620	0,2,6,11,12,15,16,17,18,21,22,24	6,91	1,40,483,
12	29	781	0,3,8,10,12,13,15,21,22,23,25,26	18,388	20,55,448,637,
12	30	713	2,4,6,7,12,13,16,18,19,20,21,24	5,899	461,609,639,
12	31	783	0,1,2,5,9,12,16,17,20,21,25,26	26,605	133,136,252,333,431,
12	32	813	0,1,2,5,9,10,14,15,18,20,22,25	10,827	344,453,791,
12	33	477	0,3,4,12,13,15,17,20,21,24,25,26	19,68	0,37,51,77,157,
12	34	843	4,5,6,9,11,13,15,16,18,22,24,26	9,874	17,131,661,
12	35	865	2,3,8,12,13,14,16,17,18,19,21,23	8,757	260,612,688,
12	36	648	0,6,10,11,14,16,17,19,20,21,22,24	6,872	38,252,523,
12	37	822	4,5,7,11,12,13,14,16,17,19,22,26	11,889	121,267,432,657,
12	38	787	0,1,2,4,5,13,15,17,19,20,23,26	29,474	146,247,259,331,
12	39	854	5,6,7,10,13,14,15,16,19,20,22,25	3,914	471,832,
12	40	825	1,5,9,10,12,14,17,19,20,24,25,26	20,688	75,141,347,707,
12	41	708	2,3,4,6,7,10,12,19,20,24,25,26	7,763	19,113,236,
12	42	889	7,8,9,10,14,16,17,20,22,23,24,25	5,917	87,144,709,
12	43	749	0,3,7,9,13,15,16,18,19,20,22,26	9,908	147,253,586,
12	44	681	0,3,6,11,12,15,18,19,21,22,25,26	19,602	17,24,192,503,
12	45	675	1,4,6,9,13,14,15,16,18,21,22,26	31,606	31,118,291,589,650,
12	46	843	0,1,2,3,6,7,8,12,17,20,21,22	14,811	357,596,661,
12	47	884	0,5,8,9,10,12,13,17,19,20,22,26	8,745	23,289,703,
12	48	853	0,1,3,5,7,11,14,15,17,19,20,21	20,747	273,360,470,683,
12	49	666	1,2,4,6,9,13,17,18,21,24,25,26	33,592	17,118,283,567,580,
12	50	616	0,2,4,7,10,11,13,18,20,22,24,25	7,744	19,457,481,
12	51	848	2,4,5,7,9,13,14,16,17,21,22,25	6,833	20,673,740,
12	52	953	1,5,6,7,8,9,10,11,13,20,22,25	11,883	400,519,562,
12	53	914	1,2,3,5,6,8,12,17,19,20,23,26	14,831	109,166,387,785,
12	54	890	2,3,4,5,6,9,13,14,18,21,22,23	9,707	24,652,711,
12	55	632	0,1,2,6,7,10,11,12,16,20,25,26	15,884	0,107,270,339,
12	56	698	0,2,4,9,10,11,12,19,20,21,23,25	8,718	18,118,491,
12	57	806	2,6,8,10,15,17,18,19,22,23,24,26	7,928	10,271,641,
12	58	959	0,1,2,5,7,8,9,11,14,21,24,26	15,789	169,398,836,896,
12	59	719	3,4,6,9,12,13,14,16,17,20,23,26	9,824	3,113,238,
12	60	869	2,7,8,9,11,12,14,15,16,19,20,22	3,9	27,143,
12	61	784	0,1,2,4,5,6,11,12,13,17,21,26	31,486	128,331,502,687,702,
12	62	886	2,3,5,6,7,11,12,13,18,21,23,25	8,91	108,524,850,
12	63	793	0,3,5,10,11,13,14,16,19,20,25,26	8,745	21,257,636,
12	64	947	0,2,5,8,9,12,17,18,20,22,23,25	4,76	27,673,753,
12	65	923	1,5,7,8,13,15,18,19,20,22,24,25	10,827	390,506,895,
12	66	803	0,1,3,4,8,10,13,14,17,21,23,26	32,54	140,255,341,685,766,
12	67	923	2,3,4,5,8,11,14,19,22,23,24,26	6,917	304,642,736,
12	68	705	0,1,2,7,9,12,16,18,21,22,23,26	15,866	129,305,599,610,
12	69	678	0,1,4,7,9,10,12,13,17,18,23,26	19,797	123,290,573,650,
12	70	861	0,1,4,5,6,7,10,13,16,19,21,23	18,803	50,160,364,853,
12	71	836	1,5,6,7,12,13,14,15,18,21,23,25	11,797	275,356,460,478,
12	72	640	0,1,4,9,10,12,15,16,19,21,24,26	23,537	107,205,274,386,
12	73	753	0,1,5,10,11,13,14,15,19,21,25,26	26,365	116,123,314,674,
12	74	890	0,3,4,6,7,8,9,10,11,21,22,24	8,837	254,517,698,
12	75	714	0,3,4,7,9,10,12,13,17,19,20,22	6,867	270,383,560,
12	76	707	1,2,3,6,10,11,12,17,18,19,21,22	20,672	212,307,562,619,
12	77	824	0,3,8,10,11,12,14,15,17,18,19,26	10,852	22,396,649,
12	78	882	0,5,6,7,9,10,13,15,16,22,23,26	8,846	40,136,155,
12	79	555	2,11,12,14,15,16,17,18,21,22,24,26	14,795	1,39,193,436,
12	80	673	1,2,3,4,7,12,13,14,15,19,21,23	19,611	101,221,292,666,
12	81	896	1,3,6,7,8,9,10,12,19,23,24,25	14,682	103,383,727,
12	82	576	0,1,3,4,7,10,16,20,21,22,24,26	27,29	110,159,261,457,
12	83	770	0,4,6,9,12,13,14,17,18,19,21,22	7,729	19,48,615,
12	84	882	0,3,6,7,8,13,14,15,18,19,22,25	3,914	484,856,
12	85	648	1,4,9,12,15,17,18,19,22,24,25,26	24,465	13,274,277,517,
12	86	939	1,5,6,7,8,10,12,14,17,18,19,24	8,889	106,398,811,
12	87	694	1,3,4,7,9,12,13,14,19,20,25,26	23,489	17,230,300,512,
12	88	644	0,2,4,9,13,15,16,17,18,20,24,26	9,908	121,214,494,
12	89	634	1,2,6,7,10,11,13,14,15,17,25,26	23,429	13,102,113,272,
12	90	898	2,5,6,7,9,11,13,19,21,22,25,26	15,764	17,50,258,405,
12	91	838	0,3,4,5,10,14,17,19,20,22,23,24	5,805	241,593,677,
12	92	855	3,4,6,8,11,13,16,17,18,20,23,24	5,915	137,178,439,595,
12	93	877	0,1,3,4,5,7,11,19,22,23,24,26	23,443	19,374,558,869,
12	94	948	1,2,3,5,7,8,11,14,15,16,21,24	11,808	0,298,392,513,
12	95	890	0,2,3,8,9,14,15,17,18,21,23,24	6,82	253,705,776,
12	96	725	3,7,9,10,13,15,16,19,20,22,24,25	3,9	23,125,
12	97	871	0,1,2,5,7,12,14,18,19,22,23,26	14,831	95,153,370,749,
12	98	891	1,5,6,8,12,13,14,16,18,19,21,24	11,221	54,129,377,
12	99	722	0,3,4,6,9,10,14,18,21,22,25,26	16,518	21,50,242,568,
12	100	844	1,2,5,8,10,12,17,19,20,21,25,26	25,292	47,135,274,352,
14	1	867	0,1,4,5,9,10,11,12,14,15,16,18,23,24	15,162	118,161,372,859,
14	2	803	0,1,3,6,8,10,12,14,16,19,21,22,25,26	31,615	140,342,350,449,706,
14	3	902	2,3,4,5,8,10,12,15,16,17,20,21,23,25	10,843	0,59,92,563,
14	4	875	2,3,4,6,7,8,12,17,18,19,21,22,24,26	14,76	57,293,457,698,
14	5	780	0,1,2,6,8,9,10,13,15,17,20,21,25,26	26,605	134,136,247,326,421,
14	6	783	0,4,5,6,13,14,15,16,17,20,21,22,25,26	21,386	13,17,558,629,
14	7	896	3,4,5,8,10,11,12,14,15,20,21,24,25,26	14,732	1,87,259,294,
14	8	855	1,2,3,6,8,10,11,13,14,15,19,22,23,24	18,626	239,356,545,677,
14	9	892	0,1,3,7,8,9,10,11,12,17,18,20,22,25	18,715	379,488,555,779,
14	10	729	0,4,7,9,10,11,12,15,16,17,18,20,21,23	12,795	1,47,72,569,
14	11	940	0,4,5,6,7,8,10,12,13,17,20,22,23,26	13,677	26,150,314,754,
14	12	929	0,1,3,5,7,8,15,16,19,20,21,24,25,26	25,651	164,172,295,388,509,
14	13	878	0,1,3,4,5,6,9,13,16,18,19,21,25,26	25,586	22,154,288,377,
14	14	879	2,3,4,5,7,9,12,13,16,17,19,20,25,26	7,763	21,132,287,
14	15	862	0,3,4,5,9,11,13,14,15,16,17,18,22,24	4,694	23,243,688,
14	16	703	0,2,3,4,11,12,13,14,15,18,19,20,22,24	8,54	1,103,530,
14	17	820	0,1,3,8,13,14,15,16,18,19,20,22,24,25	10,827	344,451,794,
14	18	861	0,1,2,3,4,5,7,12,14,15,18,20,23,26	22,51	155,369,473,853,
14	19	837	0,3,4,6,7,9,11,12,14,17,19,23,25,26	11,838	145,501,526,
14	20	873	1,2,6,7,8,9,10,11,13,15,17,19,22,24	14,792	152,162,245,363,
14	21	684	2,6,11,12,13,15,16,17,18,19,20,21,22,25	15,438	1,44,303,540,
14	22	911	0,1,2,4,5,6,8,11,13,16,18,19,24,25	13,892	127,172,380,383,
14	23	834	0,3,8,10,11,12,13,14,15,16,18,20,24,26	10,74	22,30,95,
14	24	808	0,1,2,3,4,6,9,11,12,18,19,23,24,26	22,635	1,273,347,645,
14	25	846	4,5,6,11,15,18,19,20,21,22,23,24,25,26	21,382	17,364,610,684,
14	26	969	0,5,6,7,8,9,15,16,18,20,21,24,25,26	8,875	176,318,531,
14	27	849	0,2,3,6,7,9,12,16,18,19,20,23,24,26	6,88	96,153,423,553,
14	28	824	0,2,5,6,11,12,15,16,17,18,21,22,24,26	14,795	1,49,275,659,
14	29	813	0,3,8,10,11,12,13,15,20,21,22,23,25,26	18,473	21,57,383,660,
14	30	889	2,4,5,6,7,12,13,16,18,19,20,21,22,24	6,714	556,575,799,
14	31	791	0,1,2,4,5,9,12,15,16,17,20,21,25,26	37,167	0,15,127,336,559,
14	32	835	0,1,2,4,5,9,10,14,15,17,18,20,22,25	20,777	0,78,355,663,
14	33	518	0,3,4,10,12,13,15,17,20,21,22,24,25,26	23,3	15,18,366,408,
14	34	845	1,4,5,6,9,11,13,15,16,18,21,22,24,26	33,487	148,249,276,357,813,
14	35	963	2,3,5,8,9,12,13,14,16,17,18,19,21,23	8,757	286,686,768,
14	36	719	0,3,6,10,11,12,14,16,17,19,20,21,22,24	9,852	48,545,580,
14	37	837	1,4,5,7,11,12,13,14,16,17,19,22,23,26	24,713	146,351,670,806,
14	38	830	0,1,2,3,4,5,13,15,17,19,20,23,24,26	29,474	157,260,273,351,
14	39	926	5,6,7,8,10,13,14,15,16,19,20,21,22,25	7,943	298,396,508,
14	40	928	1,5,8,9,10,12,14,17,18,19,20,24,25,26	20,688	89,165,392,798,
14	41	717	1,2,3,4,6,7,10,12,17,19,20,24,25,26	23,464	19,114,239,308,
14	42	913	0,6,7,8,9,10,14,16,17,20,22,23,24,25	5,917	90,148,728,
14	43	900	0,3,6,7,8,9,13,15,16,18,19,20,22,26	9,908	174,300,707,
14	44	758	0,3,6,7,10,11,12,15,18,19,21,22,25,26	22,255	70,128,206,256,
14	45	747	1,4,6,9,12,13,14,15,16,18,19,21,22,26	36,392	130,139,321,589,655,
14	46	843	0,1,2,3,4,6,7,8,12,17,20,21,22,26	27,29	149,223,357,661,
14	47	905	0,2,5,8,9,10,11,12,13,17,19,20,22,26	8,745	24,295,716,
14	48	858	0,1,3,5,7,10,11,14,15,17,19,20,21,25	23,502	139,362,769,832,
14	49	850	1,2,4,5,6,9,13,16,17,18,21,24,25,26	33,592	20,148,362,730,744,
14	50	622	0,1,2,4,7,10,11,12,13,18,20,22,24,25	21,901	90,269,371,386,
14	51	858	2,4,5,7,9,11,13,14,16,17,20,21,22,25	12,618	21,608,679,748,
14	52	958	1,5,6,7,8,9,10,11,13,20,21,22,24,25	20,755	310,401,522,565,
14	53	923	0,1,2,3,5,6,8,10,12,17,19,20,23,26	14,831	110,167,390,793,
14	54	896	2,3,4,5,6,9,11,13,14,17,18,21,22,23	9,707	25,656,715,
14	55	749	0,1,2,3,6,7,10,11,12,16,19,20,25,26	22,72	128,319,407,679,
14	56	733	0,2,4,9,10,11,12,18,19,20,21,23,25,26	16,518	19,44,252,577,
14	57	817	2,6,8,10,15,17,18,19,21,22,23,24,25,26	16,666	15,49,78,649,
14	58	962	0,1,2,5,7,8,9,11,12,14,19,21,24,26	19,625	132,169,399,838,
14	59	732	3,4,6,9,10,12,13,14,15,16,17,20,23,26	13,622	114,207,241,388,
14	60	906	2,7,8,9,11,12,14,15,16,17,19,20,22,23	6,859	43,645,719,
14	61	816	0,1,2,4,5,6,11,12,13,17,21,23,24,26	31,503	139,346,525,529,733,
14	62	1000	2,3,5,6,7,8,9,11,12,13,18,21,23,25	10,875	128,331,549,
14	63	834	0,3,5,9,10,11,13,14,16,17,19,20,25,26	8,745	21,274,668,
14	64	963	0,2,3,4,5,8,9,12,17,18,20,22,23,25	7,737	407,650,768,
14	65	941	0,1,5,6,7,8,13,15,18,19,20,22,24,25	10,827	397,517,912,
14	66	822	0,1,3,4,8,10,13,14,16,17,21,22,23,26	32,54	143,262,350,703,785,
14	67	952	2,3,4,5,8,11,14,17,18,19,22,23,24,26	6,917	319,666,762,
14	68	735	0,1,2,3,7,9,12,16,17,18,21,22,23,26	23,611	49,251,320,577,
14	69	781	0,1,3,4,6,7,9,10,12,13,17,18,23,26	24,733	125,138,334,603,
14	70	873	0,1,4,5,6,7,10,13,14,16,17,19,21,23	22,596	21,51,368,704,
14	71	874	1,5,6,7,12,13,14,15,18,19,21,22,23,25	20,747	289,372,482,705,
14	72	649	0,1,4,9,10,12,15,16,19,20,21,24,25,26	28,332	12,16,278,463,
14	73	803	0,1,4,5,10,11,13,14,15,18,19,21,25,26	36,03	105,134,261,339,342,
14	74	897	0,1,3,4,6,7,8,9,10,11,17,21,22,24	23,736	155,377,704,718,
14	75	744	0,3,4,7,9,10,11,12,13,17,19,20,21,22	15,596	92,198,580,
14	76	777	1,2,3,6,9,10,11,12,17,18,19,21,22,24	20,672	227,335,621,683,
14	77	934	0,2,3,5,8,10,11,12,14,15,17,18,19,26	10,852	23,444,736,
14	78	890	0,1,5,6,7,9,10,11,13,15,16,22,23,26	23,689	41,108,156,377,
14	79	665	2,9,11,12,14,15,16,17,18,21,22,24,25,26	17,449	16,44,524,536,
14	80	697	1,2,3,4,7,10,11,12,13,14,15,19,21,23	19,611	103,229,303,690,
14	81	917	1,3,6,7,8,9,10,11,12,16,19,23,24,25	18,635	388,494,500,521,580,
14	82	634	0,1,3,4,7,10,15,16,20,21,22,23,24,26	35,346	108,122,287,414,619,
14	83	781	0,2,4,6,9,12,13,14,17,18,19,21,22,26	16,518	19,48,262,623,
14	84	882	0,3,4,6,7,8,13,14,15,18,19,22,25,26	19,357	21,397,421,694,
14	85	725	1,4,6,9,11,12,15,17,18,19,22,24,25,26	25,627	14,71,306,569,
14	86	946	1,5,6,7,8,10,12,14,17,18,19,20,24,25	13,845	90,402,716,
14	87	752	0,1,3,4,7,9,12,13,14,16,19,20,25,26	24,535	23,131,325,456,
14	88	844	0,2,4,5,9,11,13,15,16,17,18,20,24,26	11,798	17,26,658,
14	89	675	1,2,6,7,10,11,12,13,14,15,17,23,25,26	23,543	15,105,112,291,
14	90	904	2,4,5,6,7,9,11,13,17,19,21,22,25,26	16,518	21,50,298,721,
14	91	839	0,1,3,4,5,10,14,15,17,19,20,22,23,24	20,504	241,359,594,678,
14	92	875	1,3,4,6,8,11,13,14,16,17,18,20,23,24	20,642	374,475,750,837,
14	93	889	0,1,3,4,5,7,11,13,14,19,22,23,24,26	29,488	293,376,712,857,
14	94	965	1,2,3,5,7,8,11,14,15,16,19,21,23,24	19,79	61,269,402,929,
14	95	961	0,2,3,5,8,9,14,15,17,18,21,23,24,26	9,824	172,311,827,
14	96	858	3,7,8,9,10,13,15,16,17,19,20,22,24,25	3,9	27,144,
14	97	878	0,1,2,4,5,7,12,14,18,19,20,22,23,26	21,661	296,373,703,870,
14	98	910	1,2,5,6,8,10,12,13,14,16,18,19,21,24	11,221	54,130,384,
14	99	823	0,3,4,6,7,9,10,14,18,19,21,22,25,26	16,518	22,53,276,657,
14	100	913	1,2,5,8,9,10,12,17,18,19,20,21,25,26	27,363	20,152,245,386,
16	1	871	0,1,4,5,9,10,11,12,14,15,16,18,22,23,24,26	22,669	1,152,373,695,
16	2	878	0,1,3,6,8,9,10,12,14,16,18,19,21,22,25,26	31,615	157,376,384,488,770,
16	3	911	2,3,4,5,8,10,12,15,16,17,20,21,22,23,25,26	22,647	0,60,93,303,728,
16	4	887	0,2,3,4,6,7,8,12,16,17,18,19,21,22,24,26	14,76	57,296,462,708,
16	5	894	0,1,2,6,7,8,9,10,13,15,17,20,21,23,25,26	30,613	160,292,380,484,764,
16	6	794	0,1,4,5,6,11,13,14,15,16,17,20,21,22,25,26	43,102	14,18,338,566,637,
16	7	903	1,3,4,5,8,10,11,12,14,15,20,21,22,24,25,26	40,039	26,262,298,383,606,
16	8	871	0,1,2,3,4,6,8,10,11,13,14,15,19,22,23,24	19,544	26,243,365,690,
16	9	983	0,1,3,5,7,8,9,10,11,12,17,18,19,20,22,25	18,715	416,539,616,861,
16	10	733	0,1,4,7,9,10,11,12,15,16,17,18,20,21,23,25	31,637	1,47,72,315,572,
16	11	945	0,4,5,6,7,8,10,12,13,15,17,20,22,23,24,26	13,683	150,316,497,498,
16	12	953	0,1,2,3,5,7,8,11,15,16,19,20,21,24,25,26	32,393	132,166,300,394,517,
16	13	887	0,1,2,3,4,5,6,9,10,13,16,18,19,21,25,26	25,586	22,156,291,380,
16	14	960	0,2,3,4,5,7,8,9,12,13,16,17,19,20,25,26	9,873	148,314,831,
16	15	905	0,3,4,5,6,9,11,13,14,15,16,17,18,22,23,24	4,694	25,259,724,
16	16	902	0,2,3,4,5,9,11,12,13,14,15,18,19,20,22,24	8,556	1,126,393,
16	17	836	0,1,3,8,10,13,14,15,16,17,18,19,20,22,24,25	18,711	146,352,460,810,
16	18	867	0,1,2,3,4,5,7,11,12,14,15,18,20,23,25,26	35,258	156,373,477,481,859,
16	19	848	0,3,4,6,7,9,11,12,14,15,16,17,19,23,25,26	14,012	19,141,366,687,693,833,
16	20	883	1,2,6,7,8,9,10,11,13,15,16,17,19,21,22,24	20,634	165,366,701,770,
16	21	769	0,2,6,9,11,12,13,15,16,17,18,19,20,21,22,25	15,438	1,47,343,608,
16	22	926	0,1,2,4,5,6,8,10,11,13,14,16,18,19,24,25	13,892	130,176,386,389,
16	23	904	0,3,8,9,10,11,12,13,14,15,16,18,20,23,24,26	10,74	23,33,103,
16	24	819	0,1,2,3,4,6,9,11,12,17,18,19,21,23,24,26	33,514	53,278,352,654,812,
16	25	919	4,5,6,8,10,11,15,18,19,20,21,22,23,24,25,26	21,386	20,26,656,739,
16	26	982	0,5,6,7,8,9,14,15,16,17,18,20,21,24,25,26	15,454	170,178,264,
16	27	957	0,2,3,5,6,7,9,12,14,16,18,19,20,23,24,26	8,85	70,107,172,628,
16	28	856	0,2,4,5,6,11,12,15,16,17,18,19,21,22,24,26	14,795	1,49,286,688,
16	29	827	0,3,8,10,11,12,13,15,17,19,20,21,22,23,25,26	23,349	21,30,138,574,
16	30	889	2,4,5,6,7,12,13,15,16,18,19,20,21,22,24,26	14,654	155,575,799,864,
16	31	831	0,1,2,4,5,9,12,14,15,16,17,20,21,23,25,26	39,521	145,263,270,355,462,
16	32	849	0,1,2,3,4,5,9,10,14,15,17,18,20,21,22,25	28,412	141,362,607,665,
16	33	651	0,3,4,9,10,11,12,13,15,17,20,21,22,24,25,26	23,3	16,20,456,499,
16	34	868	1,4,5,6,9,11,13,15,16,17,18,21,22,23,24,26	38,256	1,153,368,692,780,
16	35	963	2,3,5,8,9,10,12,13,14,15,16,17,18,19,21,23	11,792	153,316,456,
16	36	800	0,3,6,7,10,11,12,14,16,17,18,19,20,21,22,24	9,852	53,604,644,
16	37	840	1,4,5,7,11,12,13,14,16,17,19,21,22,23,25,26	34,536	22,146,353,673,735,
16	38	944	0,1,2,3,4,5,8,13,15,17,18,19,20,23,24,26	32,533	0,149,314,397,754,
16	39	947	5,6,7,8,10,11,13,14,15,16,19,20,21,22,23,25	14,674	93,151,280,635,
16	40	930	1,5,8,9,10,12,14,15,16,17,18,19,20,24,25,26	26,216	150,157,312,392,
16	41	753	1,2,3,4,6,7,10,11,12,17,19,20,22,24,25,26	25,627	16,71,320,591,
16	42	937	0,6,7,8,9,10,13,14,16,17,18,20,22,23,24,25	5,917	91,153,746,
16	43	908	0,2,3,6,7,8,9,13,15,16,18,19,20,22,24,26	9,908	175,301,713,
16	44	773	0,1,2,3,6,7,10,11,12,15,18,19,21,22,25,26	35,512	137,253,330,420,701,
16	45	765	1,4,6,9,10,12,13,14,15,16,18,19,21,22,24,26	36,392	132,143,329,606,672,
16	46	881	0,1,2,3,4,6,7,8,12,17,18,20,21,22,24,26	27,29	160,238,373,692,
16	47	915	0,2,5,8,9,10,11,12,13,15,17,19,20,22,24,26	8,76	19,29,149,
16	48	906	0,1,3,5,7,9,10,11,14,15,17,19,20,21,23,25	26,365	81,153,386,641,
16	49	898	1,2,4,5,6,7,9,10,13,16,17,18,21,24,25,26	33,592	22,158,380,771,785,
16	50	682	0,1,2,3,4,7,10,11,12,13,16,18,20,22,24,25	22,426	107,293,295,319,
16	51	904	2,3,4,5,6,7,9,11,13,14,16,17,20,21,22,25	15,294	22,53,169,568,
16	52	973	1,2,5,6,7,8,9,10,11,13,14,20,21,22,24,25	20,755	314,407,531,575,
16	53	940	0,1,2,3,5,6,8,9,10,12,17,19,20,21,23,26	24,757	111,170,398,808,822,
16	54	900	2,3,4,5,6,9,10,11,13,14,17,18,21,22,23,26	16,518	25,58,301,719,
16	55	869	0,1,2,3,6,7,8,10,11,12,15,16,19,20,25,26	24,303	145,182,284,365,
16	56	907	0,2,4,7,8,9,10,11,12,18,19,20,21,23,25,26	16,518	26,55,306,719,
16	57	873	2,6,8,9,10,15,16,17,18,19,21,22,23,24,25,26	16,666	16,52,83,694,
16	58	962	0,1,2,4,5,7,8,9,11,12,14,15,19,21,24,26	25,576	20,399,501,838,
16	59	749	3,4,6,9,10,11,12,13,14,15,16,17,20,21,23,26	19,594	1,248,466,666,
16	60	989	2,5,7,8,9,11,12,14,15,16,17,18,19,20,22,23	6,859	46,707,789,
16	61	866	0,1,2,4,5,6,9,11,12,13,16,17,21,23,24,26	31,503	150,368,559,563,777,
16	62	1006	2,3,5,6,7,8,9,11,12,13,14,16,18,21,23,25	10,875	129,333,553,
16	63	843	0,2,3,5,9,10,11,13,14,15,16,17,19,20,25,26	8,76	17,26,139,
16	64	971	0,2,3,4,5,8,9,11,12,16,17,18,20,22,23,25	7,856	30,655,773,
16	65	984	0,1,5,6,7,8,9,13,14,15,18,19,20,22,24,25	10,827	415,541,955,
16	66	867	0,1,3,4,8,9,10,12,13,14,16,17,21,22,23,26	32,54	152,276,367,742,830,
16	67	987	1,2,3,4,5,7,8,11,14,17,18,19,22,23,24,26	24,75	180,417,779,789,
16	68	766	0,1,2,3,7,9,10,12,16,17,18,21,22,23,24,26	23,778	87,141,332,654,666,
16	69	845	0,1,3,4,6,7,9,10,12,13,16,17,18,19,23,26	29,399	148,361,544,725,728,
16	70	881	0,1,4,5,6,7,10,11,13,14,16,17,19,21,23,25	22,596	22,52,373,710,
16	71	880	1,4,5,6,7,11,12,13,14,15,18,19,21,22,23,25	31,353	23,255,374,708,773,
16	72	708	0,1,4,6,9,10,12,15,16,17,19,20,21,24,25,26	37,167	0,12,113,302,503,
16	73	817	0,1,4,5,10,11,12,13,14,15,18,19,21,22,25,26	39,211	16,20,47,349,657,
16	74	903	0,1,2,3,4,6,7,8,9,10,11,15,17,21,22,24	24,683	172,258,379,707,
16	75	771	0,3,4,7,9,10,11,12,13,15,17,18,19,20,21,22	17,62	1,49,569,610,
16	76	785	1,2,3,6,9,10,11,12,15,16,17,18,19,21,22,24	20,672	228,336,626,688,
16	77	951	0,2,3,5,6,8,10,11,12,14,15,16,17,18,19,26	10,852	23,455,752,
16	78	900	0,1,5,6,7,9,10,11,13,14,15,16,20,22,23,26	27,655	19,29,111,382,
16	79	742	2,7,9,11,12,14,15,16,17,18,21,22,23,24,25,26	17,449	18,50,587,600,
16	80	895	0,1,2,3,4,7,8,10,11,12,13,14,15,19,21,23	21,711	170,262,380,886,
16	81	924	1,3,6,7,8,9,10,11,12,16,19,21,22,23,24,25	28,567	61,92,391,456,579,
16	82	856	0,1,2,3,4,5,7,10,15,16,20,21,22,23,24,26	35,346	135,152,365,557,834,
16	83	795	0,2,4,6,9,12,13,14,16,17,18,19,21,22,24,26	16,518	19,48,266,636,
16	84	890	0,1,3,4,6,7,8,13,14,15,17,18,19,22,25,26	37,405	170,296,379,529,713,
16	85	900	1,3,4,5,6,9,11,12,15,17,18,19,22,24,25,26	25,627	20,87,386,714,
16	86	958	0,1,5,6,7,8,10,11,12,14,17,18,19,20,24,25	18,715	407,529,603,842,
16	87	880	0,1,2,3,4,7,8,9,12,13,14,16,19,20,25,26	24,535	28,153,371,523,
16	88	847	0,1,2,4,5,9,11,13,15,16,17,18,20,24,25,26	33,266	156,281,356,359,672,
16	89	711	1,2,4,6,7,10,11,12,13,14,15,17,18,23,25,26	34,424	16,21,113,146,308,
16	90	916	0,2,4,5,6,7,9,11,13,17,19,20,21,22,25,26	16,518	21,50,301,729,
16	91	895	0,1,3,4,5,7,10,11,14,15,17,19,20,22,23,24	21,745	382,408,720,874,
16	92	912	1,3,4,6,8,9,10,11,13,14,16,17,18,20,23,24	20,642	387,493,782,874,
16	93	969	0,1,3,4,5,7,8,11,13,14,19,21,22,23,24,26	37,182	29,62,319,406,775,
16	94	976	1,2,3,5,6,7,8,11,12,14,15,16,19,21,23,24	19,79	62,276,410,940,
16	95	972	0,2,3,5,6,8,9,14,15,17,18,19,21,23,24,26	12,819	177,318,777,
16	96	864	2,3,7,8,9,10,13,15,16,17,19,20,22,24,25,26	8,76	18,27,145,
16	97	907	0,1,2,4,5,6,7,12,14,18,19,20,21,22,23,26	32,484	160,386,637,728,795,
16	98	920	0,1,2,5,6,8,10,12,13,14,16,18,19,21,24,26	19,625	130,164,386,808,
16	99	833	0,2,3,4,6,7,9,10,14,15,18,19,21,22,25,26	19,616	18,79,244,655,
16	100	943	1,2,5,6,8,9,10,12,14,17,18,19,20,21,25,26	29,206	162,170,256,400,
18	1	908	0,1,2,4,5,7,9,10,11,12,14,15,16,18,22,23,24,26	26,475	163,388,455,634,
18	2	884	0,1,3,6,8,9,10,12,14,15,16,18,19,21,22,24,25,26	32,518	157,289,378,386,492,
18	3	945	1,2,3,4,5,8,10,12,15,16,17,18,20,21,22,23,25,26	44,97	29,312,319,404,755,
18	4	891	0,2,3,4,6,7,8,10,12,15,16,17,18,19,21,22,24,26	18,583	20,57,473,702,
18	5	920	0,1,2,6,7,8,9,10,13,14,15,17,20,21,22,23,25,26	30,613	166,301,392,503,788,
18	6	854	0,1,2,4,5,6,9,11,13,14,15,16,17,20,21,22,25,26	43,102	15,19,361,607,678,
18	7	934	1,3,4,5,8,10,11,12,14,15,18,19,20,21,22,24,25,26	41,069	60,159,314,400,741,
18	8	897	0,1,2,3,4,6,8,9,10,11,13,14,15,19,22,23,24,26	33,266	168,291,371,374,710,
18	9	1003	0,1,3,5,7,8,9,10,11,12,17,18,19,20,22,23,24,25	19,814	111,425,552,802,
18	10	928	0,1,4,6,7,8,9,10,11,12,15,16,17,18,20,21,23,25	31,637	1,57,89,393,738,
18	11	959	0,2,4,5,6,7,8,10,12,13,15,17,19,20,22,23,24,26	13,683	151,317,501,502,
18	12	978	0,1,2,3,5,6,7,8,9,11,15,16,19,20,21,24,25,26	32,393	136,174,314,410,535,
18	13	894	0,1,2,3,4,5,6,9,10,13,16,18,19,20,21,24,25,26	35,541	158,293,382,475,497,
18	14	961	0,2,3,4,5,7,8,9,10,12,13,15,16,17,19,20,25,26	12,764	0,89,149,315,
18	15	939	0,3,4,5,6,7,9,11,13,14,15,16,17,18,20,22,23,24	9,736	148,268,661,752,
18	16	905	0,1,2,3,4,5,9,11,12,13,14,15,17,18,19,20,22,24	21,665	1,347,386,725,
18	17	884	0,1,3,6,8,9,10,13,14,15,16,17,18,19,20,22,24,25	18,711	158,372,485,858,
18	18	931	0,1,2,3,4,5,6,7,9,11,12,14,15,18,20,23,25,26	35,258	166,400,515,519,923,
18	19	854	0,3,4,6,7,9,11,12,13,14,15,16,17,19,21,23,25,26	22,612	19,132,250,738,
18	20	914	1,2,6,7,8,9,10,11,13,15,16,17,19,21,22,23,24,25	29,615	97,294,382,494,727,
18	21	803	0,2,4,6,9,11,12,13,14,15,16,17,18,19,20,21,22,25	15,438	1,49,365,638,
18	22	952	0,1,2,4,5,6,8,9,10,11,13,14,16,18,19,24,25,26	20,476	134,170,398,401,
18	23	940	0,1,3,7,8,9,10,11,12,13,14,15,16,18,20,23,24,26	24,563	122,170,400,509,
18	24	828	0,1,2,3,4,6,9,11,12,16,17,18,19,21,23,24,25,26	35,213	53,281,352,355,661,
18	25	943	2,4,5,6,8,10,11,14,15,18,19,20,21,22,23,24,25,26	21,386	20,26,673,756,
18	26	986	0,5,6,7,8,9,11,14,15,16,17,18,19,20,21,24,25,26	15,454	171,179,265,
18	27	1012	0,2,3,5,6,7,8,9,11,12,14,16,18,19,20,23,24,26	10,835	166,214,341,897,
18	28	904	0,2,4,5,6,7,11,12,14,15,16,17,18,19,21,22,24,26	14,795	1,51,300,726,
18	29	842	0,2,3,4,8,10,11,12,13,15,17,19,20,21,22,23,25,26	24,263	27,58,281,300,666,
18	30	902	2,4,5,6,7,11,12,13,14,15,16,18,19,20,21,22,24,26	21,719	1,52,140,299,723,
18	31	874	0,1,2,4,5,6,9,11,12,14,15,16,17,20,21,23,25,26	42,974	146,153,375,624,866,
18	32	953	0,1,2,3,4,5,8,9,10,13,14,15,17,18,20,21,22,25	36,184	26,269,400,675,759,
18	33	664	0,1,2,3,4,9,10,11,12,13,15,17,20,21,22,24,25,26	42,408	16,65,281,508,591,
18	34	899	1,4,5,6,9,10,11,13,15,16,17,18,19,21,22,23,24,26	38,256	1,158,382,722,810,
18	35	969	2,3,4,5,8,9,10,11,12,13,14,15,16,17,18,19,21,23	12,489	30,61,279,773,
18	36	987	0,3,5,6,7,8,10,11,12,14,16,17,18,19,20,21,22,24	9,852	61,749,793,
18	37	880	1,2,4,5,7,11,12,13,14,16,17,19,21,22,23,24,25,26	34,536	22,152,369,704,771,
18	38	955	0,1,2,3,4,5,8,12,13,15,17,18,19,20,22,23,24,26	32,533	0,151,319,404,763,
18	39	950	5,6,7,8,10,11,13,14,15,16,17,19,20,21,22,23,25,26	21,733	171,311,522,763,
18	40	942	1,5,6,8,9,10,12,13,14,15,16,17,18,19,20,24,25,26	28,412	162,170,399,520,
18	41	763	1,2,3,4,6,7,10,11,12,13,17,19,20,21,22,24,25,26	37,182	20,49,253,323,607,
18	42	1001	0,1,5,6,7,8,9,10,13,14,16,17,18,20,22,23,24,25	17,859	423,550,775,862,
18	43	945	0,2,3,6,7,8,9,13,15,16,18,19,20,21,22,23,24,26	16,845	60,184,316,753,
18	44	834	0,1,2,3,6,7,9,10,11,12,15,18,19,21,22,24,25,26	35,512	149,271,356,459,758,
18	45	866	1,4,6,8,9,10,12,13,14,15,16,18,19,20,21,22,24,26	36,393	154,368,759,830,840,
18	46	899	0,1,2,3,4,6,7,8,11,12,13,17,18,20,21,22,24,26	37,182	26,58,299,379,713,
18	47	951	0,2,3,5,8,9,10,11,12,13,15,17,19,20,22,23,24,26	12,789	23,72,441,
18	48	911	0,1,3,4,5,7,9,10,11,13,14,15,17,19,20,21,23,25	36,316	153,386,411,734,903,
18	49	974	1,2,4,5,6,7,8,9,10,12,13,16,17,18,21,24,25,26	33,592	26,176,412,837,851,
18	50	744	0,1,2,3,4,6,7,10,11,12,13,16,18,20,21,22,24,25	33,799	112,197,314,316,416,
18	51	930	2,3,4,5,6,7,9,11,13,14,15,16,17,19,20,21,22,25	17,478	1,154,711,836,
18	52	986	1,2,5,6,7,8,9,10,11,13,14,16,20,21,22,23,24,25	20,755	322,415,540,586,
18	53	953	0,1,2,3,5,6,8,9,10,12,13,14,17,19,20,21,23,26	29,568	112,172,401,820,853,
18	54	908	0,2,3,4,5,6,9,10,11,13,14,17,18,21,22,23,25,26	16,518	25,58,303,724,
18	55	892	0,1,2,3,6,7,8,10,11,12,14,15,16,19,20,21,25,26	32,393	125,156,283,375,486,
18	56	915	0,2,4,7,8,9,10,11,12,17,18,19,20,21,22,23,25,26	16,518	26,56,308,725,
18	57	886	2,4,6,8,9,10,12,15,16,17,18,19,21,22,23,24,25,26	18,428	18,24,54,706,
18	58	985	0,1,2,4,5,6,7,8,9,11,12,14,15,19,21,23,24,26	34,402	1,175,178,414,860,
18	59	882	0,3,4,5,6,9,10,11,12,13,14,15,16,17,20,21,23,26	20,582	1,292,706,792,
18	60	994	2,5,7,8,9,11,12,14,15,16,17,18,19,20,22,23,24,26	12,845	1,335,794,937,
18	61	945	0,1,2,4,5,6,8,9,11,12,13,16,17,20,21,23,24,26	35,3	150,315,399,658,760,
18	62	1010	2,3,5,6,7,8,9,11,12,13,14,15,16,18,21,22,23,25	12,489	30,64,293,808,
18	63	909	0,2,3,4,5,7,9,10,11,13,14,15,16,17,19,20,25,26	14,321	18,150,384,407,747,893,
18	64	971	0,2,3,4,5,8,9,11,12,15,16,17,18,20,22,23,25,26	14,536	30,326,347,773,
18	65	998	0,1,3,5,6,7,8,9,13,14,15,18,19,20,21,22,24,25	17,764	325,422,430,550,
18	66	885	0,1,3,4,8,9,10,11,12,13,14,16,17,19,21,22,23,26	37,182	28,59,289,373,703,
18	67	1002	0,1,2,3,4,5,6,7,8,11,14,17,18,19,22,23,24,26	24,75	183,423,792,802,
18	68	831	0,1,2,3,6,7,9,10,12,14,16,17,18,21,22,23,24,26	23,778	94,149,359,709,722,
18	69	954	0,1,2,3,4,5,6,7,9,10,12,13,16,17,18,19,23,26	29,399	169,407,620,822,825,
18	70	898	0,1,4,5,6,7,10,11,13,14,15,16,17,18,19,21,23,25	31,312	140,150,214,384,
18	71	941	0,1,4,5,6,7,9,11,12,13,14,15,18,19,21,22,23,25	31,353	25,270,401,754,825,
18	72	795	0,1,4,6,7,9,10,11,12,15,16,17,19,20,21,24,25,26	37,167	1,14,129,335,563,
18	73	865	0,1,3,4,5,10,11,12,13,14,15,18,19,21,22,24,25,26	41,376	23,146,280,369,696,
18	74	925	0,1,2,3,4,6,7,8,9,10,11,15,17,18,21,22,24,25	31,353	26,262,391,735,807,
18	75	800	0,1,3,4,7,9,10,11,12,13,15,17,18,19,20,21,22,23	34,553	264,303,342,362,634,
18	76	907	1,2,3,5,6,9,10,11,12,15,16,17,18,19,20,21,22,24	24,534	56,337,388,882,
18	77	971	0,2,3,5,6,8,10,11,12,13,14,15,16,17,18,19,23,26	12,867	17,328,695,777,
18	78	905	0,1,5,6,7,9,10,11,13,14,15,16,17,20,22,23,25,26	32,355	159,385,497,501,777,
18	79	760	2,7,9,10,11,12,14,15,16,17,18,20,21,22,23,24,25,26	22,647	1,52,76,261,601,
18	80	982	0,1,2,3,4,5,6,7,8,10,11,12,13,14,15,19,21,23	21,711	189,288,412,972,
18	81	926	1,3,6,7,8,9,10,11,12,15,16,19,20,21,22,23,24,25	29,615	103,301,392,506,739,
18	82	965	0,1,2,3,4,5,7,8,10,13,15,16,20,21,22,23,24,26	37,258	173,404,864,936,955,
18	83	912	0,2,4,5,6,9,11,12,13,14,16,17,18,19,21,22,24,26	16,518	22,53,304,731,
18	84	909	0,1,2,3,4,6,7,8,11,13,14,15,17,18,19,22,25,26	37,405	173,301,384,537,722,
18	85	941	1,3,4,5,6,7,9,11,12,13,15,17,18,19,22,24,25,26	35,259	20,61,399,425,745,
18	86	972	0,1,2,5,6,7,8,10,11,12,14,17,18,19,20,22,24,25	18,715	410,535,611,854,
18	87	914	0,1,2,3,4,7,8,9,12,13,14,16,17,18,19,20,25,26	32,393	147,304,386,389,728,
18	88	867	0,1,2,4,5,9,10,11,13,15,16,17,18,20,23,24,25,26	33,266	161,290,365,368,688,
18	89	924	1,2,4,6,7,8,9,10,11,12,13,14,15,17,18,23,25,26	34,424	21,27,153,193,394,
18	90	940	0,2,4,5,6,7,9,11,13,17,18,19,20,21,22,24,25,26	16,518	23,53,314,752,
18	91	915	0,1,3,4,5,7,10,11,13,14,15,17,18,19,20,22,23,24	25,412	392,504,736,883,
18	92	918	1,3,4,6,8,9,10,11,13,14,16,17,18,20,21,23,24,25	35,265	294,302,390,497,503,
18	93	992	0,1,3,4,5,7,8,9,11,13,14,17,19,21,22,23,24,26	37,182	29,62,326,415,792,
18	94	976	1,2,3,4,5,6,7,8,11,12,14,15,16,19,21,23,24,26	34,48	1,62,324,410,780,
18	95	978	0,2,3,5,6,8,9,11,14,15,17,18,19,21,23,24,25,26	18,532	62,170,328,781,
18	96	915	2,3,7,8,9,10,13,14,15,16,17,18,19,20,22,24,25,26	16,681	149,157,304,730,
18	97	944	0,1,2,4,5,6,7,9,12,14,15,18,19,20,21,22,23,26	34,48	0,56,319,404,756,
18	98	929	0,1,2,4,5,6,8,10,12,13,14,16,18,19,21,22,24,26	30,36	165,392,541,603,817,
18	99	928	0,2,3,4,6,7,8,9,10,14,15,18,19,21,22,24,25,26	19,616	21,89,270,729,
18	100	962	1,2,5,6,8,9,10,12,14,16,17,18,19,20,21,23,25,26	32,535	95,176,410,828,842,
20	1	914	0,1,2,4,5,7,9,10,11,12,13,14,15,16,18,20,22,23,24,26	33,535	174,307,389,727,906,
20	2	962	0,1,3,5,6,8,9,10,12,13,14,15,16,18,19,21,22,24,25,26	32,518	173,316,409,417,535,
20	3	950	1,2,3,4,5,8,10,11,12,15,16,17,18,19,20,21,22,23,25,26	44,97	30,314,321,406,758,
20	4	985	0,2,3,4,5,6,7,8,10,12,13,15,16,17,18,19,21,22,24,26	22,616	22,516,775,883,
20	5	1002	0,1,2,5,6,7,8,9,10,13,14,15,17,18,20,21,22,23,25,26	30,613	183,330,424,549,862,
20	6	899	0,1,2,4,5,6,9,11,13,14,15,16,17,19,20,21,22,23,25,26	43,102	17,22,383,644,718,
20	7	950	0,1,2,3,4,5,8,10,11,12,14,15,18,19,20,21,22,24,25,26	41,345	23,93,278,402,749,
20	8	924	0,1,2,3,4,6,8,9,10,11,13,14,15,18,19,20,22,23,24,26	33,266	176,306,386,389,733,
20	9	1003	0,1,3,5,7,8,9,10,11,12,17,18,19,20,21,22,23,24,25,26	34,468	63,99,337,425,802,
20	10	945	0,1,2,4,6,7,8,9,10,11,12,14,15,16,17,18,20,21,23,25	31,637	1,59,91,403,752,
20	11	983	0,2,4,5,6,7,8,9,10,12,13,15,16,17,19,20,22,23,24,26	13,683	157,328,514,515,
20	12	995	0,1,2,3,5,6,7,8,9,11,13,15,16,19,20,21,23,24,25,26	35,558	177,180,323,419,545,
20	13	961	0,1,2,3,4,5,6,8,9,10,13,14,16,18,19,20,21,24,25,26	35,541	173,312,405,507,530,
20	14	971	0,1,2,3,4,5,7,8,9,10,12,13,14,15,16,17,19,20,25,26	34,107	162,228,316,404,
20	15	968	0,2,3,4,5,6,7,9,11,13,14,15,16,17,18,19,20,22,23,24	9,736	155,279,684,778,
20	16	977	0,1,2,3,4,5,6,8,9,11,12,13,14,15,17,18,19,20,22,24	21,665	1,376,415,782,
20	17	895	0,1,3,4,6,8,9,10,12,13,14,15,16,17,18,19,20,22,24,25	23,673	170,381,495,705,
20	18	935	0,1,2,3,4,5,6,7,9,11,12,14,15,17,18,20,21,23,25,26	42,157	21,401,671,737,764,
20	19	866	0,3,4,6,7,9,11,12,13,14,15,16,17,19,21,22,23,24,25,26	24,263	24,56,288,310,692,
20	20	985	1,2,5,6,7,8,9,10,11,13,15,16,17,19,20,21,22,23,24,25	29,615	107,321,413,537,785,
20	21	837	0,2,4,6,9,11,12,13,14,15,16,17,18,19,20,21,22,23,25,26	21,386	17,22,592,666,
20	22	959	0,1,2,4,5,6,8,9,10,11,13,14,16,17,18,19,22,24,25,26	23,692	25,171,404,766,
20	23	943	0,1,3,4,7,8,9,10,11,12,13,14,15,16,18,20,21,23,24,26	36,081	155,171,401,511,904,
20	24	837	0,1,2,3,4,6,9,10,11,12,15,16,17,18,19,21,23,24,25,26	38,376	147,276,358,498,543,
20	25	950	2,4,5,6,8,10,11,12,14,15,17,18,19,20,21,22,23,24,25,26	21,386	21,27,680,763,
20	26	992	0,1,2,5,6,7,8,9,11,14,15,16,17,18,19,20,21,24,25,26	29,206	172,180,266,419,
20	27	1012	0,2,3,5,6,7,8,9,10,11,12,14,15,16,18,19,20,23,24,26	14,69	1,341,810,933,
20	28	906	0,1,2,4,5,6,7,11,12,14,15,16,17,18,19,21,22,24,25,26	38,136	17,51,380,383,728,
20	29	947	0,2,3,4,5,6,8,10,11,12,13,15,17,19,20,21,22,23,25,26	24,263	29,63,317,337,756,
20	30	928	2,3,4,5,6,7,11,12,13,14,15,16,17,18,19,20,21,22,24,26	21,719	1,56,145,309,744,
20	31	882	0,1,2,4,5,6,9,11,12,13,14,15,16,17,20,21,22,23,25,26	43,102	18,23,377,628,702,
20	32	993	0,1,2,3,4,5,7,8,9,10,11,13,14,15,17,18,20,21,22,25	36,334	28,418,791,868,963,
20	33	857	0,1,2,3,4,8,9,10,11,12,13,14,15,17,20,21,22,24,25,26	44,97	25,270,277,361,679,
20	34	954	1,4,5,6,8,9,10,11,13,15,16,17,18,19,21,22,23,24,25,26	39,211	21,27,59,404,763,
20	35	970	1,2,3,4,5,8,9,10,11,12,13,14,15,16,17,18,19,21,23,25	25,609	30,319,413,774,
20	36	1004	0,3,5,6,7,8,9,10,11,12,14,16,17,18,19,20,21,22,24,25	14,765	66,97,297,794,
20	37	891	0,1,2,4,5,7,11,12,13,14,15,16,17,19,21,22,23,24,25,26	39,211	17,22,52,373,712,
20	38	965	0,1,2,3,4,5,8,12,13,14,15,17,18,19,20,21,22,23,24,26	40,226	0,321,407,772,866,
20	39	959	0,5,6,7,8,10,11,12,13,14,15,16,17,19,20,21,22,23,25,26	24,263	27,59,322,343,770,
20	40	983	1,5,6,7,8,9,10,11,12,13,14,15,16,17,18,19,20,24,25,26	28,412	171,179,417,540,
20	41	799	1,2,3,4,6,7,10,11,12,13,15,17,19,20,21,22,23,24,25,26	48,977	55,155,270,339,342,637,
20	42	1014	0,1,3,5,6,7,8,9,10,13,14,16,17,18,20,22,23,24,25,26	28,748	116,185,430,559,875,
20	43	1008	0,2,3,5,6,7,8,9,10,13,15,16,18,19,20,21,22,23,24,26	16,845	63,198,339,806,
20	44	839	0,1,2,3,4,6,7,9,10,11,12,15,18,19,20,21,22,24,25,26	37,455	18,53,79,358,659,
20	45	890	1,2,3,4,6,8,9,10,12,13,14,15,16,18,19,20,21,22,24,26	36,393	159,379,781,853,863,
20	46	930	0,1,2,3,4,6,7,8,9,11,12,13,17,18,19,20,21,22,24,26	37,182	26,59,309,392,739,
20	47	961	0,2,3,5,8,9,10,11,12,13,14,15,17,19,20,22,23,24,25,26	14,469	23,34,163,783,
20	48	940	0,1,3,4,5,6,7,9,10,11,13,14,15,17,19,20,21,23,25,26	48,918	57,178,312,397,400,595,
20	49	982	0,1,2,4,5,6,7,8,9,10,12,13,15,16,17,18,21,24,25,26	37,18	176,321,342,410,413,
20	50	758	0,1,2,3,4,6,7,10,11,12,13,15,16,17,18,20,21,22,24,25	37,048	1,129,201,321,423,
20	51	950	2,3,4,5,6,7,9,11,13,14,15,16,17,19,20,21,22,23,24,25	17,781	309,526,763,915,
20	52	987	1,2,5,6,7,8,9,10,11,12,13,14,15,16,20,21,22,23,24,25	20,755	323,416,541,587,
20	53	986	0,1,2,3,5,6,8,9,10,12,13,14,17,18,19,20,21,22,23,26	29,568	115,179,419,851,885,
20	54	987	0,2,3,4,5,6,8,9,10,11,13,14,17,18,20,21,22,23,25,26	16,518	29,63,332,788,
20	55	895	0,1,2,3,4,6,7,8,10,11,12,13,14,15,16,19,20,21,25,26	39,173	25,156,376,482,780,
20	56	932	0,2,3,4,7,8,9,10,11,12,15,17,18,19,20,21,22,23,25,26	22,647	1,60,91,314,740,
20	57	910	2,3,4,6,8,9,10,12,15,16,17,18,19,20,21,22,23,24,25,26	22,647	0,59,90,307,726,
20	58	1002	0,1,2,3,4,5,6,7,8,9,11,12,14,15,19,21,22,23,24,26	34,48	1,63,333,422,800,
20	59	919	0,3,4,5,6,7,9,10,11,12,13,14,15,16,17,20,21,23,25,26	23,615	1,89,141,267,304,
20	60	997	2,5,7,8,9,11,12,13,14,15,16,17,18,19,20,22,23,24,25,26	18,527	29,47,336,796,
20	61	988	0,1,2,4,5,6,7,8,9,11,12,13,16,17,20,21,22,23,24,26	37,182	28,60,330,415,787,
20	62	1010	2,3,4,5,6,7,8,9,10,11,12,13,14,15,16,18,21,22,23,25	12,489	30,64,293,808,
20	63	927	0,2,3,4,5,7,9,10,11,13,14,15,16,17,18,19,20,21,25,26	24,263	24,53,309,329,741,
20	64	977	0,1,2,3,4,5,8,9,11,12,15,16,17,18,20,22,23,24,25,26	33,266	187,327,411,414,779,
20	65	999	0,1,3,4,5,6,7,8,9,12,13,14,15,18,19,20,21,22,24,25	28,64	326,423,431,551,959,
20	66	932	0,1,3,4,7,8,9,10,11,12,13,14,16,17,19,20,21,22,23,26	37,182	28,60,308,394,742,
20	67	1003	0,1,2,3,4,5,6,7,8,11,14,17,18,19,20,21,22,23,24,26	33,514	64,337,424,803,993,
20	68	960	0,1,2,3,6,7,8,9,10,12,14,15,16,17,18,21,22,23,24,26	28,567	174,314,408,473,823,
20	69	958	0,1,2,3,4,5,6,7,9,10,12,13,16,17,18,19,21,22,23,26	37,182	25,58,322,409,768,
20	70	968	0,1,4,5,6,7,8,10,11,13,14,15,16,17,18,19,21,22,23,25	31,353	28,281,411,778,850,
20	71	949	0,1,2,4,5,6,7,9,10,11,12,13,14,15,18,19,21,22,23,25	31,353	25,273,405,760,832,
20	72	834	0,1,3,4,6,7,9,10,11,12,14,15,16,17,19,20,21,24,25,26	38,951	49,137,275,357,444,
20	73	915	0,1,3,4,5,7,10,11,12,13,14,15,18,19,21,22,23,24,25,26	48,977	57,172,306,387,390,735,
20	74	951	0,1,2,3,4,6,7,8,9,10,11,15,17,18,21,22,23,24,25,26	40,348	173,311,403,563,756,
20	75	933	0,1,2,3,4,7,8,9,10,11,12,13,15,17,18,19,20,21,22,23	34,553	305,354,395,417,740,
20	76	927	1,2,3,5,6,9,10,11,12,15,16,17,18,19,20,21,22,23,24,25	29,615	103,310,398,515,745,
20	77	974	0,2,3,4,5,6,8,10,11,12,13,14,15,16,17,18,19,23,25,26	14,681	17,30,329,780,
20	78	921	0,1,3,5,6,7,9,10,11,12,13,14,15,16,17,20,22,23,25,26	32,355	161,393,507,511,792,
20	79	929	2,5,6,7,9,10,11,12,14,15,16,17,18,20,21,22,23,24,25,26	22,647	1,57,89,314,744,
20	80	1000	0,1,2,3,4,5,6,7,8,9,10,11,12,13,14,15,19,21,22,23	31,353	29,284,421,797,874,
20	81	1003	1,3,5,6,7,8,9,10,11,12,15,16,18,19,20,21,22,23,24,25	29,615	113,333,428,555,805,
20	82	976	0,1,2,3,4,5,7,8,10,12,13,14,15,16,20,21,22,23,24,26	38,235	33,175,312,408,966,
20	83	931	0,2,4,5,6,9,10,11,12,13,14,16,17,18,19,21,22,23,24,26	16,518	24,56,313,747,
20	84	912	0,1,2,3,4,6,7,8,10,11,12,13,14,15,17,18,19,22,25,26	37,405	173,303,387,540,725,
20	85	946	1,3,4,5,6,7,9,10,11,12,13,15,17,18,19,20,22,24,25,26	37,405	181,316,402,567,761,
20	86	972	0,1,2,5,6,7,8,10,11,12,14,16,17,18,19,20,22,24,25,26	22,792	175,410,535,779,
20	87	999	0,1,2,3,4,5,6,7,8,9,12,13,14,16,17,18,19,20,25,26	32,393	161,335,420,423,799,
20	88	875	0,1,2,4,5,9,10,11,12,13,15,16,17,18,20,21,23,24,25,26	42,688	19,133,231,369,372,
20	89	934	1,2,4,6,7,8,9,10,11,12,13,14,15,17,18,22,23,24,25,26	36,406	21,27,154,397,743,
20	90	955	0,2,4,5,6,7,9,11,12,13,17,18,19,20,21,22,23,24,25,26	16,518	25,56,322,765,
20	91	991	0,1,3,4,5,7,8,10,11,13,14,15,16,17,18,19,20,22,23,24	25,412	419,540,795,951,
20	92	956	1,3,4,6,7,8,9,10,11,13,14,16,17,18,20,21,22,23,24,25	35,433	29,63,406,647,763,
20	93	1001	0,1,3,4,5,6,7,8,9,11,13,14,15,17,19,21,22,23,24,26	38,47	180,324,421,801,961,
20	94	984	0,1,2,3,4,5,6,7,8,10,11,12,14,15,16,19,21,23,24,26	35,318	141,177,317,413,974,
20	95	1016	0,2,3,5,6,7,8,9,11,13,14,15,17,18,19,21,23,24,25,26	21,733	185,333,558,813,
20	96	923	0,2,3,7,8,9,10,12,13,14,15,16,17,18,19,20,22,24,25,26	17,545	21,31,157,265,
20	97	952	0,1,2,4,5,6,7,9,10,12,14,15,18,19,20,21,22,23,24,26	38,961	171,257,406,623,669,
20	98	935	0,1,2,4,5,6,8,10,11,12,13,14,15,16,18,19,21,22,24,26	38,145	1,20,30,249,395,
20	99	936	0,2,3,4,6,7,8,9,10,13,14,15,17,18,19,21,22,24,25,26	24,263	26,59,311,333,746,
20	100	992	1,2,4,5,6,7,8,9,10,12,14,16,17,18,19,20,21,23,25,26	37,182	28,60,339,423,794,