m	required skills	qno	seed	optimum
14	0,1,4,5,9,10,11,12,14,15,16,18,23,24	867	1	15.162
14	0,1,3,6,8,10,12,14,16,19,21,22,25,26	803	2	31.615
14	2,3,4,5,8,10,12,15,16,17,20,21,23,25	902	3	10.843
14	2,3,4,6,7,8,12,17,18,19,21,22,24,26	875	4	14.76
14	0,1,2,6,8,9,10,13,15,17,20,21,25,26	780	5	26.605
14	0,4,5,6,13,14,15,16,17,20,21,22,25,26	783	6	21.386
14	3,4,5,8,10,11,12,14,15,20,21,24,25,26	896	7	14.732
14	1,2,3,6,8,10,11,13,14,15,19,22,23,24	855	8	18.626
14	0,1,3,7,8,9,10,11,12,17,18,20,22,25	892	9	18.715
14	0,4,7,9,10,11,12,15,16,17,18,20,21,23	729	10	12.795
14	0,4,5,6,7,8,10,12,13,17,20,22,23,26	940	11	13.677
14	0,1,3,5,7,8,15,16,19,20,21,24,25,26	929	12	25.651
14	0,1,3,4,5,6,9,13,16,18,19,21,25,26	878	13	25.586
14	2,3,4,5,7,9,12,13,16,17,19,20,25,26	879	14	7.763
14	0,3,4,5,9,11,13,14,15,16,17,18,22,24	862	15	4.694
14	0,2,3,4,11,12,13,14,15,18,19,20,22,24	703	16	8.54
14	0,1,3,8,13,14,15,16,18,19,20,22,24,25	820	17	10.827
14	0,1,2,3,4,5,7,12,14,15,18,20,23,26	861	18	22.51
14	0,3,4,6,7,9,11,12,14,17,19,23,25,26	837	19	11.838
14	1,2,6,7,8,9,10,11,13,15,17,19,22,24	873	20	14.792
14	2,6,11,12,13,15,16,17,18,19,20,21,22,25	684	21	15.438
14	0,1,2,4,5,6,8,11,13,16,18,19,24,25	911	22	13.892
14	0,3,8,10,11,12,13,14,15,16,18,20,24,26	834	23	10.74
14	0,1,2,3,4,6,9,11,12,18,19,23,24,26	808	24	22.635
14	4,5,6,11,15,18,19,20,21,22,23,24,25,26	846	25	21.382
14	0,5,6,7,8,9,15,16,18,20,21,24,25,26	969	26	8.875
14	0,2,3,6,7,9,12,16,18,19,20,23,24,26	849	27	6.88
14	0,2,5,6,11,12,15,16,17,18,21,22,24,26	824	28	14.795
14	0,3,8,10,11,12,13,15,20,21,22,23,25,26	813	29	18.473
14	2,4,5,6,7,12,13,16,18,19,20,21,22,24	889	30	6.714
14	0,1,2,4,5,9,12,15,16,17,20,21,25,26	791	31	37.167
14	0,1,2,4,5,9,10,14,15,17,18,20,22,25	835	32	20.777
14	0,3,4,10,12,13,15,17,20,21,22,24,25,26	518	33	23.3
14	1,4,5,6,9,11,13,15,16,18,21,22,24,26	845	34	33.487
14	2,3,5,8,9,12,13,14,16,17,18,19,21,23	963	35	8.757
14	0,3,6,10,11,12,14,16,17,19,20,21,22,24	719	36	9.852
14	1,4,5,7,11,12,13,14,16,17,19,22,23,26	837	37	24.713
14	0,1,2,3,4,5,13,15,17,19,20,23,24,26	830	38	29.474
14	5,6,7,8,10,13,14,15,16,19,20,21,22,25	926	39	7.943
14	1,5,8,9,10,12,14,17,18,19,20,24,25,26	928	40	20.688
14	1,2,3,4,6,7,10,12,17,19,20,24,25,26	717	41	23.464
14	0,6,7,8,9,10,14,16,17,20,22,23,24,25	913	42	5.917
14	0,3,6,7,8,9,13,15,16,18,19,20,22,26	900	43	9.908
14	0,3,6,7,10,11,12,15,18,19,21,22,25,26	758	44	22.255
14	1,4,6,9,12,13,14,15,16,18,19,21,22,26	747	45	36.392
14	0,1,2,3,4,6,7,8,12,17,20,21,22,26	843	46	27.29
14	0,2,5,8,9,10,11,12,13,17,19,20,22,26	905	47	8.745
14	0,1,3,5,7,10,11,14,15,17,19,20,21,25	858	48	23.502
14	1,2,4,5,6,9,13,16,17,18,21,24,25,26	850	49	33.592
14	0,1,2,4,7,10,11,12,13,18,20,22,24,25	622	50	21.901
14	2,4,5,7,9,11,13,14,16,17,20,21,22,25	858	51	12.618
14	1,5,6,7,8,9,10,11,13,20,21,22,24,25	958	52	20.755
14	0,1,2,3,5,6,8,10,12,17,19,20,23,26	923	53	14.831
14	2,3,4,5,6,9,11,13,14,17,18,21,22,23	896	54	9.707
14	0,1,2,3,6,7,10,11,12,16,19,20,25,26	749	55	22.72
14	0,2,4,9,10,11,12,18,19,20,21,23,25,26	733	56	16.518
14	2,6,8,10,15,17,18,19,21,22,23,24,25,26	817	57	16.666
14	0,1,2,5,7,8,9,11,12,14,19,21,24,26	962	58	19.625
14	3,4,6,9,10,12,13,14,15,16,17,20,23,26	732	59	13.622
14	2,7,8,9,11,12,14,15,16,17,19,20,22,23	906	60	6.859
14	0,1,2,4,5,6,11,12,13,17,21,23,24,26	816	61	31.503
14	2,3,5,6,7,8,9,11,12,13,18,21,23,25	1000	62	10.875
14	0,3,5,9,10,11,13,14,16,17,19,20,25,26	834	63	8.745
14	0,2,3,4,5,8,9,12,17,18,20,22,23,25	963	64	7.737
14	0,1,5,6,7,8,13,15,18,19,20,22,24,25	941	65	10.827
14	0,1,3,4,8,10,13,14,16,17,21,22,23,26	822	66	32.54
14	2,3,4,5,8,11,14,17,18,19,22,23,24,26	952	67	6.917
14	0,1,2,3,7,9,12,16,17,18,21,22,23,26	735	68	23.611
14	0,1,3,4,6,7,9,10,12,13,17,18,23,26	781	69	24.733
14	0,1,4,5,6,7,10,13,14,16,17,19,21,23	873	70	22.596
14	1,5,6,7,12,13,14,15,18,19,21,22,23,25	874	71	20.747
14	0,1,4,9,10,12,15,16,19,20,21,24,25,26	649	72	28.332
14	0,1,4,5,10,11,13,14,15,18,19,21,25,26	803	73	36.03
14	0,1,3,4,6,7,8,9,10,11,17,21,22,24	897	74	23.736
14	0,3,4,7,9,10,11,12,13,17,19,20,21,22	744	75	15.596
14	1,2,3,6,9,10,11,12,17,18,19,21,22,24	777	76	20.672
14	0,2,3,5,8,10,11,12,14,15,17,18,19,26	934	77	10.852
14	0,1,5,6,7,9,10,11,13,15,16,22,23,26	890	78	23.689
14	2,9,11,12,14,15,16,17,18,21,22,24,25,26	665	79	17.449
14	1,2,3,4,7,10,11,12,13,14,15,19,21,23	697	80	19.611
14	1,3,6,7,8,9,10,11,12,16,19,23,24,25	917	81	18.635
14	0,1,3,4,7,10,15,16,20,21,22,23,24,26	634	82	35.346
14	0,2,4,6,9,12,13,14,17,18,19,21,22,26	781	83	16.518
14	0,3,4,6,7,8,13,14,15,18,19,22,25,26	882	84	19.357
14	1,4,6,9,11,12,15,17,18,19,22,24,25,26	725	85	25.627
14	1,5,6,7,8,10,12,14,17,18,19,20,24,25	946	86	13.845
14	0,1,3,4,7,9,12,13,14,16,19,20,25,26	752	87	24.535
14	0,2,4,5,9,11,13,15,16,17,18,20,24,26	844	88	11.798
14	1,2,6,7,10,11,12,13,14,15,17,23,25,26	675	89	23.543
14	2,4,5,6,7,9,11,13,17,19,21,22,25,26	904	90	16.518
14	0,1,3,4,5,10,14,15,17,19,20,22,23,24	839	91	20.504
14	1,3,4,6,8,11,13,14,16,17,18,20,23,24	875	92	20.642
14	0,1,3,4,5,7,11,13,14,19,22,23,24,26	889	93	29.488
14	1,2,3,5,7,8,11,14,15,16,19,21,23,24	965	94	19.79
14	0,2,3,5,8,9,14,15,17,18,21,23,24,26	961	95	9.824
14	3,7,8,9,10,13,15,16,17,19,20,22,24,25	858	96	3.9
14	0,1,2,4,5,7,12,14,18,19,20,22,23,26	878	97	21.661
14	1,2,5,6,8,10,12,13,14,16,18,19,21,24	910	98	11.221
14	0,3,4,6,7,9,10,14,18,19,21,22,25,26	823	99	16.518
14	1,2,5,8,9,10,12,17,18,19,20,21,25,26	913	100	27.363