m	required skills	qno	seed	optimum
6	0,1,4,10,23,24	420	1	8.886
6	1,6,14,16,21,22	418	2	10.892
6	2,10,12,15,17,23	387	3	0.879
6	3,6,17,18,24,26	521	4	4.92
6	0,8,9,20,25,26	701	5	1.967
6	6,16,17,20,22,25	425	6	3.957
6	4,5,10,11,12,25	676	7	0.879
6	1,6,15,19,22,23	511	8	9.721
6	0,1,9,12,17,25	471	9	8.841
6	0,7,11,20,21,23	478	10	3.963
6	0,4,7,10,12,13	436	11	1.984
6	3,7,15,16,21,26	435	12	4.923
6	0,1,4,6,16,25	419	13	8.703
6	2,5,7,19,20,25	795	14	1.956
6	0,3,4,13,14,15	408	15	2.774
6	0,3,11,13,15,19	495	16	3.331
6	1,14,15,20,22,25	264	17	10.827
6	0,2,4,7,14,15	500	18	1.984
6	0,6,12,14,17,25	476	19	2.749
6	1,6,7,10,17,19	585	20	7.875
6	16,17,20,21,22,25	294	21	6.876
6	2,5,6,13,16,24	728	22	0
6	8,11,12,16,18,20	716	23	0.995
6	0,1,9,18,19,23	645	24	4.91
6	15,18,20,21,23,25	339	25	4.908
6	5,6,7,15,18,20	810	26	0.988
6	6,7,12,16,19,23	625	27	0.977
6	0,2,12,16,18,21	466	28	1.927
6	0,10,12,22,23,26	402	29	5.868
6	4,6,7,13,16,20	514	30	0.971
6	1,9,12,16,21,26	427	31	8.917
6	1,9,10,14,18,20	505	32	2.95
6	3,4,12,15,24,26	354	33	2.924
6	5,6,13,15,24,26	692	34	2.948
6	3,12,13,14,17,18	406	35	2.981
6	0,11,16,20,21,24	397	36	2.369
6	5,7,11,17,19,26	773	37	0.923
6	4,5,13,15,19,26	682	38	3.832
6	6,7,13,15,16,19	579	39	0.978
6	12,17,19,20,24,26	436	40	4.885
6	6,7,10,12,19,26	581	41	2.883
6	7,8,17,22,23,25	729	42	2.911
6	3,9,13,15,18,19	590	43	2.915
6	0,11,12,19,21,26	455	44	7.909
6	1,6,9,14,21,26	530	45	8.917
6	0,1,3,7,20,22	454	46	8.662
6	5,12,13,17,19,20	719	47	0.995
6	3,5,7,11,14,21	768	48	0.977
6	1,6,17,24,25,26	335	49	14.623
6	0,2,4,7,18,20	505	50	0.995
6	2,5,13,14,16,17	709	51	0.995
6	6,7,8,13,20,25	732	52	0
6	1,8,19,20,23,26	665	53	11.766
6	4,5,6,9,21,22	771	54	2.973
6	1,7,10,12,16,20	411	55	5.932
6	9,10,11,12,20,21	466	56	4.731
6	2,10,15,22,24,26	368	57	2.958
6	5,7,8,9,11,21	918	58	1.954
6	4,9,14,17,20,23	506	59	1.94
6	2,8,12,15,16,20	657	60	0.961
6	1,2,4,12,21,26	269	61	15.772
6	3,5,7,11,13,23	783	62	2.863
6	0,11,14,16,19,20	515	63	0.995
6	0,5,12,18,20,22	737	64	0.995
6	1,5,7,13,22,24	751	65	7.906
6	3,4,8,10,17,23	740	66	2.777
6	3,4,11,14,19,24	545	67	0.999
6	2,7,18,21,22,23	472	68	1.972
6	0,7,10,12,17,23	487	69	0.997
6	5,6,7,10,13,21	781	70	1.968
6	5,6,7,13,18,25	800	71	0
6	1,9,16,19,21,26	516	72	11.837
6	0,5,10,13,14,15	690	73	0.365
6	4,6,7,8,9,24	799	74	0.869
6	0,9,12,13,19,22	581	75	0.884
6	1,3,10,11,21,22	318	76	11.796
6	0,11,12,15,17,26	336	77	5.584
6	0,5,6,7,10,26	793	78	0.978
6	11,14,15,16,17,26	294	79	2.841
6	1,4,13,15,19,23	394	80	8.886
6	1,8,10,19,23,24	676	81	6.841
6	1,4,7,20,22,24	397	82	8.79
6	4,12,13,17,21,22	206	83	6.833
6	6,13,15,19,22,25	463	84	0.973
6	1,9,17,22,25,26	338	85	18.852
6	1,6,7,12,19,24	562	86	3.937
6	3,7,13,19,20,25	538	87	2.895
6	0,9,13,15,18,20	529	88	2.953
6	1,2,7,10,25,26	399	89	9.919
6	2,6,7,11,19,26	635	90	2.841
6	0,4,14,22,23,24	456	91	1.93
6	3,11,13,16,17,20	377	92	2.886
6	0,1,3,5,11,24	724	93	6.829
6	1,2,5,8,11,16	835	94	2.983
6	0,2,3,14,17,24	482	95	0.987
6	13,16,20,22,24,25	326	96	1.905
6	0,7,18,19,23,26	598	97	3.957
6	8,12,13,18,19,21	675	98	1.927
6	3,4,6,10,14,22	541	99	2.78
6	12,17,20,21,25,26	221	100	13.644