m	required skills	qno	seed	optimum
16	0,1,4,5,9,10,11,12,14,15,16,18,22,23,24,26	871	1	22.669
16	0,1,3,6,8,9,10,12,14,16,18,19,21,22,25,26	878	2	31.615
16	2,3,4,5,8,10,12,15,16,17,20,21,22,23,25,26	911	3	22.647
16	0,2,3,4,6,7,8,12,16,17,18,19,21,22,24,26	887	4	14.76
16	0,1,2,6,7,8,9,10,13,15,17,20,21,23,25,26	894	5	30.613
16	0,1,4,5,6,11,13,14,15,16,17,20,21,22,25,26	794	6	43.102
16	1,3,4,5,8,10,11,12,14,15,20,21,22,24,25,26	903	7	40.039
16	0,1,2,3,4,6,8,10,11,13,14,15,19,22,23,24	871	8	19.544
16	0,1,3,5,7,8,9,10,11,12,17,18,19,20,22,25	983	9	18.715
16	0,1,4,7,9,10,11,12,15,16,17,18,20,21,23,25	733	10	31.637
16	0,4,5,6,7,8,10,12,13,15,17,20,22,23,24,26	945	11	13.683
16	0,1,2,3,5,7,8,11,15,16,19,20,21,24,25,26	953	12	32.393
16	0,1,2,3,4,5,6,9,10,13,16,18,19,21,25,26	887	13	25.586
16	0,2,3,4,5,7,8,9,12,13,16,17,19,20,25,26	960	14	9.873
16	0,3,4,5,6,9,11,13,14,15,16,17,18,22,23,24	905	15	4.694
16	0,2,3,4,5,9,11,12,13,14,15,18,19,20,22,24	902	16	8.556
16	0,1,3,8,10,13,14,15,16,17,18,19,20,22,24,25	836	17	18.711
16	0,1,2,3,4,5,7,11,12,14,15,18,20,23,25,26	867	18	35.258
16	0,3,4,6,7,9,11,12,14,15,16,17,19,23,25,26	848	19	14.012
16	1,2,6,7,8,9,10,11,13,15,16,17,19,21,22,24	883	20	20.634
16	0,2,6,9,11,12,13,15,16,17,18,19,20,21,22,25	769	21	15.438
16	0,1,2,4,5,6,8,10,11,13,14,16,18,19,24,25	926	22	13.892
16	0,3,8,9,10,11,12,13,14,15,16,18,20,23,24,26	904	23	10.74
16	0,1,2,3,4,6,9,11,12,17,18,19,21,23,24,26	819	24	33.514
16	4,5,6,8,10,11,15,18,19,20,21,22,23,24,25,26	919	25	21.386
16	0,5,6,7,8,9,14,15,16,17,18,20,21,24,25,26	982	26	15.454
16	0,2,3,5,6,7,9,12,14,16,18,19,20,23,24,26	957	27	8.85
16	0,2,4,5,6,11,12,15,16,17,18,19,21,22,24,26	856	28	14.795
16	0,3,8,10,11,12,13,15,17,19,20,21,22,23,25,26	827	29	23.349
16	2,4,5,6,7,12,13,15,16,18,19,20,21,22,24,26	889	30	14.654
16	0,1,2,4,5,9,12,14,15,16,17,20,21,23,25,26	831	31	39.521
16	0,1,2,3,4,5,9,10,14,15,17,18,20,21,22,25	849	32	28.412
16	0,3,4,9,10,11,12,13,15,17,20,21,22,24,25,26	651	33	23.3
16	1,4,5,6,9,11,13,15,16,17,18,21,22,23,24,26	868	34	38.256
16	2,3,5,8,9,10,12,13,14,15,16,17,18,19,21,23	963	35	11.792
16	0,3,6,7,10,11,12,14,16,17,18,19,20,21,22,24	800	36	9.852
16	1,4,5,7,11,12,13,14,16,17,19,21,22,23,25,26	840	37	34.536
16	0,1,2,3,4,5,8,13,15,17,18,19,20,23,24,26	944	38	32.533
16	5,6,7,8,10,11,13,14,15,16,19,20,21,22,23,25	947	39	14.674
16	1,5,8,9,10,12,14,15,16,17,18,19,20,24,25,26	930	40	26.216
16	1,2,3,4,6,7,10,11,12,17,19,20,22,24,25,26	753	41	25.627
16	0,6,7,8,9,10,13,14,16,17,18,20,22,23,24,25	937	42	5.917
16	0,2,3,6,7,8,9,13,15,16,18,19,20,22,24,26	908	43	9.908
16	0,1,2,3,6,7,10,11,12,15,18,19,21,22,25,26	773	44	35.512
16	1,4,6,9,10,12,13,14,15,16,18,19,21,22,24,26	765	45	36.392
16	0,1,2,3,4,6,7,8,12,17,18,20,21,22,24,26	881	46	27.29
16	0,2,5,8,9,10,11,12,13,15,17,19,20,22,24,26	915	47	8.76
16	0,1,3,5,7,9,10,11,14,15,17,19,20,21,23,25	906	48	26.365
16	1,2,4,5,6,7,9,10,13,16,17,18,21,24,25,26	898	49	33.592
16	0,1,2,3,4,7,10,11,12,13,16,18,20,22,24,25	682	50	22.426
16	2,3,4,5,6,7,9,11,13,14,16,17,20,21,22,25	904	51	15.294
16	1,2,5,6,7,8,9,10,11,13,14,20,21,22,24,25	973	52	20.755
16	0,1,2,3,5,6,8,9,10,12,17,19,20,21,23,26	940	53	24.757
16	2,3,4,5,6,9,10,11,13,14,17,18,21,22,23,26	900	54	16.518
16	0,1,2,3,6,7,8,10,11,12,15,16,19,20,25,26	869	55	24.303
16	0,2,4,7,8,9,10,11,12,18,19,20,21,23,25,26	907	56	16.518
16	2,6,8,9,10,15,16,17,18,19,21,22,23,24,25,26	873	57	16.666
16	0,1,2,4,5,7,8,9,11,12,14,15,19,21,24,26	962	58	25.576
16	3,4,6,9,10,11,12,13,14,15,16,17,20,21,23,26	749	59	19.594
16	2,5,7,8,9,11,12,14,15,16,17,18,19,20,22,23	989	60	6.859
16	0,1,2,4,5,6,9,11,12,13,16,17,21,23,24,26	866	61	31.503
16	2,3,5,6,7,8,9,11,12,13,14,16,18,21,23,25	1006	62	10.875
16	0,2,3,5,9,10,11,13,14,15,16,17,19,20,25,26	843	63	8.76
16	0,2,3,4,5,8,9,11,12,16,17,18,20,22,23,25	971	64	7.856
16	0,1,5,6,7,8,9,13,14,15,18,19,20,22,24,25	984	65	10.827
16	0,1,3,4,8,9,10,12,13,14,16,17,21,22,23,26	867	66	32.54
16	1,2,3,4,5,7,8,11,14,17,18,19,22,23,24,26	987	67	24.75
16	0,1,2,3,7,9,10,12,16,17,18,21,22,23,24,26	766	68	23.778
16	0,1,3,4,6,7,9,10,12,13,16,17,18,19,23,26	845	69	29.399
16	0,1,4,5,6,7,10,11,13,14,16,17,19,21,23,25	881	70	22.596
16	1,4,5,6,7,11,12,13,14,15,18,19,21,22,23,25	880	71	31.353
16	0,1,4,6,9,10,12,15,16,17,19,20,21,24,25,26	708	72	37.167
16	0,1,4,5,10,11,12,13,14,15,18,19,21,22,25,26	817	73	39.211
16	0,1,2,3,4,6,7,8,9,10,11,15,17,21,22,24	903	74	24.683
16	0,3,4,7,9,10,11,12,13,15,17,18,19,20,21,22	771	75	17.62
16	1,2,3,6,9,10,11,12,15,16,17,18,19,21,22,24	785	76	20.672
16	0,2,3,5,6,8,10,11,12,14,15,16,17,18,19,26	951	77	10.852
16	0,1,5,6,7,9,10,11,13,14,15,16,20,22,23,26	900	78	27.655
16	2,7,9,11,12,14,15,16,17,18,21,22,23,24,25,26	742	79	17.449
16	0,1,2,3,4,7,8,10,11,12,13,14,15,19,21,23	895	80	21.711
16	1,3,6,7,8,9,10,11,12,16,19,21,22,23,24,25	924	81	28.567
16	0,1,2,3,4,5,7,10,15,16,20,21,22,23,24,26	856	82	35.346
16	0,2,4,6,9,12,13,14,16,17,18,19,21,22,24,26	795	83	16.518
16	0,1,3,4,6,7,8,13,14,15,17,18,19,22,25,26	890	84	37.405
16	1,3,4,5,6,9,11,12,15,17,18,19,22,24,25,26	900	85	25.627
16	0,1,5,6,7,8,10,11,12,14,17,18,19,20,24,25	958	86	18.715
16	0,1,2,3,4,7,8,9,12,13,14,16,19,20,25,26	880	87	24.535
16	0,1,2,4,5,9,11,13,15,16,17,18,20,24,25,26	847	88	33.266
16	1,2,4,6,7,10,11,12,13,14,15,17,18,23,25,26	711	89	34.424
16	0,2,4,5,6,7,9,11,13,17,19,20,21,22,25,26	916	90	16.518
16	0,1,3,4,5,7,10,11,14,15,17,19,20,22,23,24	895	91	21.745
16	1,3,4,6,8,9,10,11,13,14,16,17,18,20,23,24	912	92	20.642
16	0,1,3,4,5,7,8,11,13,14,19,21,22,23,24,26	969	93	37.182
16	1,2,3,5,6,7,8,11,12,14,15,16,19,21,23,24	976	94	19.79
16	0,2,3,5,6,8,9,14,15,17,18,19,21,23,24,26	972	95	12.819
16	2,3,7,8,9,10,13,15,16,17,19,20,22,24,25,26	864	96	8.76
16	0,1,2,4,5,6,7,12,14,18,19,20,21,22,23,26	907	97	32.484
16	0,1,2,5,6,8,10,12,13,14,16,18,19,21,24,26	920	98	19.625
16	0,2,3,4,6,7,9,10,14,15,18,19,21,22,25,26	833	99	19.616
16	1,2,5,6,8,9,10,12,14,17,18,19,20,21,25,26	943	100	29.206