m	required skills	qno	seed	optimum
8	0,1,4,9,10,18,23,24	640	1	11.843
8	0,1,6,14,16,21,22,26	487	2	15.815
8	2,5,10,12,15,16,17,23	739	3	2.749
8	3,6,8,12,17,18,24,26	783	4	6.865
8	0,2,8,9,15,20,25,26	716	5	2.923
8	4,5,6,16,17,20,22,25	743	6	4.76
8	4,5,10,11,12,14,24,25	736	7	1.9
8	1,6,13,15,19,22,23,24	546	8	9.721
8	0,1,9,11,12,17,22,25	520	9	10.833
8	0,7,10,11,16,20,21,23	555	10	4.922
8	0,4,6,7,10,12,13,20	553	11	1.99
8	3,5,7,15,16,20,21,26	772	12	4.923
8	0,1,4,6,16,18,21,25	509	13	16.781
8	2,5,7,16,19,20,25,26	808	14	5.787
8	0,3,4,13,14,15,16,17	476	15	4.694
8	0,3,11,13,14,15,19,20	550	16	3.331
8	1,8,14,15,19,20,22,25	672	17	10.827
8	0,2,4,7,12,14,15,18	556	18	3.933
8	0,3,6,12,14,17,19,25	640	19	4.694
8	1,2,6,7,10,17,19,22	640	20	8.889
8	12,15,16,17,20,21,22,25	351	21	9.742
8	2,5,6,13,16,18,24,25	780	22	0.993
8	8,11,12,13,14,16,18,20	751	23	0.995
8	0,1,2,9,11,18,19,23	679	24	4.959
8	15,18,19,20,21,23,25,26	496	25	10.679
8	5,6,7,9,15,18,20,24	875	26	0.988
8	6,7,12,16,18,19,23,24	676	27	0.986
8	0,2,6,12,16,18,21,22	566	28	4.701
8	0,3,8,10,12,22,23,26	765	29	6.865
8	2,4,6,7,13,16,18,20	618	30	1.979
8	1,5,9,12,16,21,25,26	732	31	17.75
8	1,9,10,14,15,18,20,25	526	32	7.758
8	3,4,12,13,15,21,24,26	383	33	9.813
8	5,6,11,13,15,18,24,26	754	34	6.708
8	3,8,12,13,14,17,18,21	791	35	7.858
8	0,6,11,16,20,21,22,24	500	36	4.662
8	5,7,11,16,17,19,22,26	798	37	5.975
8	1,4,5,13,15,19,20,26	703	38	20.352
8	6,7,13,14,15,16,19,20	661	39	2.905
8	1,12,14,17,19,20,24,26	499	40	14.831
8	4,6,7,10,12,19,24,26	604	41	2.883
8	7,8,10,17,22,23,24,25	774	42	4.871
8	3,9,13,15,18,19,22,26	599	43	8.701
8	0,6,11,12,19,21,25,26	558	44	8.624
8	1,4,6,9,14,15,21,26	562	45	21.533
8	0,1,3,6,7,20,21,22	588	46	12.665
8	0,5,8,12,13,17,19,20	835	47	0.995
8	0,3,5,7,11,14,15,21	798	48	3.847
8	1,4,6,17,21,24,25,26	373	49	29.468
8	0,2,4,7,11,18,20,25	535	50	5.748
8	2,5,13,14,16,17,21,25	715	51	6.775
8	5,6,7,8,13,20,22,25	904	52	1.992
8	1,3,8,12,19,20,23,26	749	53	11.766
8	3,4,5,6,9,18,21,22	837	54	2.973
8	0,1,6,7,10,12,16,20	561	55	7.885
8	2,4,9,10,11,12,20,21	509	56	5.634
8	2,8,10,15,19,22,24,26	668	57	3.889
8	1,5,7,8,9,11,21,26	919	58	13.782
8	4,6,9,14,16,17,20,23	669	59	2.782
8	2,7,8,12,14,15,16,20	780	60	2.817
8	1,2,4,5,12,17,21,26	691	61	22.724
8	3,5,6,7,11,12,13,23	844	62	2.931
8	0,10,11,14,16,19,20,26	535	63	5.787
8	0,2,5,12,17,18,20,22	770	64	0.995
8	1,5,7,8,13,22,24,25	885	65	9.88
8	3,4,8,10,13,17,23,26	745	66	7.758
8	2,3,4,11,14,19,22,24	596	67	3.895
8	1,2,7,9,18,21,22,23	605	68	10.887
8	0,4,7,10,12,17,18,23	538	69	4.871
8	4,5,6,7,10,13,21,23	806	70	4.916
8	1,5,6,7,13,14,18,25	814	71	2.974
8	1,4,9,10,16,19,21,26	561	72	19.772
8	0,5,10,11,13,14,15,26	706	73	5.787
8	0,3,4,6,7,8,9,24	849	74	0.995
8	0,7,9,12,13,19,20,22	675	75	2.874
8	1,3,10,11,12,18,21,22	434	76	11.809
8	0,8,11,12,15,17,19,26	694	77	5.584
8	0,5,6,7,9,10,16,26	850	78	0.978
8	2,11,12,14,15,16,17,26	442	79	4.832
8	1,3,4,7,13,15,19,23	584	80	15.843
8	1,8,9,10,19,23,24,25	764	81	9.934
8	0,1,3,4,7,20,22,24	520	82	8.79
8	4,6,12,13,17,18,21,22	477	83	7.729
8	6,8,13,14,15,19,22,25	694	84	2.78
8	1,4,9,15,17,22,25,26	379	85	23.736
8	1,6,7,8,12,14,19,24	764	86	5.956
8	1,3,7,13,14,19,20,25	585	87	9.88
8	0,9,13,15,16,18,20,26	566	88	6.708
8	1,2,7,10,13,15,25,26	425	89	17.75
8	2,6,7,11,13,19,22,26	658	90	5.975
8	0,4,10,14,19,22,23,24	591	91	1.93
8	3,8,11,13,16,17,20,24	730	92	3.365
8	0,1,3,5,11,19,23,24	795	93	8.873
8	1,2,5,7,8,11,16,21	906	94	9.918
8	0,2,3,14,15,17,21,24	501	95	5.958
8	3,9,13,16,20,22,24,25	529	96	1.971
8	0,1,7,12,18,19,23,26	611	97	13.807
8	1,5,8,12,13,18,19,21	847	98	6.838
8	3,4,6,9,10,14,22,25	646	99	2.78
8	8,12,17,19,20,21,25,26	647	100	14.269