m	required skills	qno	seed	optimum
10	0,1,4,9,10,14,16,18,23,24	696	1	11.843
10	0,1,3,6,10,14,16,21,22,26	572	2	18.704
10	2,3,5,10,12,15,16,17,21,23	769	3	8.509
10	3,6,8,12,17,18,19,21,24,26	802	4	13.733
10	0,1,2,6,8,9,15,20,25,26	748	5	13.793
10	4,5,6,13,16,17,20,22,25,26	747	6	12.76
10	4,5,8,10,11,12,14,20,24,25	865	7	2.965
10	1,6,8,10,13,15,19,22,23,24	729	8	9.721
10	0,1,9,11,12,17,18,20,22,25	584	9	11.89
10	0,4,7,10,11,15,16,20,21,23	571	10	10.748
10	0,4,6,7,8,10,12,13,20,26	761	11	5.896
10	1,3,5,7,15,16,20,21,24,26	792	12	17.75
10	0,1,4,5,6,13,16,18,21,25	779	13	16.781
10	2,4,5,7,16,17,19,20,25,26	818	14	7.763
10	0,3,4,13,14,15,16,17,18,24	580	15	4.694
10	0,2,3,11,13,14,15,18,19,20	635	16	3.331
10	0,1,3,8,14,15,19,20,22,25	741	17	10.827
10	0,2,4,7,12,14,15,18,20,23	614	18	4.931
10	0,3,6,7,12,14,17,19,23,25	756	19	5.612
10	1,2,6,7,8,10,15,17,19,22	788	20	9.896
10	11,12,15,16,17,18,20,21,22,25	449	21	10.682
10	2,5,6,8,11,13,16,18,24,25	895	22	1.834
10	8,10,11,12,13,14,16,18,20,24	769	23	1.875
10	0,1,2,6,9,11,18,19,23,24	759	24	9.906
10	4,5,15,18,19,20,21,23,25,26	774	25	17.253
10	0,5,6,7,9,15,18,20,24,26	885	26	4.915
10	6,7,9,12,16,18,19,23,24,26	787	27	5.944
10	0,2,6,11,12,16,17,18,21,22	597	28	5.912
10	0,3,8,10,12,21,22,23,25,26	774	29	15.635
10	2,4,6,7,12,13,16,18,19,20	698	30	2.962
10	0,1,5,9,12,16,17,21,25,26	767	31	25.446
10	1,5,9,10,14,15,18,20,22,25	782	32	10.827
10	0,3,4,12,13,15,17,21,24,26	458	33	15.76
10	5,6,9,11,13,15,16,18,24,26	822	34	6.708
10	3,8,12,13,14,16,17,18,21,23	840	35	7.858
10	0,6,10,11,16,19,20,21,22,24	601	36	4.662
10	4,5,7,11,12,16,17,19,22,26	806	37	7.894
10	0,1,2,4,5,13,15,19,20,26	751	38	20.352
10	5,6,7,10,13,14,15,16,19,20	844	39	2.905
10	1,10,12,14,17,19,20,24,25,26	529	40	20.688
10	2,4,6,7,10,12,19,24,25,26	650	41	4.832
10	7,8,10,14,16,17,22,23,24,25	812	42	4.871
10	0,3,9,13,15,18,19,20,22,26	651	43	8.953
10	0,3,6,11,12,15,19,21,25,26	628	44	12.751
10	1,4,6,9,13,14,15,18,21,26	643	45	28.465
10	0,1,3,6,7,8,12,20,21,22	821	46	12.665
10	0,5,8,10,12,13,17,19,20,22	846	47	3.883
10	0,3,5,7,11,14,15,17,20,21	811	48	8.082
10	1,2,4,6,17,18,21,24,25,26	539	49	32.197
10	0,2,4,7,10,11,18,20,24,25	602	50	5.748
10	2,5,7,9,13,14,16,17,21,25	839	51	6.775
10	1,5,6,7,8,10,13,20,22,25	908	52	9.88
10	1,3,6,8,12,17,19,20,23,26	798	53	14.831
10	3,4,5,6,9,13,18,21,22,23	865	54	7.872
10	0,1,2,6,7,10,12,16,20,25	601	55	7.922
10	2,4,9,10,11,12,19,20,21,25	611	56	7.797
10	2,6,8,10,15,19,22,23,24,26	754	57	7.742
10	1,2,5,7,8,9,11,14,21,26	938	58	14.792
10	4,6,9,12,13,14,16,17,20,23	691	59	2.949
10	2,7,8,9,12,14,15,16,19,20	845	60	3.9
10	0,1,2,4,5,11,12,17,21,26	734	61	27.064
10	3,5,6,7,11,12,13,21,23,25	845	62	7.692
10	0,3,5,10,11,14,16,19,20,26	785	63	5.886
10	0,2,5,8,9,12,17,18,20,22	925	64	0.995
10	1,5,7,8,13,15,18,22,24,25	913	65	10.827
10	1,3,4,8,10,13,14,17,23,26	781	66	24.406
10	2,3,4,8,11,14,19,22,23,24	828	67	3.976
10	0,1,2,7,9,18,21,22,23,26	667	68	15.866
10	0,1,4,7,10,12,13,17,18,23	549	69	14.843
10	1,4,5,6,7,10,13,16,21,23	815	70	15.887
10	1,5,6,7,12,13,14,18,21,25	820	71	6.887
10	1,4,9,10,12,15,16,19,21,26	580	72	23.537
10	0,1,5,10,11,13,14,15,19,26	749	73	17.016
10	0,3,4,6,7,8,9,11,22,24	880	74	3.93
10	0,4,7,9,10,12,13,19,20,22	684	75	3.966
10	1,2,3,6,10,11,12,18,21,22	627	76	14.76
10	0,3,8,11,12,15,17,18,19,26	794	77	7.904
10	0,5,6,7,9,10,13,16,23,26	877	78	3.959
10	2,11,12,14,15,16,17,21,24,26	496	79	11.311
10	1,2,3,4,7,13,15,19,21,23	634	80	17.705
10	1,3,6,8,9,10,19,23,24,25	822	81	11.861
10	0,1,3,4,7,20,21,22,24,26	529	82	27.29
10	0,4,6,9,12,13,17,18,21,22	671	83	7.729
10	6,7,8,13,14,15,18,19,22,25	804	84	3.914
10	1,4,9,15,17,18,19,22,25,26	582	85	24.465
10	1,6,7,8,10,12,14,17,19,24	790	86	8.861
10	1,3,7,12,13,14,19,20,25,26	598	87	18.822
10	0,2,4,9,13,15,16,18,20,26	607	88	9.908
10	1,2,7,10,11,13,14,15,25,26	498	89	19.467
10	2,5,6,7,11,13,19,22,25,26	854	90	7.903
10	0,4,5,10,14,17,19,22,23,24	802	91	1.93
10	3,8,11,13,16,17,18,20,23,24	824	92	3.911
10	0,1,3,4,5,11,19,22,23,24	818	93	15.754
10	1,2,5,7,8,11,14,16,21,24	921	94	10.897
10	0,2,3,8,14,15,17,18,21,24	819	95	6.82
10	3,9,10,13,16,19,20,22,24,25	625	96	2.984
10	0,1,2,7,12,18,19,22,23,26	657	97	14.831
10	1,5,8,12,13,14,16,18,19,21	874	98	10.802
10	3,4,6,9,10,14,21,22,25,26	654	99	16.518
10	1,8,10,12,17,19,20,21,25,26	663	100	25.292