m	required skills	qno	seed	optimum
18	0,1,2,4,5,7,9,10,11,12,14,15,16,18,22,23,24,26	908	1	26.475
18	0,1,3,6,8,9,10,12,14,15,16,18,19,21,22,24,25,26	884	2	32.518
18	1,2,3,4,5,8,10,12,15,16,17,18,20,21,22,23,25,26	945	3	44.97
18	0,2,3,4,6,7,8,10,12,15,16,17,18,19,21,22,24,26	891	4	18.583
18	0,1,2,6,7,8,9,10,13,14,15,17,20,21,22,23,25,26	920	5	30.613
18	0,1,2,4,5,6,9,11,13,14,15,16,17,20,21,22,25,26	854	6	43.102
18	1,3,4,5,8,10,11,12,14,15,18,19,20,21,22,24,25,26	934	7	41.069
18	0,1,2,3,4,6,8,9,10,11,13,14,15,19,22,23,24,26	897	8	33.266
18	0,1,3,5,7,8,9,10,11,12,17,18,19,20,22,23,24,25	1003	9	19.814
18	0,1,4,6,7,8,9,10,11,12,15,16,17,18,20,21,23,25	928	10	31.637
18	0,2,4,5,6,7,8,10,12,13,15,17,19,20,22,23,24,26	959	11	13.683
18	0,1,2,3,5,6,7,8,9,11,15,16,19,20,21,24,25,26	978	12	32.393
18	0,1,2,3,4,5,6,9,10,13,16,18,19,20,21,24,25,26	894	13	35.541
18	0,2,3,4,5,7,8,9,10,12,13,15,16,17,19,20,25,26	961	14	12.764
18	0,3,4,5,6,7,9,11,13,14,15,16,17,18,20,22,23,24	939	15	9.736
18	0,1,2,3,4,5,9,11,12,13,14,15,17,18,19,20,22,24	905	16	21.665
18	0,1,3,6,8,9,10,13,14,15,16,17,18,19,20,22,24,25	884	17	18.711
18	0,1,2,3,4,5,6,7,9,11,12,14,15,18,20,23,25,26	931	18	35.258
18	0,3,4,6,7,9,11,12,13,14,15,16,17,19,21,23,25,26	854	19	22.612
18	1,2,6,7,8,9,10,11,13,15,16,17,19,21,22,23,24,25	914	20	29.615
18	0,2,4,6,9,11,12,13,14,15,16,17,18,19,20,21,22,25	803	21	15.438
18	0,1,2,4,5,6,8,9,10,11,13,14,16,18,19,24,25,26	952	22	20.476
18	0,1,3,7,8,9,10,11,12,13,14,15,16,18,20,23,24,26	940	23	24.563
18	0,1,2,3,4,6,9,11,12,16,17,18,19,21,23,24,25,26	828	24	35.213
18	2,4,5,6,8,10,11,14,15,18,19,20,21,22,23,24,25,26	943	25	21.386
18	0,5,6,7,8,9,11,14,15,16,17,18,19,20,21,24,25,26	986	26	15.454
18	0,2,3,5,6,7,8,9,11,12,14,16,18,19,20,23,24,26	1012	27	10.835
18	0,2,4,5,6,7,11,12,14,15,16,17,18,19,21,22,24,26	904	28	14.795
18	0,2,3,4,8,10,11,12,13,15,17,19,20,21,22,23,25,26	842	29	24.263
18	2,4,5,6,7,11,12,13,14,15,16,18,19,20,21,22,24,26	902	30	21.719
18	0,1,2,4,5,6,9,11,12,14,15,16,17,20,21,23,25,26	874	31	42.974
18	0,1,2,3,4,5,8,9,10,13,14,15,17,18,20,21,22,25	953	32	36.184
18	0,1,2,3,4,9,10,11,12,13,15,17,20,21,22,24,25,26	664	33	42.408
18	1,4,5,6,9,10,11,13,15,16,17,18,19,21,22,23,24,26	899	34	38.256
18	2,3,4,5,8,9,10,11,12,13,14,15,16,17,18,19,21,23	969	35	12.489
18	0,3,5,6,7,8,10,11,12,14,16,17,18,19,20,21,22,24	987	36	9.852
18	1,2,4,5,7,11,12,13,14,16,17,19,21,22,23,24,25,26	880	37	34.536
18	0,1,2,3,4,5,8,12,13,15,17,18,19,20,22,23,24,26	955	38	32.533
18	5,6,7,8,10,11,13,14,15,16,17,19,20,21,22,23,25,26	950	39	21.733
18	1,5,6,8,9,10,12,13,14,15,16,17,18,19,20,24,25,26	942	40	28.412
18	1,2,3,4,6,7,10,11,12,13,17,19,20,21,22,24,25,26	763	41	37.182
18	0,1,5,6,7,8,9,10,13,14,16,17,18,20,22,23,24,25	1001	42	17.859
18	0,2,3,6,7,8,9,13,15,16,18,19,20,21,22,23,24,26	945	43	16.845
18	0,1,2,3,6,7,9,10,11,12,15,18,19,21,22,24,25,26	834	44	35.512
18	1,4,6,8,9,10,12,13,14,15,16,18,19,20,21,22,24,26	866	45	36.393
18	0,1,2,3,4,6,7,8,11,12,13,17,18,20,21,22,24,26	899	46	37.182
18	0,2,3,5,8,9,10,11,12,13,15,17,19,20,22,23,24,26	951	47	12.789
18	0,1,3,4,5,7,9,10,11,13,14,15,17,19,20,21,23,25	911	48	36.316
18	1,2,4,5,6,7,8,9,10,12,13,16,17,18,21,24,25,26	974	49	33.592
18	0,1,2,3,4,6,7,10,11,12,13,16,18,20,21,22,24,25	744	50	33.799
18	2,3,4,5,6,7,9,11,13,14,15,16,17,19,20,21,22,25	930	51	17.478
18	1,2,5,6,7,8,9,10,11,13,14,16,20,21,22,23,24,25	986	52	20.755
18	0,1,2,3,5,6,8,9,10,12,13,14,17,19,20,21,23,26	953	53	29.568
18	0,2,3,4,5,6,9,10,11,13,14,17,18,21,22,23,25,26	908	54	16.518
18	0,1,2,3,6,7,8,10,11,12,14,15,16,19,20,21,25,26	892	55	32.393
18	0,2,4,7,8,9,10,11,12,17,18,19,20,21,22,23,25,26	915	56	16.518
18	2,4,6,8,9,10,12,15,16,17,18,19,21,22,23,24,25,26	886	57	18.428
18	0,1,2,4,5,6,7,8,9,11,12,14,15,19,21,23,24,26	985	58	34.402
18	0,3,4,5,6,9,10,11,12,13,14,15,16,17,20,21,23,26	882	59	20.582
18	2,5,7,8,9,11,12,14,15,16,17,18,19,20,22,23,24,26	994	60	12.845
18	0,1,2,4,5,6,8,9,11,12,13,16,17,20,21,23,24,26	945	61	35.3
18	2,3,5,6,7,8,9,11,12,13,14,15,16,18,21,22,23,25	1010	62	12.489
18	0,2,3,4,5,7,9,10,11,13,14,15,16,17,19,20,25,26	909	63	14.321
18	0,2,3,4,5,8,9,11,12,15,16,17,18,20,22,23,25,26	971	64	14.536
18	0,1,3,5,6,7,8,9,13,14,15,18,19,20,21,22,24,25	998	65	17.764
18	0,1,3,4,8,9,10,11,12,13,14,16,17,19,21,22,23,26	885	66	37.182
18	0,1,2,3,4,5,6,7,8,11,14,17,18,19,22,23,24,26	1002	67	24.75
18	0,1,2,3,6,7,9,10,12,14,16,17,18,21,22,23,24,26	831	68	23.778
18	0,1,2,3,4,5,6,7,9,10,12,13,16,17,18,19,23,26	954	69	29.399
18	0,1,4,5,6,7,10,11,13,14,15,16,17,18,19,21,23,25	898	70	31.312
18	0,1,4,5,6,7,9,11,12,13,14,15,18,19,21,22,23,25	941	71	31.353
18	0,1,4,6,7,9,10,11,12,15,16,17,19,20,21,24,25,26	795	72	37.167
18	0,1,3,4,5,10,11,12,13,14,15,18,19,21,22,24,25,26	865	73	41.376
18	0,1,2,3,4,6,7,8,9,10,11,15,17,18,21,22,24,25	925	74	31.353
18	0,1,3,4,7,9,10,11,12,13,15,17,18,19,20,21,22,23	800	75	34.553
18	1,2,3,5,6,9,10,11,12,15,16,17,18,19,20,21,22,24	907	76	24.534
18	0,2,3,5,6,8,10,11,12,13,14,15,16,17,18,19,23,26	971	77	12.867
18	0,1,5,6,7,9,10,11,13,14,15,16,17,20,22,23,25,26	905	78	32.355
18	2,7,9,10,11,12,14,15,16,17,18,20,21,22,23,24,25,26	760	79	22.647
18	0,1,2,3,4,5,6,7,8,10,11,12,13,14,15,19,21,23	982	80	21.711
18	1,3,6,7,8,9,10,11,12,15,16,19,20,21,22,23,24,25	926	81	29.615
18	0,1,2,3,4,5,7,8,10,13,15,16,20,21,22,23,24,26	965	82	37.258
18	0,2,4,5,6,9,11,12,13,14,16,17,18,19,21,22,24,26	912	83	16.518
18	0,1,2,3,4,6,7,8,11,13,14,15,17,18,19,22,25,26	909	84	37.405
18	1,3,4,5,6,7,9,11,12,13,15,17,18,19,22,24,25,26	941	85	35.259
18	0,1,2,5,6,7,8,10,11,12,14,17,18,19,20,22,24,25	972	86	18.715
18	0,1,2,3,4,7,8,9,12,13,14,16,17,18,19,20,25,26	914	87	32.393
18	0,1,2,4,5,9,10,11,13,15,16,17,18,20,23,24,25,26	867	88	33.266
18	1,2,4,6,7,8,9,10,11,12,13,14,15,17,18,23,25,26	924	89	34.424
18	0,2,4,5,6,7,9,11,13,17,18,19,20,21,22,24,25,26	940	90	16.518
18	0,1,3,4,5,7,10,11,13,14,15,17,18,19,20,22,23,24	915	91	25.412
18	1,3,4,6,8,9,10,11,13,14,16,17,18,20,21,23,24,25	918	92	35.265
18	0,1,3,4,5,7,8,9,11,13,14,17,19,21,22,23,24,26	992	93	37.182
18	1,2,3,4,5,6,7,8,11,12,14,15,16,19,21,23,24,26	976	94	34.48
18	0,2,3,5,6,8,9,11,14,15,17,18,19,21,23,24,25,26	978	95	18.532
18	2,3,7,8,9,10,13,14,15,16,17,18,19,20,22,24,25,26	915	96	16.681
18	0,1,2,4,5,6,7,9,12,14,15,18,19,20,21,22,23,26	944	97	34.48
18	0,1,2,4,5,6,8,10,12,13,14,16,18,19,21,22,24,26	929	98	30.36
18	0,2,3,4,6,7,8,9,10,14,15,18,19,21,22,24,25,26	928	99	19.616
18	1,2,5,6,8,9,10,12,14,16,17,18,19,20,21,23,25,26	962	100	32.535