m: 10
Instance: 1
Algorithm: SPEA2
Iteration: 500
Population Size: 100
RUN 1:
Optimum Distance: 0

Optimal Team: 
Required Skills: 8 15 22 26 35 42 46 48 52 55 
Distance; Skill Score; isValid; Team; Skill Counts
1.2e+04 ; 3.519e-12 ; True ; 2 108 170 241 269 339  ; 1 1 1 3 1 1 1 2 1 1 
1.7e+04 ; 1.35e-11 ; True ; 2 108 170 241 269 317 339  ; 1 1 2 3 2 1 1 2 1 1 

RUN 2:
Optimum Distance: 0

Optimal Team: 
Required Skills: 8 15 22 26 35 42 46 48 52 55 
Distance; Skill Score; isValid; Team; Skill Counts
1.1e+04 ; 2.676e-12 ; True ; 2 170 183 241 269 339  ; 1 1 1 2 1 1 1 2 1 1 
1.2e+04 ; 3.519e-12 ; True ; 2 108 170 241 269 339  ; 1 1 1 3 1 1 1 2 1 1 
1.6e+04 ; 6.879e-12 ; True ; 2 36 138 170 241 269 339  ; 1 2 1 3 1 1 1 2 1 1 

RUN 3:
Optimum Distance: 0

Optimal Team: 
Required Skills: 8 15 22 26 35 42 46 48 52 55 
Distance; Skill Score; isValid; Team; Skill Counts
1.1e+04 ; 2.676e-12 ; True ; 2 170 183 241 269 339  ; 1 1 1 2 1 1 1 2 1 1 
1.2e+04 ; 3.519e-12 ; True ; 2 36 170 241 269 339  ; 1 1 1 3 1 1 1 2 1 1 

RUN 4:
Optimum Distance: 0

Optimal Team: 
Required Skills: 8 15 22 26 35 42 46 48 52 55 
Distance; Skill Score; isValid; Team; Skill Counts
1.1e+04 ; 2.676e-12 ; True ; 2 140 170 241 269 339  ; 1 1 1 2 1 1 1 2 1 1 
1.2e+04 ; 3.519e-12 ; True ; 2 36 170 241 269 339  ; 1 1 1 3 1 1 1 2 1 1 
1.501e+04 ; 5.271e-12 ; True ; 2 138 170 241 269 317 344  ; 1 1 1 2 2 1 1 2 1 1 
1.6e+04 ; 6.879e-12 ; True ; 2 36 138 170 241 269 339  ; 1 2 1 3 1 1 1 2 1 1 
1.7e+04 ; 8.068e-12 ; True ; 2 108 170 177 269 317 339  ; 1 1 2 4 1 1 1 2 1 1 
1.7e+04 ; 1.026e-11 ; True ; 108 170 241 269 317 329 339  ; 1 1 2 2 2 1 1 2 1 1 
1.7e+04 ; 1.35e-11 ; True ; 2 108 170 241 269 317 339  ; 1 1 2 3 2 1 1 2 1 1 
2.101e+04 ; 1.36e-11 ; True ; 56 101 112 170 241 254 269 317  ; 1 1 1 3 2 2 1 2 1 1 
2.201e+04 ; 1.57e-11 ; True ; 2 138 170 177 241 269 304 339  ; 1 2 1 3 1 2 1 3 1 1 
2.201e+04 ; 2.334e-11 ; True ; 2 138 170 241 269 317 339 344  ; 1 2 2 2 2 1 1 3 1 1 
2.3e+04 ; 2.343e-11 ; True ; 1 106 170 241 269 304 317 339  ; 1 1 2 2 2 2 1 3 1 1 
2.3e+04 ; 2.648e-11 ; True ; 1 101 108 170 241 269 317 339  ; 1 1 2 3 2 2 1 2 1 1 
2.4e+04 ; 3.118e-11 ; True ; 101 108 112 170 241 269 317 339  ; 1 1 2 4 2 2 1 2 1 1 
2.4e+04 ; 3.627e-11 ; True ; 2 18 108 170 241 269 317 339  ; 1 1 2 4 2 2 1 3 1 1 
2.901e+04 ; 3.879e-11 ; True ; 2 18 108 169 170 241 269 317 339  ; 1 1 2 4 2 2 1 4 1 1 
2.901e+04 ; 4.579e-11 ; True ; 56 57 106 170 241 254 317 330 339  ; 1 2 2 2 2 2 1 3 1 1 
2.901e+04 ; 5.868e-11 ; True ; 1 101 108 112 170 241 269 317 339  ; 1 1 2 4 2 2 1 2 2 1 
3.001e+04 ; 6.022e-11 ; True ; 101 112 138 170 241 269 304 317 339  ; 1 2 2 3 2 2 1 3 1 1 
3.001e+04 ; 6.127e-11 ; True ; 1 101 108 133 170 241 269 317 339  ; 1 1 2 4 2 2 2 2 1 1 
3.1e+04 ; 6.439e-11 ; True ; 2 18 56 170 241 254 269 317 339  ; 1 2 2 3 2 2 1 4 1 1 
3.1e+04 ; 6.799e-11 ; True ; 2 56 108 112 170 241 269 317 339  ; 1 2 2 4 2 1 1 3 2 1 
3.1e+04 ; 7.127e-11 ; True ; 1 18 108 133 170 241 269 317 339  ; 1 1 2 4 2 2 2 3 1 1 
3.2e+04 ; 7.922e-11 ; True ; 2 18 41 108 170 241 269 317 339  ; 1 1 2 5 2 2 2 3 1 1 
3.601e+04 ; 1.133e-10 ; True ; 1 56 101 112 170 241 254 269 317 339  ; 1 2 2 3 2 2 1 3 2 1 
3.701e+04 ; 1.183e-10 ; True ; 56 57 101 133 170 241 254 317 330 339  ; 1 2 2 3 2 2 2 3 1 1 
3.701e+04 ; 1.195e-10 ; True ; 56 57 101 112 170 241 254 269 317 339  ; 2 2 2 3 2 2 1 3 1 1 
3.701e+04 ; 1.334e-10 ; True ; 1 56 101 108 112 170 241 269 317 339  ; 1 2 2 4 2 2 1 3 2 1 
3.801e+04 ; 1.386e-10 ; True ; 56 101 108 112 170 241 254 269 317 339  ; 1 2 2 4 2 2 1 3 1 2 
3.901e+04 ; 1.393e-10 ; True ; 56 57 101 112 133 170 241 254 317 339  ; 1 2 2 4 2 2 2 3 1 1 
3.901e+04 ; 1.426e-10 ; True ; 2 18 56 112 170 241 254 269 317 339  ; 1 2 2 4 2 2 1 4 2 1 
3.901e+04 ; 1.483e-10 ; True ; 2 56 101 108 112 170 241 269 317 339  ; 1 2 2 5 2 2 1 3 2 1 
3.901e+04 ; 1.491e-10 ; True ; 1 18 108 112 133 170 241 269 317 339  ; 1 1 2 5 2 2 2 3 2 1 
4e+04 ; 1.548e-10 ; True ; 36 56 101 112 133 170 241 269 317 339  ; 1 2 2 5 2 2 2 3 1 1 
4e+04 ; 1.586e-10 ; True ; 2 18 56 108 112 170 241 269 317 339  ; 1 2 2 5 2 2 1 4 2 1 
4.1e+04 ; 1.601e-10 ; True ; 2 18 108 112 133 170 241 269 317 339  ; 1 1 2 6 2 2 2 3 2 1 
4.1e+04 ; 1.656e-10 ; True ; 2 18 36 41 56 170 241 269 317 339  ; 1 2 2 5 2 2 2 4 1 1 
4.2e+04 ; 1.664e-10 ; True ; 18 36 41 108 112 170 241 269 317 339  ; 1 1 2 6 2 2 2 3 1 2 
4.401e+04 ; 1.964e-10 ; True ; 1 56 101 106 112 170 241 254 269 317 339  ; 1 2 2 4 2 3 1 3 2 1 
4.501e+04 ; 2.249e-10 ; True ; 1 56 57 101 112 170 241 254 269 317 339  ; 2 2 2 3 2 2 1 3 2 1 
4.601e+04 ; 2.621e-10 ; True ; 1 56 57 101 112 133 170 241 254 317 339  ; 1 2 2 4 2 2 2 3 2 1 
4.601e+04 ; 2.648e-10 ; True ; 1 56 57 101 108 112 170 241 269 317 339  ; 2 2 2 4 2 2 1 3 2 1 
4.601e+04 ; 2.914e-10 ; True ; 1 56 101 108 112 133 170 241 269 317 339  ; 1 2 2 5 2 2 2 3 2 1 
4.801e+04 ; 2.944e-10 ; True ; 2 56 57 101 108 112 170 241 269 317 339  ; 2 2 2 5 2 2 1 3 2 1 
4.901e+04 ; 3.027e-10 ; True ; 56 57 101 108 112 133 170 241 254 317 339  ; 1 2 2 5 2 2 2 3 1 2 
4.901e+04 ; 3.115e-10 ; True ; 1 18 108 112 133 170 241 269 304 317 339  ; 1 1 2 5 2 2 2 4 2 2 
5e+04 ; 3.347e-10 ; True ; 2 18 41 56 108 112 170 241 269 317 339  ; 1 2 2 6 2 2 2 4 2 1 
5.1e+04 ; 3.477e-10 ; True ; 2 18 36 41 56 108 170 241 269 317 339  ; 1 2 2 6 2 2 2 4 1 2 
5.401e+04 ; 3.897e-10 ; True ; 1 56 57 101 106 112 170 241 254 269 317 339  ; 2 2 2 4 2 3 1 3 2 1 
5.501e+04 ; 4.104e-10 ; True ; 1 56 57 101 106 112 170 241 254 304 317 339  ; 1 2 2 4 2 3 1 4 2 2 
5.501e+04 ; 4.288e-10 ; True ; 1 56 57 101 106 112 133 170 241 254 317 339  ; 1 2 2 5 2 3 2 3 2 1 
5.501e+04 ; 5.695e-10 ; True ; 1 56 101 108 112 133 170 241 254 269 317 339  ; 1 2 2 5 2 2 2 3 2 2 
5.701e+04 ; 6.09e-10 ; True ; 1 56 101 108 112 133 170 241 269 304 317 339  ; 1 2 2 5 2 2 2 4 2 2 
6.001e+04 ; 6.213e-10 ; True ; 2 41 56 101 108 112 170 241 269 311 317 339  ; 2 2 2 6 2 2 2 3 2 1 
6.001e+04 ; 6.284e-10 ; True ; 1 18 36 56 112 133 170 241 269 304 317 339  ; 1 2 2 5 2 2 2 5 2 2 
6.1e+04 ; 6.542e-10 ; True ; 2 18 41 56 108 112 170 241 269 310 317 339  ; 1 2 2 6 2 2 2 4 2 2 
6.601e+04 ; 8.063e-10 ; True ; 1 56 57 101 106 112 120 170 241 254 304 317 339  ; 1 2 2 4 2 3 2 4 2 2 
6.601e+04 ; 8.963e-10 ; True ; 1 56 57 101 106 112 133 170 241 254 304 317 339  ; 1 2 2 5 2 3 2 4 2 2 
6.701e+04 ; 8.986e-10 ; True ; 1 56 57 101 108 112 170 241 254 269 317 339 373  ; 2 2 3 5 2 2 1 4 2 2 
6.701e+04 ; 9.556e-10 ; True ; 1 56 101 108 112 133 170 241 254 269 317 339 373  ; 1 2 3 6 2 2 2 4 2 2 
6.801e+04 ; 1.13e-09 ; True ; 1 36 56 101 112 133 170 241 254 269 311 317 339  ; 2 2 2 5 2 2 2 3 2 2 
7.001e+04 ; 1.209e-09 ; True ; 1 56 57 108 112 133 170 241 269 317 339 344 364  ; 2 2 2 5 2 2 2 4 2 2 
7.3e+04 ; 1.247e-09 ; True ; 2 18 56 108 112 148 170 211 241 269 304 317 339  ; 2 2 2 5 2 2 2 5 2 2 
7.801e+04 ; 1.423e-09 ; True ; 1 32 56 57 101 106 112 133 170 241 254 304 317 339  ; 1 2 2 6 3 3 2 4 2 2 
7.901e+04 ; 1.779e-09 ; True ; 1 56 57 101 106 112 133 170 241 254 304 311 317 339  ; 2 2 2 5 2 3 2 4 2 2 
7.901e+04 ; 1.788e-09 ; True ; 1 36 56 101 106 112 133 170 241 254 269 311 317 339  ; 2 2 2 6 2 3 2 3 2 2 
8.201e+04 ; 1.835e-09 ; True ; 1 2 56 57 101 108 112 133 170 241 311 317 339 344  ; 2 2 2 6 2 2 2 4 3 2 

RUN 5:
Optimum Distance: 0

Optimal Team: 
Required Skills: 8 15 22 26 35 42 46 48 52 55 
Distance; Skill Score; isValid; Team; Skill Counts
1.1e+04 ; 2.676e-12 ; True ; 2 170 183 241 269 339  ; 1 1 1 2 1 1 1 2 1 1 
1.2e+04 ; 3.519e-12 ; True ; 2 108 170 241 269 339  ; 1 1 1 3 1 1 1 2 1 1 
2.5e+04 ; 3.627e-11 ; True ; 18 108 112 170 241 269 317 339  ; 1 1 2 4 2 2 1 3 1 1 

RUN 6:
Optimum Distance: 0

Optimal Team: 
Required Skills: 8 15 22 26 35 42 46 48 52 55 
Distance; Skill Score; isValid; Team; Skill Counts
1.1e+04 ; 2.676e-12 ; True ; 2 170 183 241 269 339  ; 1 1 1 2 1 1 1 2 1 1 
1.2e+04 ; 3.519e-12 ; True ; 2 36 170 241 269 339  ; 1 1 1 3 1 1 1 2 1 1 
1.401e+04 ; 3.529e-12 ; True ; 2 138 170 183 241 269 317  ; 1 1 1 2 2 1 1 1 1 1 
1.501e+04 ; 5.271e-12 ; True ; 2 138 170 241 269 317 340  ; 1 1 1 2 2 1 1 2 1 1 
1.6e+04 ; 6.879e-12 ; True ; 2 108 138 170 241 269 339  ; 1 2 1 3 1 1 1 2 1 1 
1.6e+04 ; 1.026e-11 ; True ; 2 170 183 241 269 317 339  ; 1 1 2 2 2 1 1 2 1 1 
1.7e+04 ; 1.194e-11 ; True ; 2 170 241 269 317 339 340  ; 1 1 2 2 2 1 1 3 1 1 
1.7e+04 ; 1.35e-11 ; True ; 2 36 170 241 269 317 339  ; 1 1 2 3 2 1 1 2 1 1 
2.101e+04 ; 1.36e-11 ; True ; 2 106 138 170 241 269 304 317  ; 1 1 1 3 2 2 1 2 1 1 
2.101e+04 ; 2.006e-11 ; True ; 2 138 170 183 241 269 317 339  ; 1 2 2 2 2 1 1 2 1 1 
2.201e+04 ; 2.638e-11 ; True ; 2 36 138 170 241 269 317 339  ; 1 2 2 3 2 1 1 2 1 1 
2.201e+04 ; 2.648e-11 ; True ; 2 170 177 183 241 269 317 339  ; 1 1 2 3 2 2 1 2 1 1 
2.3e+04 ; 3.081e-11 ; True ; 2 106 170 241 269 304 317 339  ; 1 1 2 3 2 2 1 3 1 1 
2.3e+04 ; 3.118e-11 ; True ; 2 108 170 177 241 269 317 339  ; 1 1 2 4 2 2 1 2 1 1 
2.4e+04 ; 3.627e-11 ; True ; 2 18 36 170 241 269 317 339  ; 1 1 2 4 2 2 1 3 1 1 
2.801e+04 ; 5.177e-11 ; True ; 2 138 170 177 183 241 269 317 339  ; 1 2 2 3 2 2 1 2 1 1 
2.901e+04 ; 6.022e-11 ; True ; 2 106 138 170 241 269 304 317 339  ; 1 2 2 3 2 2 1 3 1 1 
2.901e+04 ; 6.095e-11 ; True ; 2 108 138 170 177 241 269 317 339  ; 1 2 2 4 2 2 1 2 1 1 
3.001e+04 ; 7.09e-11 ; True ; 2 18 36 138 170 241 269 317 339  ; 1 2 2 4 2 2 1 3 1 1 
3.1e+04 ; 7.127e-11 ; True ; 2 41 170 177 241 269 317 339 340  ; 1 1 2 4 2 2 2 3 1 1 
3.2e+04 ; 7.2e-11 ; True ; 2 18 53 108 170 241 269 317 339  ; 2 1 2 4 2 2 1 3 1 1 
3.2e+04 ; 7.62e-11 ; True ; 2 18 41 170 241 269 317 339 340  ; 1 1 2 4 2 2 2 4 1 1 
3.2e+04 ; 7.922e-11 ; True ; 2 18 41 108 170 241 269 317 339  ; 1 1 2 5 2 2 2 3 1 1 
3.601e+04 ; 8.972e-11 ; True ; 2 138 170 177 183 241 269 317 339 364  ; 1 2 2 4 2 3 1 2 1 1 
3.601e+04 ; 9.741e-11 ; True ; 2 13 106 138 170 241 254 269 317 339  ; 1 2 2 3 2 2 1 2 2 1 
3.701e+04 ; 1.198e-10 ; True ; 2 41 43 138 170 241 269 317 339 364  ; 1 2 2 4 2 2 2 2 1 1 
3.801e+04 ; 1.393e-10 ; True ; 2 41 138 170 177 241 269 317 339 344  ; 1 2 2 4 2 2 2 3 1 1 
3.901e+04 ; 1.548e-10 ; True ; 2 18 36 41 138 170 241 269 317 339  ; 1 2 2 5 2 2 2 3 1 1 
4.1e+04 ; 1.656e-10 ; True ; 2 18 36 41 170 241 269 317 339 340  ; 1 1 2 5 2 2 2 4 1 2 
4.601e+04 ; 1.732e-10 ; True ; 106 138 158 170 241 254 269 304 317 339 364  ; 1 2 2 3 2 3 1 3 1 2 
4.601e+04 ; 2.336e-10 ; True ; 2 106 138 170 241 254 269 304 317 338 339  ; 2 2 2 3 2 2 1 3 1 2 
4.701e+04 ; 2.723e-10 ; True ; 2 41 43 138 170 177 241 269 317 339 340  ; 1 2 2 4 2 2 2 3 1 2 
4.801e+04 ; 2.911e-10 ; True ; 2 41 138 170 177 241 269 317 339 340 344  ; 1 2 2 4 2 2 2 4 1 2 
4.801e+04 ; 2.914e-10 ; True ; 2 18 41 73 138 140 170 241 269 317 339  ; 1 2 2 5 2 2 2 3 2 1 
4.901e+04 ; 3.005e-10 ; True ; 2 18 36 124 138 170 241 269 317 339 340  ; 1 2 2 4 2 2 2 5 1 2 
4.901e+04 ; 3.027e-10 ; True ; 2 41 108 170 177 217 241 269 317 339 340  ; 1 2 2 5 2 2 2 3 1 2 
5e+04 ; 3.115e-10 ; True ; 2 18 41 73 170 217 241 269 304 317 339  ; 1 2 2 5 2 2 2 4 2 1 
5.1e+04 ; 3.347e-10 ; True ; 2 18 36 41 73 170 241 269 317 339 340  ; 1 1 2 6 2 2 2 4 2 2 
5.501e+04 ; 3.838e-10 ; True ; 2 13 106 138 170 241 254 269 304 317 339 364  ; 1 2 2 4 2 3 1 3 2 2 
5.601e+04 ; 4.405e-10 ; True ; 2 41 43 138 170 241 254 269 317 330 339 364  ; 1 2 2 4 2 2 2 2 2 2 
5.701e+04 ; 4.455e-10 ; True ; 2 41 138 170 177 241 254 269 304 317 339 364  ; 1 2 2 5 2 3 2 3 1 2 
5.701e+04 ; 5.123e-10 ; True ; 2 13 41 138 170 177 241 254 269 317 339 340  ; 1 2 2 4 2 2 2 3 2 2 
5.801e+04 ; 5.405e-10 ; True ; 2 41 138 170 177 241 254 269 304 317 338 339  ; 2 2 2 4 2 2 2 3 1 2 
5.901e+04 ; 5.779e-10 ; True ; 2 41 138 170 177 211 241 269 317 339 340 344  ; 2 2 2 4 2 2 2 4 1 2 
5.901e+04 ; 6.008e-10 ; True ; 2 36 41 138 170 241 269 317 338 339 340 364  ; 2 2 2 5 2 2 2 3 1 2 
6.1e+04 ; 6.213e-10 ; True ; 2 18 36 41 73 170 217 241 269 311 317 339  ; 2 2 2 6 2 2 2 3 2 1 
6.3e+04 ; 6.424e-10 ; True ; 2 18 36 41 53 138 170 241 317 338 339 340  ; 2 2 2 5 2 2 2 4 1 2 
6.4e+04 ; 6.644e-10 ; True ; 2 18 36 41 53 112 170 241 317 338 339 340  ; 2 1 2 6 2 2 2 4 2 2 
6.701e+04 ; 7.206e-10 ; True ; 2 41 43 106 138 170 241 254 269 317 330 339 364  ; 1 2 2 5 2 3 2 2 2 2 
6.801e+04 ; 7.618e-10 ; True ; 2 106 138 158 170 241 254 269 304 317 338 339 364  ; 2 2 2 4 2 3 1 3 2 2 

RUN 7:
Optimum Distance: 0

Optimal Team: 
Required Skills: 8 15 22 26 35 42 46 48 52 55 
Distance; Skill Score; isValid; Team; Skill Counts
1.1e+04 ; 2.676e-12 ; True ; 2 170 183 241 269 339  ; 1 1 1 2 1 1 1 2 1 1 
1.2e+04 ; 3.519e-12 ; True ; 2 108 170 241 269 339  ; 1 1 1 3 1 1 1 2 1 1 

RUN 8:
Optimum Distance: 0

Optimal Team: 
Required Skills: 8 15 22 26 35 42 46 48 52 55 
Distance; Skill Score; isValid; Team; Skill Counts
1.1e+04 ; 2.676e-12 ; True ; 2 170 183 241 269 339  ; 1 1 1 2 1 1 1 2 1 1 
1.2e+04 ; 3.519e-12 ; True ; 2 108 170 241 269 339  ; 1 1 1 3 1 1 1 2 1 1 
1.6e+04 ; 6.879e-12 ; True ; 2 36 138 170 241 269 339  ; 1 2 1 3 1 1 1 2 1 1 

RUN 9:
Optimum Distance: 0

Optimal Team: 
Required Skills: 8 15 22 26 35 42 46 48 52 55 
Distance; Skill Score; isValid; Team; Skill Counts
1.2e+04 ; 3.519e-12 ; True ; 2 108 170 241 269 339  ; 1 1 1 3 1 1 1 2 1 1 
1.7e+04 ; 1.35e-11 ; True ; 2 108 170 241 269 317 339  ; 1 1 2 3 2 1 1 2 1 1 
3.001e+04 ; 7.09e-11 ; True ; 2 18 108 138 170 241 269 317 339  ; 1 2 2 4 2 2 1 3 1 1 

RUN 10:
Optimum Distance: 0

Optimal Team: 
Required Skills: 8 15 22 26 35 42 46 48 52 55 
Distance; Skill Score; isValid; Team; Skill Counts
1.1e+04 ; 2.676e-12 ; True ; 2 170 183 241 269 339  ; 1 1 1 2 1 1 1 2 1 1 
1.2e+04 ; 3.519e-12 ; True ; 2 36 170 241 269 339  ; 1 1 1 3 1 1 1 2 1 1 
1.6e+04 ; 1.026e-11 ; True ; 2 170 183 241 269 317 339  ; 1 1 2 2 2 1 1 2 1 1 
1.7e+04 ; 1.35e-11 ; True ; 2 108 170 241 269 317 339  ; 1 1 2 3 2 1 1 2 1 1 

