m: 18
Instance: 1
Algorithm: SPEA2
Iteration: 900
Population Size: 100
RUN 1:
Optimum Distance: 0

Optimal Team: 
Required Skills: 5 6 8 10 11 13 16 17 20 22 26 27 29 34 38 42 49 55 
Distance; Skill Score; isValid; Team; Skill Counts
2.7e+04 ; 3.426e-22 ; True ; 62 82 112 116 290 321 336 411  ; 1 2 1 1 2 1 2 1 1 1 2 2 2 3 1 1 1 1 
3.4e+04 ; 1.543e-21 ; True ; 62 82 116 286 290 321 323 336 411  ; 1 2 1 1 2 2 3 1 2 1 3 2 1 4 1 1 1 1 
3.5e+04 ; 3.086e-21 ; True ; 62 82 112 116 286 290 321 336 411  ; 1 2 1 1 2 2 3 2 1 1 3 2 2 4 1 1 1 1 
4.3e+04 ; 1.088e-20 ; True ; 62 82 112 116 286 290 321 323 336 411  ; 1 2 1 1 2 2 3 2 2 1 3 2 2 4 2 1 1 1 

RUN 2:
Optimum Distance: 0

Optimal Team: 
Required Skills: 5 6 8 10 11 13 16 17 20 22 26 27 29 34 38 42 49 55 
Distance; Skill Score; isValid; Team; Skill Counts
2.6e+04 ; 1.785e-22 ; True ; 62 82 112 116 321 336 386 411  ; 1 2 1 1 2 1 2 1 1 1 2 1 2 3 1 1 1 1 
2.7e+04 ; 2.068e-22 ; True ; 62 82 112 116 336 385 386 411  ; 1 2 1 1 1 1 2 1 2 1 2 1 2 4 1 1 1 1 
3.5e+04 ; 3.086e-21 ; True ; 62 82 112 116 286 290 321 336 411  ; 1 2 1 1 2 2 3 2 1 1 3 2 2 4 1 1 1 1 

RUN 3:
Optimum Distance: 0

Optimal Team: 
Required Skills: 5 6 8 10 11 13 16 17 20 22 26 27 29 34 38 42 49 55 
Distance; Skill Score; isValid; Team; Skill Counts
2e+04 ; 2.404e-23 ; True ; 82 116 158 286 290 321 336  ; 1 1 1 1 1 1 2 1 1 1 2 1 1 3 1 1 1 1 
2.7e+04 ; 3.426e-22 ; True ; 62 82 112 116 290 321 336 411  ; 1 2 1 1 2 1 2 1 1 1 2 2 2 3 1 1 1 1 
3.5e+04 ; 3.086e-21 ; True ; 62 82 112 116 286 290 321 336 411  ; 1 2 1 1 2 2 3 2 1 1 3 2 2 4 1 1 1 1 

RUN 4:
Optimum Distance: 0

Optimal Team: 
Required Skills: 5 6 8 10 11 13 16 17 20 22 26 27 29 34 38 42 49 55 
Distance; Skill Score; isValid; Team; Skill Counts
2.5e+04 ; 4.715e-23 ; True ; 0 54 82 116 286 290 321 336  ; 1 1 1 1 2 1 2 1 1 1 2 1 1 3 1 1 1 1 
2.5e+04 ; 5.455e-23 ; True ; 0 82 87 116 286 290 321 336  ; 2 1 1 1 1 1 2 1 1 1 2 1 1 4 1 1 1 1 
2.6e+04 ; 7.884e-23 ; True ; 0 54 82 227 286 290 336 413  ; 1 2 1 1 1 1 3 1 1 1 2 1 1 4 1 1 1 1 
2.6e+04 ; 9.364e-23 ; True ; 0 82 112 116 286 290 321 336  ; 1 1 1 1 1 1 2 2 1 1 2 1 2 3 1 1 1 1 
2.7e+04 ; 1.747e-22 ; True ; 0 62 82 112 227 290 336 413  ; 1 2 1 1 1 1 2 1 1 1 2 2 2 3 1 1 1 1 
2.7e+04 ; 3.426e-22 ; True ; 62 82 112 116 290 321 336 411  ; 1 2 1 1 2 1 2 1 1 1 2 2 2 3 1 1 1 1 
2.8e+04 ; 4.04e-22 ; True ; 62 82 158 227 286 290 336 413  ; 1 2 1 1 1 2 3 1 1 1 3 2 1 4 1 1 1 1 
2.8e+04 ; 4.375e-22 ; True ; 62 82 112 290 336 385 411 413  ; 1 2 1 1 1 1 2 1 2 1 2 2 2 5 1 1 1 1 
3.2e+04 ; 5.089e-22 ; True ; 5 62 82 112 116 321 336 401 411  ; 1 2 1 1 2 1 2 1 1 1 3 1 2 4 2 1 1 1 
3.3e+04 ; 5.983e-22 ; True ; 5 62 82 112 227 336 346 380 413  ; 2 2 1 1 1 1 2 1 2 1 3 1 2 5 1 1 1 1 
3.4e+04 ; 6.856e-22 ; True ; 5 62 82 116 158 286 321 336 486  ; 1 1 1 1 2 2 2 1 2 1 4 1 1 4 1 1 2 1 
3.4e+04 ; 7.924e-22 ; True ; 0 54 62 82 227 286 290 336 413  ; 1 2 1 1 2 2 3 1 1 1 3 2 1 4 1 1 1 1 
3.4e+04 ; 9.411e-22 ; True ; 0 62 82 112 116 286 290 321 336  ; 1 1 1 1 2 2 2 2 1 1 3 2 2 3 1 1 1 1 
3.5e+04 ; 1.645e-21 ; True ; 62 112 158 227 286 290 336 413 486  ; 1 2 1 1 1 2 2 2 2 1 3 2 1 3 2 1 1 1 
3.5e+04 ; 3.086e-21 ; True ; 62 82 112 116 286 290 321 336 411  ; 1 2 1 1 2 2 3 2 1 1 3 2 2 4 1 1 1 1 
3.6e+04 ; 3.605e-21 ; True ; 62 82 112 286 290 336 385 411 413  ; 1 2 1 1 1 2 3 2 2 1 3 2 2 6 1 1 1 1 
4.1e+04 ; 5.589e-21 ; True ; 62 82 112 116 286 290 321 336 401 411  ; 1 2 1 1 2 2 3 2 1 1 3 2 2 4 2 1 1 1 
4.3e+04 ; 6.604e-21 ; True ; 62 82 112 116 158 286 290 321 336 486  ; 1 1 1 1 2 2 2 2 2 1 3 2 2 3 2 1 2 1 
4.4e+04 ; 9.465e-21 ; True ; 62 82 112 158 172 227 286 290 336 486  ; 1 2 1 1 1 2 3 2 2 1 3 2 2 3 2 1 2 1 
4.4e+04 ; 9.601e-21 ; True ; 2 62 82 112 227 254 286 290 336 413  ; 1 2 1 1 1 2 4 2 2 1 4 2 2 5 2 1 1 1 
4.4e+04 ; 1.519e-20 ; True ; 5 62 82 112 116 286 290 321 336 411  ; 2 2 1 2 2 2 3 2 1 1 4 2 2 5 1 1 1 1 
4.5e+04 ; 1.62e-20 ; True ; 5 62 82 112 286 290 321 336 411 413  ; 2 2 1 2 2 2 3 2 1 1 4 2 2 6 1 1 1 1 
5.1e+04 ; 2.75e-20 ; True ; 5 62 82 112 116 286 290 321 336 401 411  ; 2 2 1 2 2 2 3 2 1 1 4 2 2 5 2 1 1 1 
5.3e+04 ; 4.239e-20 ; True ; 62 82 112 116 158 286 290 321 336 411 486  ; 1 2 1 1 2 2 3 2 2 2 3 2 2 4 2 1 2 1 
5.4e+04 ; 5.433e-20 ; True ; 5 62 82 112 158 227 286 290 336 413 486  ; 2 2 1 2 1 2 3 2 2 1 4 2 2 5 2 1 2 1 
5.4e+04 ; 6.713e-20 ; True ; 5 48 62 82 112 116 286 290 321 336 411  ; 2 3 1 2 2 2 4 2 2 1 5 2 2 6 1 1 1 1 
6.2e+04 ; 7.338e-20 ; True ; 5 62 82 112 116 158 286 290 321 336 401 411  ; 2 2 1 2 2 2 3 2 1 2 4 2 2 5 3 1 1 1 
6.3e+04 ; 7.823e-20 ; True ; 5 62 82 112 116 158 227 286 290 336 423 486  ; 2 2 1 2 1 2 3 2 2 1 4 3 2 5 2 1 2 1 
6.3e+04 ; 9.095e-20 ; True ; 2 62 82 112 116 158 227 286 290 321 336 486  ; 1 2 1 1 2 2 4 2 2 1 4 2 2 4 3 1 2 2 
6.3e+04 ; 9.509e-20 ; True ; 2 62 82 112 116 226 286 290 321 323 336 411  ; 2 2 1 2 2 2 4 2 2 1 4 2 2 5 3 1 1 1 
6.3e+04 ; 1.237e-19 ; True ; 2 62 82 112 116 226 227 286 290 321 336 411  ; 2 3 1 2 2 2 5 2 1 1 4 2 2 5 2 1 1 2 
6.4e+04 ; 2.086e-19 ; True ; 5 62 82 112 116 158 286 290 321 336 411 486  ; 2 2 1 2 2 2 3 2 2 2 4 2 2 5 2 1 2 1 
6.5e+04 ; 2.225e-19 ; True ; 5 62 82 112 158 286 290 321 336 411 413 486  ; 2 2 1 2 2 2 3 2 2 2 4 2 2 6 2 1 2 1 
6.6e+04 ; 2.312e-19 ; True ; 5 62 82 112 227 286 290 321 336 411 413 486  ; 2 3 1 2 2 2 4 2 2 1 4 2 2 6 1 1 2 2 
7.3e+04 ; 2.843e-19 ; True ; 5 62 82 112 116 158 286 290 321 336 401 411 486  ; 2 2 1 2 2 2 3 2 2 2 4 2 2 5 3 1 2 1 
7.4e+04 ; 3.204e-19 ; True ; 5 62 82 112 116 158 286 290 321 336 411 423 486  ; 2 2 1 2 2 2 3 2 2 2 4 3 2 6 2 1 2 1 
7.4e+04 ; 3.369e-19 ; True ; 2 62 82 112 116 158 226 227 286 290 321 336 486  ; 2 2 1 2 2 2 4 2 2 1 4 2 2 4 3 1 2 2 
7.5e+04 ; 4.214e-19 ; True ; 2 5 62 82 112 116 158 227 286 290 321 336 486  ; 2 2 1 2 2 2 4 2 2 1 5 2 2 5 3 1 2 2 
7.5e+04 ; 4.793e-19 ; True ; 2 62 82 112 116 226 227 286 290 321 336 411 486  ; 2 3 1 2 2 2 5 2 2 1 4 2 2 5 2 1 2 2 
7.6e+04 ; 7.681e-19 ; True ; 5 62 82 112 116 158 227 286 290 321 336 411 486  ; 2 3 1 2 2 2 4 2 2 2 4 2 2 5 2 1 2 2 
7.7e+04 ; 8.196e-19 ; True ; 5 62 82 112 158 227 286 290 321 336 411 413 486  ; 2 3 1 2 2 2 4 2 2 2 4 2 2 6 2 1 2 2 

RUN 5:
Optimum Distance: 0

Optimal Team: 
Required Skills: 5 6 8 10 11 13 16 17 20 22 26 27 29 34 38 42 49 55 
Distance; Skill Score; isValid; Team; Skill Counts
2e+04 ; 2.404e-23 ; True ; 82 116 158 286 290 321 336  ; 1 1 1 1 1 1 2 1 1 1 2 1 1 3 1 1 1 1 
2.5e+04 ; 4.768e-23 ; True ; 116 158 194 286 290 321 336 486  ; 1 2 1 1 1 1 1 1 2 1 3 1 1 2 1 1 1 1 
2.5e+04 ; 8.477e-23 ; True ; 82 116 158 286 290 321 323 336  ; 1 1 1 1 1 1 2 1 2 1 2 1 1 3 2 1 1 1 
2.6e+04 ; 9.314e-23 ; True ; 82 116 158 286 290 321 336 486  ; 1 1 1 1 1 1 2 1 2 1 2 1 1 3 1 1 2 1 
2.6e+04 ; 9.364e-23 ; True ; 0 82 112 116 286 290 321 336  ; 1 1 1 1 1 1 2 2 1 1 2 1 2 3 1 1 1 1 
2.6e+04 ; 1.228e-22 ; True ; 82 116 158 194 286 290 321 336  ; 1 2 1 1 1 1 2 1 1 1 3 1 2 3 1 1 1 1 

RUN 6:
Optimum Distance: 0

Optimal Team: 
Required Skills: 5 6 8 10 11 13 16 17 20 22 26 27 29 34 38 42 49 55 
Distance; Skill Score; isValid; Team; Skill Counts
2.6e+04 ; 9.314e-23 ; True ; 82 116 158 286 290 321 336 486  ; 1 1 1 1 1 1 2 1 2 1 2 1 1 3 1 1 2 1 
2.7e+04 ; 2.416e-22 ; True ; 62 82 116 158 286 290 321 336  ; 1 1 1 1 2 2 2 1 1 1 3 2 1 3 1 1 1 1 
2.7e+04 ; 3.426e-22 ; True ; 62 82 112 116 290 321 336 411  ; 1 2 1 1 2 1 2 1 1 1 2 2 2 3 1 1 1 1 
3.4e+04 ; 9.362e-22 ; True ; 62 82 116 158 286 290 321 336 486  ; 1 1 1 1 2 2 2 1 2 1 3 2 1 3 1 1 2 1 
3.5e+04 ; 3.086e-21 ; True ; 62 82 112 116 286 290 321 336 411  ; 1 2 1 1 2 2 3 2 1 1 3 2 2 4 1 1 1 1 

RUN 7:
Optimum Distance: 0

Optimal Team: 
Required Skills: 5 6 8 10 11 13 16 17 20 22 26 27 29 34 38 42 49 55 
Distance; Skill Score; isValid; Team; Skill Counts
2.6e+04 ; 1.785e-22 ; True ; 62 82 112 116 321 336 386 411  ; 1 2 1 1 2 1 2 1 1 1 2 1 2 3 1 1 1 1 
2.7e+04 ; 3.426e-22 ; True ; 62 82 112 116 290 321 336 411  ; 1 2 1 1 2 1 2 1 1 1 2 2 2 3 1 1 1 1 
3.5e+04 ; 3.086e-21 ; True ; 62 82 112 116 286 290 321 336 411  ; 1 2 1 1 2 2 3 2 1 1 3 2 2 4 1 1 1 1 

RUN 8:
Optimum Distance: 0

Optimal Team: 
Required Skills: 5 6 8 10 11 13 16 17 20 22 26 27 29 34 38 42 49 55 
Distance; Skill Score; isValid; Team; Skill Counts
2e+04 ; 2.404e-23 ; True ; 82 116 158 286 290 321 336  ; 1 1 1 1 1 1 2 1 1 1 2 1 1 3 1 1 1 1 
2.5e+04 ; 3.346e-23 ; True ; 82 116 158 286 290 321 323 410  ; 1 1 1 1 1 1 2 1 1 1 2 1 1 2 2 1 1 1 
2.6e+04 ; 3.677e-23 ; True ; 73 82 116 158 286 290 321 486  ; 1 1 1 1 1 1 2 1 1 1 2 1 1 2 1 1 2 1 
2.6e+04 ; 5.105e-23 ; True ; 62 112 116 127 227 336 386 411  ; 1 3 1 1 1 1 2 1 1 1 2 1 1 2 1 1 1 1 
2.6e+04 ; 1.785e-22 ; True ; 62 82 112 116 321 336 386 411  ; 1 2 1 1 2 1 2 1 1 1 2 1 2 3 1 1 1 1 
2.7e+04 ; 1.921e-22 ; True ; 62 82 112 116 227 336 386 411  ; 1 3 1 1 1 1 3 1 1 1 2 1 2 3 1 1 1 1 
2.7e+04 ; 3.071e-22 ; True ; 82 112 116 286 290 321 336 411  ; 1 2 1 1 1 1 3 2 1 1 2 1 2 4 1 1 1 1 
2.7e+04 ; 3.426e-22 ; True ; 62 82 112 116 290 321 336 411  ; 1 2 1 1 2 1 2 1 1 1 2 2 2 3 1 1 1 1 
2.8e+04 ; 4.04e-22 ; True ; 62 82 158 227 286 290 336 413  ; 1 2 1 1 1 2 3 1 1 1 3 2 1 4 1 1 1 1 
3.3e+04 ; 4.441e-22 ; True ; 62 82 116 158 226 286 321 323 336  ; 1 1 1 1 2 2 2 1 2 1 3 1 1 3 2 1 1 1 
3.4e+04 ; 4.909e-22 ; True ; 62 82 112 116 158 227 336 386 486  ; 1 2 1 1 1 1 2 1 2 1 2 1 2 2 2 1 2 1 
3.4e+04 ; 9.362e-22 ; True ; 62 82 116 158 286 290 321 336 486  ; 1 1 1 1 2 2 2 1 2 1 3 2 1 3 1 1 2 1 
3.4e+04 ; 9.687e-22 ; True ; 48 62 82 116 158 286 321 336 386  ; 1 2 1 1 2 2 3 1 2 1 4 1 1 4 1 1 1 1 
3.4e+04 ; 9.751e-22 ; True ; 48 62 73 82 112 116 290 321 411  ; 1 3 1 1 2 1 3 1 1 1 3 2 2 3 1 1 1 1 
3.5e+04 ; 1.538e-21 ; True ; 62 82 112 116 227 286 336 386 411  ; 1 3 1 1 1 2 4 2 1 1 3 1 2 4 1 1 1 1 
3.5e+04 ; 3.086e-21 ; True ; 62 82 112 116 286 290 321 336 411  ; 1 2 1 1 2 2 3 2 1 1 3 2 2 4 1 1 1 1 
3.6e+04 ; 3.403e-21 ; True ; 62 82 112 286 290 321 336 411 413  ; 1 2 1 1 2 2 3 2 1 1 3 2 2 5 1 1 1 1 
4.2e+04 ; 3.634e-21 ; True ; 48 62 73 82 112 116 286 321 386 411  ; 1 3 1 1 2 2 4 2 1 1 4 1 2 4 1 1 1 1 
4.3e+04 ; 6.604e-21 ; True ; 62 82 112 116 158 286 290 321 336 486  ; 1 1 1 1 2 2 2 2 2 1 3 2 2 3 2 1 2 1 
4.4e+04 ; 7.34e-21 ; True ; 5 62 112 116 158 227 286 290 336 486  ; 2 2 1 2 1 2 2 2 2 1 4 2 1 3 2 1 1 1 
4.4e+04 ; 1.104e-20 ; True ; 62 82 112 158 227 286 290 336 413 486  ; 1 2 1 1 1 2 3 2 2 1 3 2 2 4 2 1 2 1 
4.4e+04 ; 1.497e-20 ; True ; 48 62 82 112 116 286 290 321 336 411  ; 1 3 1 1 2 2 4 2 2 1 4 2 2 5 1 1 1 1 
4.5e+04 ; 1.62e-20 ; True ; 5 62 82 112 286 290 321 336 411 413  ; 2 2 1 2 2 2 3 2 1 1 4 2 2 6 1 1 1 1 
5.2e+04 ; 1.743e-20 ; True ; 62 82 112 116 158 290 321 336 386 411 486  ; 2 2 1 2 2 1 2 1 2 2 2 2 2 3 2 1 2 1 
5.2e+04 ; 2.236e-20 ; True ; 48 62 73 82 112 116 158 286 290 321 486  ; 1 2 1 1 2 2 3 2 2 1 4 2 2 3 2 1 2 1 
5.2e+04 ; 2.75e-20 ; True ; 5 62 82 112 116 286 290 321 336 406 411  ; 2 2 1 2 2 2 3 2 1 1 4 2 2 5 2 1 1 1 
5.3e+04 ; 4.239e-20 ; True ; 62 82 112 116 158 286 290 321 336 411 486  ; 1 2 1 1 2 2 3 2 2 2 3 2 2 4 2 1 2 1 
5.4e+04 ; 6.713e-20 ; True ; 5 48 62 82 112 116 286 290 321 336 411  ; 2 3 1 2 2 2 4 2 2 1 5 2 2 6 1 1 1 1 
6.2e+04 ; 7.338e-20 ; True ; 5 62 82 112 116 158 286 290 321 336 406 411  ; 2 2 1 2 2 2 3 2 1 2 4 2 2 5 3 1 1 1 
6.3e+04 ; 9.714e-20 ; True ; 5 62 73 82 112 116 158 286 290 321 411 486  ; 2 2 1 2 2 2 3 2 1 2 4 2 2 4 2 1 2 1 
6.4e+04 ; 2.086e-19 ; True ; 5 62 82 112 116 158 286 290 321 336 411 486  ; 2 2 1 2 2 2 3 2 2 2 4 2 2 5 2 1 2 1 
6.5e+04 ; 2.128e-19 ; True ; 5 62 82 112 158 227 286 290 336 411 413 486  ; 2 3 1 2 1 2 4 2 2 2 4 2 2 6 2 1 2 1 
6.5e+04 ; 2.38e-19 ; True ; 5 48 62 82 112 116 158 286 290 321 336 411  ; 2 3 1 2 2 2 4 2 2 2 5 2 2 6 2 1 1 1 
7.4e+04 ; 3.127e-19 ; True ; 62 82 112 116 158 226 286 290 321 323 336 411 486  ; 2 2 1 2 2 2 3 2 3 2 3 2 2 4 3 1 2 1 
7.5e+04 ; 4.108e-19 ; True ; 5 62 82 112 116 158 187 286 290 321 336 411 486  ; 2 2 1 2 2 2 3 2 2 2 4 2 2 5 2 2 2 1 
7.5e+04 ; 4.581e-19 ; True ; 5 62 82 112 116 158 286 289 290 321 336 411 486  ; 2 3 1 3 2 2 3 2 2 2 4 2 2 6 2 1 2 1 
7.5e+04 ; 5.262e-19 ; True ; 5 62 82 112 116 158 227 286 290 321 323 336 411  ; 2 3 1 2 2 2 4 2 2 2 4 2 2 5 3 1 1 2 
7.6e+04 ; 7.681e-19 ; True ; 5 62 82 112 116 158 227 286 290 321 336 411 486  ; 2 3 1 2 2 2 4 2 2 2 4 2 2 5 2 1 2 2 
8.6e+04 ; 1.047e-18 ; True ; 5 62 82 112 116 158 227 286 290 321 336 406 411 486  ; 2 3 1 2 2 2 4 2 2 2 4 2 2 5 3 1 2 2 
8.8e+04 ; 1.5e-18 ; True ; 5 62 82 112 116 158 227 286 289 290 321 336 411 486  ; 2 4 1 3 2 2 4 2 2 2 4 2 2 6 2 1 2 2 
8.9e+04 ; 2.124e-18 ; True ; 5 48 62 82 112 116 158 227 286 290 321 336 411 486  ; 2 4 1 2 2 2 5 2 3 2 5 2 2 6 2 1 2 2 
9e+04 ; 2.22e-18 ; True ; 5 48 62 82 112 158 227 286 290 321 336 411 413 486  ; 2 4 1 2 2 2 5 2 3 2 5 2 2 7 2 1 2 2 
1e+05 ; 2.896e-18 ; True ; 5 48 62 82 112 116 158 227 286 290 321 336 406 411 486  ; 2 4 1 2 2 2 5 2 3 2 5 2 2 6 3 1 2 2 
1.01e+05 ; 3.144e-18 ; True ; 5 48 62 82 112 116 158 227 286 290 321 336 350 411 486  ; 2 4 1 2 2 2 5 3 3 2 5 2 2 6 2 1 2 2 
1.02e+05 ; 3.209e-18 ; True ; 5 62 82 112 116 158 187 227 286 290 321 336 378 411 486  ; 2 3 2 2 2 2 4 2 2 2 4 2 2 6 2 2 2 2 
1.02e+05 ; 3.915e-18 ; True ; 5 48 62 82 112 116 158 286 290 321 336 354 411 413 486  ; 2 4 1 2 2 2 4 2 3 2 6 2 2 7 2 2 2 2 
1.03e+05 ; 5.745e-18 ; True ; 5 48 62 82 112 116 158 227 286 290 321 336 411 413 486  ; 2 5 1 2 2 2 5 2 3 2 6 2 2 7 2 2 2 2 
1.15e+05 ; 7.831e-18 ; True ; 5 48 62 82 112 116 158 227 286 290 321 336 406 411 413 486  ; 2 5 1 2 2 2 5 2 3 2 6 2 2 7 3 2 2 2 
1.16e+05 ; 8.343e-18 ; True ; 2 18 48 62 82 112 116 158 227 286 290 321 336 386 411 486  ; 2 4 1 2 2 2 7 2 3 2 6 2 2 6 3 2 2 2 
1.18e+05 ; 1.249e-17 ; True ; 5 48 62 82 112 116 158 227 286 290 321 336 411 413 477 486  ; 2 5 1 2 2 2 5 3 3 3 6 2 2 7 2 2 2 2 
1.31e+05 ; 1.429e-17 ; True ; 48 62 82 112 116 158 227 286 290 297 321 336 398 406 411 413 486  ; 3 5 1 3 2 2 5 2 3 2 5 2 2 6 3 2 2 2 
1.32e+05 ; 1.769e-17 ; True ; 18 48 62 82 112 116 158 226 227 286 290 321 323 336 411 477 486  ; 2 4 1 2 2 2 6 3 4 3 5 2 2 5 3 2 2 2 
1.33e+05 ; 1.908e-17 ; True ; 2 5 18 48 62 82 112 116 158 227 286 290 321 336 378 411 486  ; 2 4 2 2 2 2 7 2 3 2 7 2 2 8 3 2 2 2 
1.34e+05 ; 2.433e-17 ; True ; 5 18 48 62 82 112 116 158 226 227 286 290 321 336 411 477 486  ; 3 4 1 3 2 2 6 3 3 3 6 2 2 6 2 2 2 2 
1.48e+05 ; 2.468e-17 ; True ; 5 18 48 62 80 82 112 116 158 227 242 286 290 321 378 411 477 486  ; 3 4 1 2 3 2 6 3 2 3 6 3 2 6 2 2 2 2 
1.48e+05 ; 2.842e-17 ; True ; 18 48 62 82 112 116 158 226 227 286 290 297 321 336 406 411 477 486  ; 3 4 1 3 2 2 6 3 3 3 5 2 2 5 3 2 2 2 
1.49e+05 ; 3.691e-17 ; True ; 18 48 62 82 112 116 158 226 227 286 290 297 321 323 336 411 477 486  ; 3 4 1 3 2 2 6 3 4 3 5 2 2 5 3 2 2 2 
1.5e+05 ; 4.304e-17 ; True ; 5 18 48 62 82 112 116 158 179 227 286 290 321 336 378 386 477 486  ; 3 3 2 3 2 2 5 3 3 2 6 3 2 6 3 2 2 2 
1.51e+05 ; 5.202e-17 ; True ; 5 18 48 62 82 112 116 158 227 242 286 290 321 336 378 411 477 486  ; 3 4 2 2 3 2 6 3 3 3 6 2 2 7 2 2 2 2 
1.66e+05 ; 5.425e-17 ; True ; 18 48 62 82 112 116 158 226 227 242 286 290 297 321 336 406 411 477 486  ; 4 4 1 3 3 2 6 3 3 3 5 2 2 5 3 2 2 2 
1.67e+05 ; 5.548e-17 ; True ; 2 18 48 50 62 82 112 116 158 227 286 290 297 321 336 378 411 477 486  ; 2 4 2 2 2 2 7 3 3 3 6 2 2 7 3 2 2 3 
1.67e+05 ; 5.644e-17 ; True ; 1 5 18 48 62 82 112 116 158 179 227 242 286 290 321 336 378 411 486  ; 3 5 2 2 3 2 6 2 3 2 6 3 2 7 3 2 2 2 
1.67e+05 ; 6.572e-17 ; True ; 5 18 48 62 82 112 116 158 226 227 242 286 290 321 336 350 378 411 486  ; 4 4 2 3 3 2 6 3 3 2 6 2 2 7 2 2 2 2 
1.68e+05 ; 6.592e-17 ; True ; 5 18 48 62 82 112 116 158 226 227 232 242 286 290 321 336 378 411 486  ; 4 4 2 3 3 3 6 2 3 2 6 2 2 7 2 2 2 2 
1.68e+05 ; 7.026e-17 ; True ; 5 18 48 62 82 112 116 158 179 187 227 286 290 321 336 378 411 477 486  ; 2 4 2 2 2 2 6 3 3 3 6 3 2 7 3 3 2 2 
1.68e+05 ; 7.238e-17 ; True ; 5 18 48 62 82 112 116 158 179 227 242 286 290 321 336 354 411 477 486  ; 3 4 1 2 3 2 6 3 3 3 6 3 2 6 3 2 2 3 
1.69e+05 ; 9.921e-17 ; True ; 5 18 48 62 82 112 116 158 179 226 227 286 290 321 336 378 411 477 486  ; 3 4 2 3 2 2 6 3 3 3 6 3 2 7 3 2 2 2 
1.69e+05 ; 1.021e-16 ; True ; 5 18 48 62 82 112 116 158 179 227 242 286 290 321 336 378 411 477 486  ; 3 4 2 2 3 2 6 3 3 3 6 3 2 7 3 2 2 2 
1.85e+05 ; 1.111e-16 ; True ; 5 18 48 62 82 112 116 158 179 226 227 286 290 321 323 336 354 411 477 486  ; 3 4 1 3 2 2 6 3 4 3 6 3 2 6 4 2 2 3 
1.86e+05 ; 1.515e-16 ; True ; 2 5 18 48 62 82 112 116 158 179 226 227 286 290 321 336 378 411 477 486  ; 3 4 2 3 2 2 7 3 3 3 7 3 2 8 4 2 2 2 
1.87e+05 ; 1.52e-16 ; True ; 5 18 48 62 82 112 116 158 226 227 242 286 289 290 321 336 378 411 477 486  ; 4 5 2 4 3 2 6 3 3 3 6 2 2 8 2 2 2 2 
1.88e+05 ; 1.673e-16 ; True ; 5 18 48 62 82 112 116 158 226 227 242 257 286 290 321 336 378 411 477 486  ; 4 4 2 4 3 2 6 3 3 3 6 2 2 7 3 2 2 2 

RUN 9:
Optimum Distance: 0

Optimal Team: 
Required Skills: 5 6 8 10 11 13 16 17 20 22 26 27 29 34 38 42 49 55 
Distance; Skill Score; isValid; Team; Skill Counts
2.7e+04 ; 3.426e-22 ; True ; 62 82 112 116 290 321 336 411  ; 1 2 1 1 2 1 2 1 1 1 2 2 2 3 1 1 1 1 
3.5e+04 ; 3.086e-21 ; True ; 62 82 112 116 286 290 321 336 411  ; 1 2 1 1 2 2 3 2 1 1 3 2 2 4 1 1 1 1 
4.3e+04 ; 1.143e-20 ; True ; 62 82 112 116 286 290 321 336 386 411  ; 2 2 1 2 2 2 3 2 1 1 3 2 2 4 1 1 1 1 

RUN 10:
Optimum Distance: 0

Optimal Team: 
Required Skills: 5 6 8 10 11 13 16 17 20 22 26 27 29 34 38 42 49 55 
Distance; Skill Score; isValid; Team; Skill Counts
2.7e+04 ; 3.426e-22 ; True ; 62 82 112 116 290 321 336 411  ; 1 2 1 1 2 1 2 1 1 1 2 2 2 3 1 1 1 1 
3.5e+04 ; 3.086e-21 ; True ; 62 82 112 116 286 290 321 336 411  ; 1 2 1 1 2 2 3 2 1 1 3 2 2 4 1 1 1 1 

