m	skills	qno	seed				
4	22,27,37,40,	130	1				
4	11,29,51,55,	54	2				
4	16,35,43,49,	45	3				
4	10,31,38,48,	330	4				
4	0,29,30,31,	169	5				
4	8,13,23,41,	42	6				
4	14,43,56,57,	199	7				
4	11,38,55,56,	149	8				
4	1,11,22,40,	200	9				
4	12,34,46,51,	196	10				
4	8,38,42,57,	264	11				
4	10,37,43,51,	90	12				
4	0,17,39,53,	183	13				
4	10,42,46,49,	79	14				
4	12,36,43,57,	251	15				
4	11,12,16,23,	101	16				
4	12,13,16,22,	100	17				
4	11,26,37,43,	159	18				
4	0,13,34,46,	240	19				
4	8,30,35,40,	90	20				
4	29,39,48,56,	253	21				
4	8,23,29,47,	54	22				
4	8,14,23,36,	107	23				
4	12,29,31,53,	127	24				
4	11,39,43,48,	244	25				
4	16,29,38,42,	139	26				
4	9,17,49,53,	108	27				
4	14,27,38,56,	182	28				
4	17,26,47,49,	141	29				
4	1,8,13,36,	208	30				
4	13,14,16,20,	89	31				
4	1,9,17,49,	187	32				
4	17,26,31,41,	145	33				
4	8,22,24,35,	117	34				
4	8,17,40,52,	95	35				
4	1,8,19,38,	231	36				
4	8,15,48,55,	234	37				
4	11,12,34,41,	214	38				
4	19,30,35,46,	71	39				
4	1,8,26,53,	285	40				
4	9,15,26,56,	170	41				
4	0,19,35,49,	124	42				
4	0,5,37,38,	251	43				
4	17,22,42,57,	193	44				
4	35,40,41,50,	87	45				
4	22,34,39,42,	191	46				
4	9,36,40,53,	167	47				
4	9,38,48,56,	342	48				
4	23,49,52,56,	82	49				
4	9,10,46,49,	99	50				
4	13,26,31,38,	214	51				
4	37,42,48,57,	357	52				
4	22,39,43,49,	56	53				
4	1,47,49,56,	184	54				
4	9,29,38,52,	172	55				
4	41,52,56,57,	232	56				
4	15,19,20,50,	75	57				
4	2,19,30,47,	107	58				
4	19,39,53,56,	105	59				
4	38,49,51,52,	136	60				
4	9,15,26,53,	198	61				
4	16,22,48,56,	256	62				
4	5,38,42,50,	157	63				
4	13,14,30,56,	102	64				
4	0,2,46,50,	170	65				
4	17,23,30,35,	75	66				
4	2,8,30,52,	128	67				
4	2,9,23,26,	172	68				
4	30,35,37,51,	92	69				
4	16,17,20,47,	83	70				
4	22,23,39,42,	70	71				
4	9,20,39,48,	276	72				
4	5,12,49,57,	212	73				
4	20,37,40,55,	107	74				
4	10,15,46,53,	125	75				
4	9,20,39,49,	89	76				
4	0,17,29,41,	139	77				
4	8,15,24,39,	126	78				
4	5,8,35,49,	49	79				
4	5,10,11,53,	134	80				
4	24,36,39,47,	178	81				
4	12,35,37,50,	123	82				
4	10,19,40,57,	231	83				
4	11,12,50,55,	109	84				
4	13,14,26,49,	145	85				
4	11,12,27,35,	115	86				
4	15,30,31,38,	165	87				
4	0,10,30,57,	310	88				
4	6,8,30,31,	101	89
4	11,12,14,24,	179	90								
4	23,40,50,56,	89	91				
4	15,19,42,48,	231	92				
4	0,13,24,26,	268	93				
4	11,37,40,51,	93	94				
4	1,24,30,31,	262	95				
4	10,31,39,46,	102	96				
4	12,14,51,56,	104	97				
4	22,23,35,53,	93	98				
4	0,2,30,35,	185	99				
4	2,6,27,40,	140	100				
6	11,12,15,23,55,56,	130	1				
6	23,24,41,49,55,56,	149	2				
6	9,12,14,35,51,55,	147	3				
6	6,11,12,23,40,47,	171	4				
6	12,13,14,30,39,51,	151	5				
6	1,11,22,39,40,55,	232	6				
6	13,20,22,40,43,50,	116	7				
6	17,23,31,38,52,56,	182	8				
6	1,5,17,20,31,35,	226	9				
6	9,24,47,49,51,52,	189	10				
6	0,15,34,46,50,51,	277	11				
6	14,15,19,26,27,29,	204	12				
6	6,9,13,15,26,31,	203	13				
6	20,29,35,36,37,41,	151	14				
6	13,26,30,39,42,49,	179	15				
6	23,30,42,49,50,57,	225	16				
6	2,22,27,29,52,53,	205	17				
6	11,14,23,31,34,47,	214	18				
6	2,5,15,19,27,56,	142	19				
6	29,36,40,41,49,52,	169	20
6	10,13,34,41,43,48,	373	21								
6	2,13,27,36,52,57,	321	22				
6	6,11,16,23,51,55,	107	23				
6	10,37,38,42,47,55,	213	24				
6	2,13,37,53,55,56,	169	25				
6	10,13,14,16,30,38,	228	26				
6	13,17,22,24,26,35,	211	27				
6	1,20,27,31,52,57,	393	28				
6	13,16,31,37,38,57,	314	29				
6	13,30,31,37,38,48,	361	30				
6	8,10,17,24,39,50,	190	31				
6	5,16,22,39,42,52,	152	32				
6	6,13,22,29,43,48,	271	33				
6	6,8,12,16,20,30,	176	34				
6	16,22,43,50,52,56,	134	35				
6	1,14,16,34,41,42,	320	36				
6	9,17,39,47,50,51,	129	37				
6	19,34,37,50,51,56,	224	38				
6	19,20,37,38,43,47,	180	39				
6	1,27,34,53,55,56,	336	40				
6	5,14,19,20,22,31,	125	41				
6	2,26,31,38,40,52,	289	42				
6	2,23,30,34,42,46,	227	43				
6	6,20,22,26,43,52,	219	44				
6	11,12,15,19,34,43,	222	45				
6	5,14,19,27,34,40,	248	46				
6	20,26,30,37,38,41,	295	47				
6	8,34,40,42,46,48,	362	48				
6	11,24,27,39,41,42,	185	49				
6	26,34,37,43,52,57,	426	50				
6	0,1,15,22,51,55,	287	51				
6	24,29,38,46,55,56,	237	52				
6	2,12,24,29,34,50,	309	53				
6	0,11,16,37,43,47,	209	54				
6	12,23,30,31,38,50,	227	55				
6	12,13,31,40,49,55,	125	56				
6	14,19,24,26,51,53,	251	57				
6	13,20,29,34,42,50,	211	58				
6	10,15,20,48,55,56,	310	59				
6	9,12,13,19,42,57,	253	60				
6	10,23,30,42,47,48,	311	61				
6	8,16,19,24,30,35,	158	62				
6	5,13,27,34,43,55,	214	63				
6	11,37,47,48,55,56,	309	64				
6	1,11,12,23,37,57,	379	65				
6	8,24,40,41,49,51,	143	66				
6	0,1,11,14,20,40,	308	67				
6	15,35,39,50,51,52,	134	68				
6	6,10,24,35,38,52,	283	69				
6	12,24,37,39,47,52,	252	70				
6	6,15,35,36,40,57,	283	71				
6	10,12,15,19,26,52,	254	72				
6	1,17,19,23,41,46,	194	73				
6	1,14,20,29,49,51,	215	74				
6	8,15,19,27,34,42,	208	75				
6	5,12,22,37,39,48,	317	76				
6	9,12,15,23,31,34,	242	77				
6	20,23,39,49,52,55,	126	78				
6	6,10,17,22,23,29,	134	79				
6	6,11,20,35,38,56,	202	80				
6	2,5,8,20,22,56,	129	81				
6	5,11,13,14,24,30,	198	82				
6	2,12,15,29,31,43,	134	83				
6	0,1,2,12,47,49,	313	84				
6	5,13,31,39,53,57,	248	85				
6	1,12,29,42,49,55,	235	86				
6	8,9,38,48,51,53,	366	87				
6	0,1,19,22,29,51,	276	88				
6	27,37,50,51,53,55,	171	89				
6	2,11,22,26,34,36,	319	90				
6	8,13,30,37,42,55,	121	91				
6	20,26,35,40,42,46,	175	92				
6	16,27,34,36,53,56,	262	93				
6	5,13,20,36,41,49,	135	94				
6	26,37,38,40,43,47,	273	95				
6	0,14,39,42,47,49,	199	96				
6	17,26,35,38,43,49,	218	97				
6	10,13,36,38,42,47,	232	98				
6	0,6,8,15,35,47,	191	99				
6	34,42,43,47,49,56,	196	100				
8	8,22,23,27,37,41,47,50,	172	1				
8	0,12,31,34,36,38,41,51,	420	2				
8	13,22,38,40,42,47,55,57,	342	3				
8	5,6,14,30,34,36,46,57,	407	4				
8	10,12,24,31,35,41,49,57,	332	5				
8	13,22,29,31,34,40,43,47,	235	6				
8	1,15,16,30,37,40,48,55,	437	7				
8	6,9,15,16,23,26,35,42,	213	8				
8	6,10,12,13,14,15,30,43,	221	9				
8	5,13,16,23,24,49,53,57,	303	10				
8	0,5,14,26,38,43,46,51,	345	11				
8	12,20,26,37,42,47,48,53,	431	12				
8	1,12,14,17,27,31,34,41,	388	13				
8	9,13,16,19,22,24,36,40,	236	14				
8	0,8,17,20,22,34,52,56,	324	15				
8	12,15,20,36,41,47,51,57,	303	16				
8	1,6,19,29,30,36,43,56,	299	17				
8	1,10,20,22,31,40,52,53,	332	18				
8	9,15,22,23,29,48,50,51,	301	19				
8	2,10,27,37,46,55,56,57,	336	20				
8	5,9,16,24,29,43,53,56,	239	21				
8	15,16,20,24,36,37,42,50,	249	22				
8	9,10,11,13,22,34,37,57,	400	23				
8	15,20,26,30,31,47,52,57,	378	24				
8	1,8,12,17,24,36,37,43,	350	25				
8	8,15,26,27,29,39,40,55,	239	26				
8	1,2,8,30,42,48,52,57,	528	27				
8	2,19,22,34,39,46,48,51,	386	28				
8	0,1,2,5,10,22,46,50,	356	29				
8	0,1,6,9,23,29,48,53,	495	30
8	6,15,20,24,36,37,48,52,	437	31								
8	0,20,29,36,46,48,52,55,	412	32				
8	5,9,13,14,27,37,56,57,	318	33				
8	0,2,8,13,17,22,24,38,	329	34				
8	5,9,11,23,24,34,51,52,	319	35				
8	8,11,20,30,34,36,41,42,	288	36				
8	1,2,9,14,38,49,52,57,	458	37				
8	6,9,13,15,24,27,52,55,	265	38				
8	0,5,9,26,34,41,48,50,	521	39				
8	9,12,13,23,30,49,53,56,	211	40				
8	2,5,10,11,23,34,49,52,	287	41				
8	6,8,16,39,43,48,49,51,	290	42				
8	8,14,17,19,29,35,36,41,	152	43				
8	10,15,16,20,29,30,34,43,	274	44				
8	0,6,13,36,40,42,52,55,	297	45				
8	0,14,17,24,34,38,47,55,	413	46				
8	5,6,26,41,43,47,52,56,	255	47				
8	22,23,34,35,36,48,50,51,	399	48				
8	2,5,11,31,35,41,47,49,	146	49				
8	5,11,12,22,31,39,50,53,	217	50				
8	10,17,27,34,36,38,49,57,	462	51				
8	19,22,27,30,36,50,52,53,	274	52				
8	2,16,20,26,35,40,50,55,	226	53				
8	6,14,20,23,39,41,52,53,	223	54				
8	6,10,23,26,35,37,38,40,	327	55				
8	2,14,22,35,36,40,43,57,	316	56				
8	8,9,26,29,34,40,46,47,	309	57				
8	8,12,24,27,36,38,41,47,	334	58				
8	11,16,19,20,23,27,51,56,	144	59				
8	6,8,35,40,42,43,50,51,	132	60				
8	2,6,19,22,26,34,35,36,	338	61				
8	5,6,9,13,26,34,38,48,	533	62				
8	8,11,17,31,35,36,40,41,	170	63				
8	5,9,16,26,36,37,40,53,	314	64				
8	10,14,17,19,22,27,48,50,	349	65				
8	11,16,22,23,34,36,38,48,	471	66				
8	6,14,29,37,38,48,52,57,	506	67				
8	2,11,24,31,35,36,48,55,	384	68				
8	5,8,10,19,27,36,46,56,	202	69				
8	1,8,11,14,29,37,40,48,	422	70				
8	9,13,23,29,35,36,55,57,	284	71				
8	2,12,14,20,22,40,41,53,	239	72				
8	2,14,15,24,36,48,56,57,	474	73				
8	5,9,24,35,36,41,46,57,	341	74				
8	6,10,19,20,26,41,50,51,	245	75				
8	2,6,11,27,34,35,51,53,	264	76				
8	1,15,20,22,23,35,36,56,	279	77				
8	0,2,8,10,14,40,46,51,	247	78				
8	0,14,15,27,30,34,52,56,	380	79				
8	0,6,20,23,30,35,40,50,	261	80				
8	12,13,14,16,36,39,42,51,	204	81				
8	9,19,31,34,36,49,51,55,	256	82				
8	1,9,13,19,26,29,31,46,	301	83				
8	19,27,29,35,38,43,51,52,	202	84				
8	8,9,22,24,26,37,39,41,	293	85				
8	8,14,16,17,19,37,39,55,	152	86				
8	12,19,24,31,34,38,46,48,	493	87				
8	23,42,48,51,52,55,56,57,	412	88				
8	0,15,16,23,27,42,50,51,	225	89				
8	0,20,24,35,36,37,40,48,	452	90				
8	0,15,27,37,39,40,43,55,	263	91				
8	2,10,15,16,30,37,38,42,	280	92				
8	1,2,30,31,35,38,40,43,	322	93				
8	5,11,13,22,34,36,40,52,	318	94				
8	0,8,9,13,35,39,40,51,	206	95				
8	2,11,26,34,35,36,40,48,	482	96				
8	17,23,31,35,40,47,50,57,	269	97				
8	5,6,8,19,37,39,55,56,	172	98				
8	6,10,11,19,26,47,50,57,	365	99				
8	2,5,9,11,13,15,43,47,	163	100				
10	8,15,22,26,35,42,46,48,52,55,	397	1				
10	5,13,14,16,17,23,27,29,49,53,	200	2				
10	0,2,6,9,13,16,22,35,36,53,	327	3				
10	5,9,19,22,24,29,37,40,43,47,	255	4				
10	5,8,10,12,20,22,24,50,53,56,	311	5				
10	0,1,5,11,14,24,31,43,50,56,	409	6				
10	2,9,15,26,27,34,37,38,46,50,	453	7				
10	6,8,20,24,30,39,40,41,43,56,	257	8				
10	5,10,12,23,34,37,40,51,52,53,	355	9				
10	0,16,23,29,34,39,41,49,51,57,	402	10				
10	5,6,14,31,36,38,41,49,56,57,	397	11				
10	1,20,23,27,37,39,42,47,51,57,	407	12				
10	1,20,26,30,36,38,42,47,52,57,	558	13				
10	10,12,14,19,20,22,24,35,39,55,	282	14				
10	5,9,14,36,41,46,48,50,55,56,	394	15				
10	8,12,15,19,23,29,40,53,55,57,	311	16				
10	1,16,17,19,22,26,41,50,51,53,	354	17				
10	10,26,30,42,43,47,51,52,55,56,	287	18				
10	5,6,15,17,22,26,35,36,37,39,	304	19				
10	0,1,6,12,14,17,27,35,41,49,	386	20				
10	5,8,10,17,22,30,46,53,56,57,	341	21				
10	1,11,24,26,27,30,37,48,49,52,	581	22				
10	0,10,12,13,19,22,34,40,47,51,	374	23				
10	10,15,17,22,26,29,35,40,43,51,	240	24				
10	5,6,11,14,17,19,37,41,46,48,	361	25				
10	0,8,9,17,29,39,40,41,48,50,	404	26				
10	6,13,14,16,27,30,35,37,38,55,	308	27				
10	0,5,11,13,14,22,47,49,55,56,	260	28				
10	9,15,16,22,24,26,29,30,52,53,	361	29				
10	0,8,12,15,24,26,30,34,35,41,	449	30				
10	10,13,15,19,23,29,35,38,53,56,	256	31				
10	0,1,9,26,27,35,41,52,55,56,	441	32				
10	2,13,26,27,38,42,53,55,56,57,	462	33				
10	2,10,12,15,24,27,30,31,41,56,	324	34				
10	5,8,17,24,30,36,37,39,46,55,	281	35				
10	2,6,11,15,31,36,37,38,46,52,	333	36				
10	5,8,9,10,15,16,26,35,36,52,	321	37				
10	0,6,8,13,19,30,34,41,49,50,	337	38				
10	19,20,27,31,35,38,40,46,51,57,	365	39				
10	8,9,14,24,36,37,38,40,41,51,	361	40				
10	6,9,22,26,31,36,43,50,52,57,	428	41				
10	5,13,14,17,20,22,41,42,50,55,	188	42				
10	2,6,11,16,24,27,29,34,39,41,	352	43				
10	8,11,17,19,22,31,38,39,40,48,	391	44				
10	5,6,17,23,29,36,39,48,49,51,	347	45				
10	2,5,22,35,39,40,42,49,53,55,	221	46				
10	0,2,5,6,9,12,47,48,50,52,	487	47				
10	15,19,20,26,36,43,48,52,53,55,	446	48				
10	0,1,15,16,19,22,35,37,43,48,	482	49				
10	5,8,16,20,22,27,38,39,55,56,	276	50				
10	2,8,20,35,42,43,46,51,55,56,	138	51				
10	0,1,10,16,31,38,39,43,50,51,	414	52				
10	10,14,16,23,29,30,39,43,46,47,	214	53				
10	5,6,16,26,34,35,46,47,49,55,	316	54				
10	2,5,8,9,19,26,41,46,49,55,	237	55				
10	0,5,8,11,24,39,43,49,51,56,	275	56				
10	14,20,23,29,38,39,42,51,53,57,	366	57				
10	0,1,5,14,20,24,38,42,43,46,	452	58				
10	8,14,16,19,20,30,31,40,49,50,	191	59				
10	16,19,22,24,27,34,35,42,53,57,	398	60				
10	14,20,23,26,29,30,35,52,56,57,	393	61				
10	2,15,24,29,36,37,38,46,55,56,	350	62				
10	0,26,29,30,42,47,50,51,52,55,	347	63				
10	8,14,15,22,26,37,39,40,51,53,	296	64				
10	0,2,5,10,12,13,15,23,55,57,	387	65				
10	1,5,6,9,12,20,23,41,56,57,	444	66				
10	0,8,11,19,20,22,30,48,51,57,	461	67
10	9,17,19,23,24,34,35,36,49,50,	319	68								
10	2,11,13,22,29,34,40,46,50,55,	283	69				
10	1,8,16,17,20,31,34,38,48,57,	644	70				
10	2,13,14,15,26,30,40,42,52,53,	327	71				
10	2,6,8,14,15,16,26,40,47,48,	434	72				
10	1,2,12,13,14,15,22,40,48,51,	460	73				
10	2,10,13,20,24,27,36,38,46,50,	374	74				
10	5,6,11,19,23,35,36,48,49,51,	339	75				
10	1,13,20,29,35,40,42,50,51,57,	373	76				
10	1,2,9,17,22,40,43,49,53,55,	301	77				
10	0,2,6,14,15,17,24,31,36,38,	414	78				
10	10,13,16,17,19,24,37,42,43,50,	239	79				
10	0,5,20,29,31,35,37,38,48,53,	475	80				
10	6,12,13,17,23,36,37,40,50,55,	267	81				
10	15,23,27,29,30,35,41,42,51,52,	206	82				
10	2,8,19,29,37,38,42,48,50,53,	424	83				
10	1,14,20,24,26,35,50,52,56,57,	525	84				
10	2,13,20,23,24,31,36,37,40,41,	283	85				
10	0,10,12,31,34,38,41,42,46,56,	436	86				
10	1,8,10,11,12,24,26,29,30,55,	455	87				
10	0,6,9,14,16,29,35,47,49,51,	261	88				
10	12,19,36,37,41,42,46,50,55,56,	236	89				
10	5,6,9,16,22,27,38,40,41,47,	314	90				
10	2,11,16,22,24,29,34,43,50,53,	317	91				
10	5,6,15,24,29,38,43,48,55,57,	524	92				
10	0,2,13,39,41,42,43,50,53,55,	267	93				
10	6,8,9,22,26,30,43,47,49,56,	268	94				
10	6,8,15,34,37,40,41,43,50,51,	293	95				
10	5,8,14,24,30,35,36,50,52,56,	323	96				
10	6,9,13,17,20,27,39,46,53,57,	342	97				
10	12,22,36,38,47,50,53,55,56,57,	440	98				
10	2,15,16,23,26,35,38,48,49,53,	466	99				
10	0,2,30,37,39,41,42,47,55,57,	388	100				
12	8,9,13,15,16,23,24,40,43,49,50,52,	264	1				
12	6,8,9,13,20,22,23,27,30,36,50,57,	384	2				
12	0,8,10,12,19,23,24,27,34,37,38,39,	507	3				
12	1,8,11,14,22,30,36,38,47,50,52,55,	434	4				
12	0,10,11,12,16,22,23,24,30,46,47,52,	405	5				
12	5,8,13,19,29,38,41,42,47,50,51,57,	351	6				
12	8,9,13,29,30,37,38,40,47,49,55,56,	298	7				
12	2,12,13,15,20,23,29,30,38,42,52,56,	335	8				
12	0,1,9,14,16,19,20,22,30,34,42,49,	464	9				
12	0,8,17,20,24,27,31,37,43,47,55,56,	336	10				
12	5,9,11,17,20,26,29,38,39,47,55,56,	359	11				
12	0,1,13,14,16,17,31,35,41,43,47,56,	352	12
12	1,6,9,14,19,20,31,35,43,49,52,53,	355	13							
12	0,13,14,20,22,26,29,31,34,36,38,51,	485	14				
12	1,2,12,15,37,40,43,48,50,52,53,55,	531	15				
12	8,17,19,26,31,34,37,39,40,53,55,57,	471	16				
12	0,5,9,22,31,37,42,49,50,51,55,56,	299	17				
12	10,17,23,24,27,34,36,37,41,50,53,57,	498	18				
12	2,5,10,15,16,20,24,27,29,34,42,48,	512	19				
12	2,5,11,13,26,35,38,42,49,52,53,55,	366	20				
12	2,5,12,13,19,23,24,26,41,47,49,55,	328	21				
12	2,6,12,13,14,19,30,41,46,47,48,52,	442	22				
12	11,12,17,24,30,36,40,48,49,51,52,57,	553	23				
12	6,12,15,17,20,22,24,29,31,35,42,55,	280	24				
12	0,9,12,19,20,27,35,41,46,49,50,51,	291	25				
12	0,5,15,16,26,30,37,39,43,53,55,57,	470	26				
12	6,10,14,16,17,19,26,29,30,51,52,53,	349	27				
12	9,19,20,23,34,36,37,40,43,47,48,51,	472	28				
12	2,5,11,16,23,29,30,34,35,42,47,56,	313	29				
12	0,1,13,15,27,30,31,37,47,48,49,56,	538	30				
12	1,6,11,12,15,20,36,43,48,52,53,57,	628	31				
12	5,8,14,15,17,23,26,34,37,42,48,57,	566	32				
12	1,6,9,12,13,15,16,22,24,38,40,46,	460	33				
12	0,2,8,12,16,20,35,38,39,41,43,51,	349	34				
12	12,16,17,19,23,30,37,41,48,50,56,57,	474	35				
12	0,5,13,15,17,19,20,26,30,31,43,48,	461	36				
12	2,5,10,15,19,26,30,40,41,46,53,56,	351	37				
12	5,6,17,20,22,29,31,36,40,46,50,53,	287	38				
12	0,8,11,15,24,29,36,37,42,52,53,56,	398	39				
12	1,11,15,19,22,24,31,40,46,47,49,55,	331	40				
12	2,5,11,13,15,22,29,42,47,49,50,53,	240	41				
12	9,12,15,16,23,37,38,39,41,42,49,55,	308	42				
12	5,8,10,12,13,15,19,24,27,50,52,53,	347	43				
12	9,11,16,22,27,38,39,43,48,50,52,57,	555	44				
12	2,10,12,17,22,37,41,43,47,48,50,56,	437	45				
12	0,8,15,17,20,31,36,39,42,43,47,55,	290	46				
12	0,10,13,14,16,17,23,24,30,31,36,53,	388	47				
12	9,11,12,17,26,39,42,49,50,51,56,57,	395	48				
12	0,12,15,16,31,34,35,36,38,41,43,57,	544	49				
12	1,2,11,20,22,30,35,39,40,48,50,52,	511	50				
12	2,5,11,17,19,20,30,31,39,40,48,53,	414	51				
12	8,11,13,14,23,30,35,40,52,53,55,56,	270	52				
12	5,8,10,14,16,17,26,34,38,50,52,56,	452	53				
12	2,8,13,14,23,29,40,41,48,50,52,57,	483	54				
12	1,2,11,12,35,36,37,40,42,43,47,56,	368	55				
12	13,17,19,36,37,38,41,46,47,51,52,53,	321	56				
12	1,2,8,13,14,20,27,31,39,40,43,51,	313	57				
12	0,6,19,20,34,35,38,41,46,48,51,52,	551	58				
12	6,9,20,22,24,29,34,39,46,47,55,57,	456	59				
12	1,14,19,24,27,29,34,38,40,41,47,56,	502	60				
12	6,9,12,20,40,41,46,48,50,51,55,56,	420	61				
12	2,8,11,26,31,36,37,41,46,50,53,57,	438	62				
12	1,5,10,15,30,34,35,38,49,51,55,57,	557	63				
12	1,2,8,11,12,17,23,34,35,36,50,53,	425	64				
12	0,12,13,16,17,20,31,38,47,48,51,56,	487	65				
12	8,11,13,24,26,27,29,30,38,51,53,55,	419	66				
12	9,10,13,15,16,24,37,39,41,47,55,56,	317	67				
12	11,12,13,14,17,19,30,46,48,50,52,57,	486	68				
12	2,11,16,20,23,24,26,27,34,35,40,55,	408	69				
12	1,2,6,14,22,23,27,35,36,40,47,57,	470	70				
12	2,12,13,14,36,38,41,42,50,51,52,56,	357	71				
12	1,2,13,19,26,27,35,36,38,41,43,57,	546	72				
12	0,8,11,12,16,30,31,38,39,49,52,53,	410	73				
12	5,12,15,30,34,36,40,42,46,49,50,56,	380	74				
12	8,11,14,19,30,36,38,40,42,47,55,56,	328	75				
12	0,1,10,16,17,19,31,41,47,51,56,57,	480	76				
12	1,5,15,17,22,26,30,31,43,48,51,56,	513	77				
12	0,2,16,23,30,31,36,38,47,48,49,52,	533	78				
12	5,8,20,31,34,35,38,41,43,46,47,49,	324	79				
12	9,10,12,20,23,26,36,37,38,40,46,49,	419	80				
12	8,9,10,11,13,19,27,34,40,46,50,57,	436	81				
12	5,17,19,22,26,29,30,35,40,41,52,55,	312	82				
12	2,8,9,16,29,31,39,41,43,50,51,56,	207	83				
12	5,12,17,22,24,27,31,35,36,47,49,57,	398	84				
12	2,5,8,19,22,26,41,46,49,53,56,57,	390	85				
12	0,5,12,13,19,36,41,43,46,50,51,52,	328	86				
12	1,8,9,13,14,20,26,31,34,37,42,57,	551	87				
12	0,6,10,13,27,35,37,42,43,48,53,55,	482	88				
12	8,10,17,27,29,36,40,42,46,49,53,56,	277	89				
12	1,9,17,36,39,41,43,46,49,55,56,57,	425	90				
12	5,11,12,14,17,20,26,34,35,49,52,57,	496	91				
12	1,5,9,10,11,12,13,19,34,36,48,57,	671	92				
12	5,10,12,19,20,36,42,46,48,49,53,55,	419	93				
12	5,15,17,20,24,29,31,37,39,47,48,57,	484	94				
12	0,1,5,8,13,30,31,34,37,43,49,52,	472	95				
12	1,6,8,9,13,16,22,23,27,29,31,42,	328	96				
12	1,2,12,13,15,24,29,30,37,38,43,46,	444	97				
12	0,1,6,12,22,30,35,38,41,53,55,56,	506	98				
12	1,9,10,12,13,14,15,16,23,31,46,50,	368	99				
12	2,12,17,22,24,27,31,34,35,37,50,57,	485	100				
14	5,9,12,13,14,20,26,30,36,37,39,46,50,51,	395	1				
14	1,8,15,16,17,20,23,30,38,40,47,48,51,52,	543	2				
14	8,9,10,16,19,20,24,29,30,38,42,43,49,51,	353	3				
14	10,11,14,19,20,23,26,42,43,46,47,51,52,57,	423	4				
14	6,9,12,20,24,26,29,34,49,50,52,55,56,57,	584	5				
14	8,9,11,14,20,24,35,40,41,43,49,50,55,57,	392	6				
14	2,5,6,12,13,17,20,26,37,38,42,49,53,56,	436	7				
14	0,6,13,16,17,19,20,29,34,36,39,43,49,55,	384	8				
14	0,1,2,8,11,12,15,16,34,35,40,48,53,57,	670	9				
14	0,8,14,15,19,26,27,34,35,36,40,42,43,47,	462	10				
14	8,12,14,16,22,30,36,46,48,49,50,52,55,57,	534	11				
14	0,11,16,20,24,26,30,35,40,42,49,52,53,55,	452	12				
14	6,12,13,27,29,30,34,35,39,43,46,49,50,51,	347	13				
14	0,5,6,12,27,31,34,36,40,46,47,49,53,56,	459	14				
14	9,10,11,12,13,14,15,26,30,34,35,43,50,53,	440	15				
14	0,1,2,6,11,14,19,23,27,30,38,47,48,57,	678	16				
14	0,1,19,20,22,27,35,40,46,47,48,50,55,56,	536	17				
14	1,9,12,15,19,20,29,40,41,42,46,50,53,55,	377	18
14	6,8,11,12,13,14,16,26,30,38,43,47,49,51,	378	19						
14	10,11,14,16,24,26,29,34,37,40,48,50,55,57,	669	20				
14	1,6,15,23,30,35,36,38,39,40,41,48,49,51,	569	21				
14	8,12,13,15,20,22,27,29,37,39,50,52,55,57,	405	22				
14	1,6,15,16,20,24,26,29,34,35,40,49,51,53,	484	23				
14	0,5,8,15,17,20,23,24,27,31,46,51,52,56,	363	24				
14	0,1,6,8,12,14,17,20,24,36,40,48,51,56,	597	25				
14	0,1,5,6,14,20,23,29,36,40,41,43,48,56,	558	26				
14	0,5,13,19,26,29,36,41,42,47,51,55,56,57,	455	27				
14	0,1,22,26,30,31,37,41,42,43,46,49,53,55,	476	28				
14	0,1,8,11,12,17,22,23,30,41,46,50,51,55,	417	29				
14	1,2,6,9,12,15,16,20,34,40,46,49,51,57,	539	30				
14	0,5,6,11,13,14,16,17,20,30,34,36,39,50,	446	31				
14	0,6,8,11,12,14,23,27,29,35,37,42,47,57,	433	32				
14	1,2,11,12,13,14,17,30,35,39,42,46,48,52,	537	33				
14	1,2,5,17,19,23,29,30,39,41,46,49,53,55,	356	34				
14	0,2,9,14,19,26,31,37,40,41,50,51,55,56,	395	35				
14	5,6,8,9,11,20,24,26,30,34,35,36,51,52,	495	36				
14	1,2,5,6,8,9,19,20,26,27,31,37,49,50,	440	37				
14	2,5,6,10,11,12,14,19,22,26,39,41,46,53,	394	38				
14	1,6,10,14,16,19,23,26,27,31,37,41,51,56,	449	39				
14	9,10,14,22,27,29,34,35,36,40,42,43,46,56,	394	40				
14	0,1,2,11,17,29,34,36,37,39,40,43,51,53,	488	41				
14	11,15,19,29,31,34,39,42,48,50,53,55,56,57,	526	42				
14	1,2,6,10,13,16,24,37,39,40,41,46,48,49,	558	43				
14	5,9,10,12,19,22,24,40,46,47,48,50,52,53,	521	44				
14	0,13,22,26,27,39,40,41,43,47,48,49,50,52,	537	45				
14	2,5,9,11,14,16,20,23,36,37,42,43,48,51,	449	46				
14	0,5,6,14,16,20,26,29,41,47,48,50,52,55,	548	47				
14	10,15,22,23,29,30,36,39,40,47,49,50,52,53,	364	48				
14	1,9,12,14,15,16,19,22,26,29,30,37,41,47,	453	49				
14	6,8,11,12,14,15,16,22,38,40,42,48,51,53,	502	50				
14	5,8,10,13,14,19,22,27,31,34,46,47,50,57,	438	51				
14	6,11,12,15,17,19,20,26,29,30,36,47,50,55,	377	52				
14	1,11,17,20,23,39,40,41,42,46,51,53,56,57,	448	53				
14	8,9,10,13,20,23,26,31,36,38,41,46,47,52,	407	54				
14	0,1,11,12,13,15,20,22,31,38,40,43,47,53,	487	55				
14	0,8,9,20,30,34,35,36,40,43,46,50,52,57,	527	56				
14	5,8,10,14,15,22,24,29,35,37,42,47,48,55,	446	57				
14	1,6,16,20,22,31,36,41,42,47,48,49,53,57,	602	58				
14	11,12,13,19,22,24,26,31,34,43,46,47,50,53,	419	59				
14	0,1,2,11,14,16,19,20,23,27,34,42,47,50,	479	60				
14	2,8,9,12,13,16,20,22,24,26,29,38,41,57,	535	61				
14	2,5,11,14,20,27,31,38,41,42,47,49,50,56,	343	62				
14	0,9,12,14,30,35,37,39,41,46,47,51,52,56,	389	63				
14	5,8,9,14,15,16,19,31,34,35,38,46,55,57,	478	64				
14	6,11,14,15,29,31,34,38,41,42,46,47,50,52,	412	65				
14	1,8,14,16,20,22,24,30,31,35,37,39,50,55,	410	66				
14	0,5,8,10,16,22,30,35,36,42,43,46,49,51,	340	67				
14	22,24,27,30,35,39,40,42,46,47,49,53,55,57,	421	68				
14	2,9,16,17,24,26,38,39,41,51,52,53,55,57,	553	69				
14	0,1,5,14,22,23,27,30,34,37,40,47,55,56,	526	70				
14	0,1,5,15,17,20,26,31,37,39,48,50,52,53,	633	71				
14	0,6,9,10,12,13,14,17,23,24,26,36,40,42,	486	72				
14	6,8,13,16,17,20,22,23,24,36,37,39,47,55,	322	73				
14	2,8,9,12,13,16,22,27,35,37,39,47,53,56,	340	74				
14	6,11,12,13,16,19,22,26,27,31,34,41,47,48,	546	75				
14	0,2,5,6,9,14,16,17,22,27,31,41,50,57,	451	76				
14	0,1,2,8,13,16,20,29,30,37,41,46,50,57,	492	77				
14	19,20,24,26,29,30,34,36,37,38,39,41,52,57,	636	78				
14	11,12,14,15,16,19,23,26,36,37,39,42,49,56,	343	79				
14	2,5,9,10,22,23,29,30,34,38,41,46,47,48,	563	80				
14	1,2,5,9,11,16,17,35,38,40,46,47,48,49,	532	81				
14	2,5,9,13,17,19,23,26,30,35,37,39,46,48,	467	82				
14	0,15,19,20,27,29,30,31,36,39,41,42,48,55,	478	83				
14	0,1,5,8,9,11,19,22,31,40,47,53,55,56,	425	84				
14	6,11,14,16,17,19,20,22,43,50,52,53,55,57,	398	85				
14	2,8,10,14,15,16,23,31,43,47,50,51,52,55,	274	86				
14	8,9,11,15,16,19,20,26,29,40,41,47,51,53,	319	87				
14	1,2,10,12,22,27,31,34,35,38,42,46,48,49,	636	88				
14	5,12,14,17,19,30,34,36,40,41,43,47,49,57,	476	89				
14	0,1,9,12,13,16,22,34,35,37,40,51,56,57,	586	90				
14	2,9,11,17,20,27,29,34,35,38,40,43,47,49,	397	91				
14	2,8,11,20,23,26,27,37,40,47,49,52,56,57,	470	92				
14	5,8,11,12,15,17,20,24,26,27,30,36,43,50,	419	93				
14	1,6,13,14,15,17,19,31,37,46,51,52,53,55,	378	94				
14	6,9,12,14,15,22,23,26,27,38,41,42,50,52,	451	95				
14	5,8,16,17,19,20,27,38,39,41,46,47,48,50,	457	96				
14	2,5,8,13,14,17,26,30,31,35,36,40,42,49,	340	97				
14	0,5,6,8,19,22,24,31,36,39,41,49,50,55,	368	98				
14	0,1,2,6,16,20,26,30,36,37,46,50,52,55,	522	99				
14	2,8,9,10,16,19,36,37,39,42,43,51,53,57,	426	100				
16	1,6,14,15,22,23,34,36,39,40,43,46,48,50,51,57,	660	1				
16	1,2,8,12,16,19,22,29,30,37,40,41,42,47,49,57,	485	2				
16	0,1,2,14,17,22,23,24,31,37,39,43,46,50,52,55,	479	3				
16	1,2,9,10,11,13,16,17,19,31,39,40,43,48,49,51,	509	4				
16	5,6,11,16,17,19,23,24,29,30,34,35,39,43,50,53,	382	5				
16	2,8,9,10,13,16,17,24,34,35,37,38,40,42,49,57,	572	6				
16	0,5,8,9,12,14,17,20,22,27,31,35,38,40,49,53,	449	7				
16	0,1,6,10,12,13,16,20,27,39,40,46,50,51,53,56,	512	8				
16	2,5,6,8,9,13,14,16,22,31,34,37,40,50,52,57,	531	9				
16	1,2,11,12,14,15,24,26,29,35,39,40,43,49,53,57,	578	10				
16	1,8,11,16,17,20,24,26,34,35,41,42,47,50,55,57,	590	11				
16	0,12,17,19,23,24,27,30,34,40,42,43,46,47,49,50,	464	12				
16	5,6,11,12,15,17,19,30,35,41,42,47,49,50,52,57,	419	13				
16	9,12,13,16,17,20,22,23,24,30,36,38,42,47,49,57,	519	14				
16	0,5,9,11,16,17,20,24,29,31,34,37,41,47,49,57,	534	15				
16	1,2,6,9,14,22,31,35,40,41,42,43,47,50,51,57,	470	16				
16	0,2,13,22,24,31,35,37,38,39,41,42,47,49,50,52,	450	17				
16	5,6,10,11,13,22,26,27,34,35,37,43,47,55,56,57,	543	18				
16	0,2,8,11,14,15,19,24,29,30,31,34,36,51,55,57,	541	19				
16	0,10,15,17,19,26,27,30,35,36,37,39,42,48,52,55,	611	20				
16	5,6,8,9,19,23,30,35,38,39,42,46,47,49,50,55,	343	21				
16	0,6,9,12,13,15,17,24,27,30,36,38,42,47,48,53,	641	22				
16	1,5,13,17,19,24,27,30,31,35,37,39,42,46,50,51,	412	23				
16	0,16,20,24,27,29,36,37,40,41,43,48,53,55,56,57,	624	24				
16	1,2,8,11,13,20,23,34,35,36,37,39,42,50,52,57,	564	25				
16	6,9,14,15,20,26,29,31,34,38,39,41,42,49,55,56,	488	26				
16	6,9,11,17,20,30,31,40,42,43,46,47,51,52,53,57,	446	27				
16	5,9,10,14,23,24,30,34,36,38,40,42,46,52,53,56,	539	28				
16	1,2,10,11,17,22,24,27,35,40,42,48,49,50,52,53,	600	29				
16	0,1,8,11,12,23,24,26,37,39,43,46,47,50,52,53,	562	30				
16	2,6,11,13,15,19,22,27,30,31,36,38,49,50,53,55,	427	31				
16	1,15,26,29,31,34,35,38,39,40,41,47,48,50,52,55,	684	32				
16	9,13,16,19,22,27,29,30,34,35,36,38,46,48,51,53,	566	33				
16	5,6,8,9,11,12,14,17,20,22,23,24,30,34,53,56,	443	34				
16	0,2,5,10,11,12,15,16,19,23,27,30,35,42,46,47,	396	35				
16	0,2,5,11,13,14,19,20,23,31,35,36,38,39,56,57,	508	36				
16	2,8,10,11,27,30,31,36,37,38,39,46,49,52,55,56,	432	37				
16	0,6,9,11,15,16,19,20,30,36,42,43,46,47,51,52,	403	38				
16	1,5,9,15,17,23,24,27,30,31,36,42,48,50,51,53,	586	39				
16	0,11,12,16,17,20,27,29,34,37,41,42,46,48,51,53,	551	40				
16	5,8,15,16,19,22,23,29,38,40,41,42,51,52,55,56,	324	41				
16	0,5,8,13,30,31,34,36,37,38,42,47,48,53,56,57,	695	42				
16	5,6,9,16,17,20,27,34,37,38,43,46,47,51,53,55,	445	43				
16	2,5,6,11,14,17,24,27,31,36,39,43,47,51,56,57,	457	44				
16	8,10,20,29,35,38,39,41,42,43,48,49,50,51,52,57,	561	45				
16	6,10,11,19,20,22,29,36,37,40,41,42,48,49,56,57,	561	46				
16	0,5,6,8,11,19,22,23,34,38,41,43,47,48,50,52,	600	47
16	6,8,9,11,13,23,26,30,31,34,42,43,47,49,50,55,	396	48						
16	0,2,5,8,10,11,14,24,30,31,35,39,40,52,53,57,	539	49				
16	2,8,9,10,15,16,17,22,23,34,36,47,51,52,53,55,	413	50				
16	2,13,14,15,20,22,26,30,31,36,40,41,49,50,52,56,	418	51				
16	2,10,13,19,22,26,29,37,39,40,43,46,48,52,55,57,	598	52				
16	0,2,6,12,19,20,23,27,30,34,43,46,48,49,50,56,	578	53				
16	1,11,13,17,20,34,35,38,39,41,42,43,48,52,53,55,	623	54				
16	1,10,11,12,13,15,19,22,23,26,39,40,47,48,50,53,	616	55				
16	0,14,16,17,20,22,23,24,26,34,36,37,39,43,47,53,	510	56				
16	0,1,2,10,11,14,20,29,30,38,40,41,43,46,52,53,	532	57				
16	1,8,9,11,14,15,26,29,31,38,40,46,50,51,53,56,	501	58				
16	1,12,14,15,19,20,22,31,36,38,39,43,50,55,56,57,	559	59				
16	2,5,10,11,13,16,26,27,30,31,36,41,47,48,50,56,	554	60				
16	0,5,12,13,14,22,24,27,34,37,38,46,47,51,52,53,	547	61				
16	8,11,15,17,20,26,27,31,35,36,38,41,50,52,56,57,	540	62				
16	0,2,5,9,11,12,13,16,23,26,27,40,41,53,55,57,	536	63				
16	6,10,11,13,19,23,24,26,34,35,40,47,50,51,52,57,	576	64				
16	1,8,12,14,16,26,36,39,40,42,46,47,51,52,53,57,	573	65				
16	8,9,10,13,14,15,16,17,20,24,27,40,41,43,47,50,	363	66				
16	1,2,5,6,8,9,13,14,22,26,27,48,51,52,53,55,	624	67				
16	0,8,9,15,22,26,27,30,31,35,39,40,43,50,56,57,	506	68				
16	5,9,22,23,27,29,30,34,36,40,43,46,47,51,53,57,	489	69				
16	1,2,5,9,10,12,19,23,30,31,39,41,43,46,50,53,	448	70				
16	0,5,10,11,13,15,17,19,22,26,27,29,39,40,41,51,	419	71				
16	15,16,19,20,26,29,30,34,37,38,39,41,52,55,56,57,	600	72				
16	2,11,12,15,20,23,26,27,31,35,36,40,48,51,52,57,	628	73				
16	0,1,5,9,11,13,14,15,19,27,30,31,43,47,50,56,	469	74				
16	0,2,6,10,14,15,24,26,29,37,39,43,47,50,55,56,	490	75				
16	2,5,6,9,11,12,14,29,37,41,43,47,48,49,53,56,	495	76				
16	0,1,2,5,6,12,15,19,26,27,34,35,36,37,40,42,	605	77				
16	10,27,29,31,35,37,38,39,41,46,47,48,50,52,55,57,	603	78				
16	1,5,14,20,24,31,34,35,38,43,46,47,48,52,53,56,	659	79				
16	0,12,13,15,16,19,22,23,24,30,31,34,36,47,52,55,	503	80				
16	0,10,14,17,19,20,29,35,36,37,38,39,40,48,51,55,	570	81				
16	0,2,6,8,12,13,14,16,20,24,26,31,39,41,42,49,	442	82				
16	2,6,9,12,13,16,17,23,38,41,43,47,48,50,52,55,	535	83				
16	0,8,9,10,15,34,36,37,38,39,42,43,46,47,53,57,	599	84				
16	0,8,9,11,12,13,14,19,26,34,35,40,46,47,48,49,	582	85				
16	2,8,11,13,17,19,20,22,23,27,31,36,37,50,56,57,	411	86				
16	1,5,6,10,15,16,20,30,34,38,39,40,46,47,49,56,	532	87				
16	1,6,8,9,11,12,14,16,22,29,35,36,39,41,43,55,	430	88				
16	0,1,5,8,9,13,16,20,31,35,36,38,47,48,51,55,	605	89				
16	5,6,10,11,12,15,16,23,26,31,36,37,38,47,50,53,	498	90				
16	0,2,8,10,15,16,17,22,24,27,34,38,40,50,52,53,	551	91				
16	0,2,6,8,10,11,12,20,23,30,37,41,43,48,50,57,	607	92				
16	1,5,8,12,15,20,22,26,36,37,38,42,47,50,52,56,	542	93				
16	12,13,15,17,26,27,29,30,40,41,47,49,50,53,55,56,	405	94				
16	1,2,6,8,10,17,20,22,23,27,29,35,39,41,49,57,	491	95				
16	1,6,8,11,19,20,22,23,30,35,37,38,39,43,49,55,	417	96				
16	1,5,9,10,15,16,17,22,27,30,31,41,42,51,52,57,	537	97				
16	0,2,5,11,13,17,22,24,31,34,35,36,42,48,52,57,	656	98				
16	0,8,10,11,12,13,17,20,26,27,29,30,37,46,50,57,	534	99				
16	1,9,10,11,14,16,22,23,26,31,34,37,41,46,51,57,	623	100				
18	5,6,8,10,11,13,16,17,20,22,26,27,29,34,38,42,49,55,	492	1				
18	0,1,12,16,17,19,24,27,36,38,40,41,42,48,51,53,55,56,	700	2				
18	8,9,11,16,20,29,30,34,37,39,40,43,46,48,50,51,55,57,	599	3				
18	6,11,16,19,20,23,29,31,35,37,38,41,43,46,50,51,55,57,	439	4				
18	1,5,8,9,15,16,22,24,26,29,30,37,39,47,49,51,52,53,	536	5				
18	1,6,11,12,13,17,20,24,29,30,35,38,41,42,43,46,51,53,	529	6				
18	5,9,12,15,19,20,22,23,29,30,35,39,40,41,48,49,50,52,	496	7				
18	2,5,8,11,12,15,22,23,24,27,31,36,40,42,43,46,52,56,	429	8				
18	0,2,5,13,19,23,24,26,27,35,36,37,39,41,47,48,55,56,	608	9				
18	1,9,10,12,19,22,27,29,31,35,36,37,39,41,49,51,53,56,	494	10				
18	6,8,9,11,14,16,17,19,26,29,30,34,35,41,46,49,50,56,	427	11				
18	1,5,11,16,17,19,26,30,34,35,37,41,42,43,48,50,52,57,	733	12				
18	5,9,10,14,16,19,26,29,31,36,38,42,43,46,49,51,52,56,	442	13				
18	0,1,5,6,13,16,23,24,27,29,30,38,46,47,50,51,53,55,	577	14				
18	0,2,6,8,9,10,11,13,15,20,38,40,41,42,46,49,53,57,	546	15				
18	0,5,13,14,15,17,20,22,24,26,29,34,39,42,50,55,56,57,	574	16				
18	0,6,8,11,16,19,22,27,29,35,36,37,38,39,40,49,50,52,	489	17				
18	9,10,12,13,16,20,22,26,29,35,36,37,40,42,47,50,52,53,	477	18				
18	0,9,12,13,17,20,22,26,27,30,35,42,43,46,47,50,55,57,	517	19				
18	12,14,17,22,26,27,29,31,36,37,38,41,46,47,48,50,51,56,	602	20				
18	0,1,2,5,14,19,20,24,27,29,31,35,38,39,42,53,55,56,	573	21				
18	5,9,11,13,14,17,22,34,36,37,38,40,43,48,49,51,56,57,	678	22				
18	2,6,12,13,14,15,16,19,20,23,26,30,36,41,43,46,48,51,	530	23				
18	0,10,12,14,15,16,17,24,30,31,35,36,38,41,49,51,52,56,	534	24				
18	0,1,9,12,14,15,16,19,22,34,38,39,40,47,53,55,56,57,	675	25				
18	1,8,10,15,19,20,24,26,34,36,39,41,46,47,48,51,52,55,	703	26				
18	1,2,12,20,29,30,31,36,37,39,40,42,47,48,49,50,51,52,	595	27				
18	0,9,11,12,13,15,17,20,22,27,29,30,31,34,43,50,51,52,	491	28				
18	0,1,6,8,14,15,16,17,22,27,30,34,36,40,42,46,51,56,	559	29				
18	0,2,5,6,8,10,13,20,26,27,36,38,40,43,51,52,53,55,	552	30				
18	0,5,8,9,14,17,24,26,27,29,31,34,38,39,42,47,51,56,	587	31				
18	1,5,11,12,23,24,26,30,34,35,37,38,39,40,42,47,48,49,	741	32				
18	0,1,2,6,9,10,19,24,29,34,37,38,40,43,48,49,55,56,	733	33				
18	2,12,13,15,16,20,22,23,26,27,36,37,39,43,46,50,51,57,	491	34				
18	0,1,2,6,8,16,22,24,29,35,38,41,42,43,47,48,52,53,	664	35				
18	5,10,11,15,19,22,27,31,34,35,36,41,42,43,48,49,51,55,	522	36				
18	2,5,9,11,12,13,19,22,24,30,34,36,46,49,50,51,55,56,	476	37				
18	1,2,5,10,13,15,19,29,34,36,38,40,41,46,49,51,52,53,	538	38				
18	0,2,5,6,8,9,11,13,16,20,23,29,34,35,36,39,53,55,	455	39				
18	1,5,11,12,14,15,17,20,24,26,29,31,34,39,43,49,53,57,	640	40				
18	2,9,10,13,15,16,17,24,27,31,35,39,41,46,49,50,56,57,	463	41				
18	2,9,10,12,13,19,22,24,31,34,37,46,47,48,51,52,56,57,	692	42				
18	5,13,16,17,19,20,22,24,26,37,39,41,43,46,50,52,53,57,	522	43				
18	5,6,8,11,14,16,19,26,30,35,36,37,40,47,49,51,56,57,	502	44				
18	1,6,8,10,14,15,16,19,24,30,31,34,36,37,41,43,53,55,	556	45				
18	2,9,10,13,14,17,20,24,26,35,36,42,43,46,47,48,51,52,	581	46				
18	13,14,17,20,22,30,31,34,35,36,37,38,40,41,42,50,55,56,	495	47				
18	0,1,6,12,14,15,22,23,36,37,38,43,46,49,51,52,53,56,	563	48				
18	5,9,10,11,14,15,16,19,23,27,29,30,35,43,46,47,48,51,	464	49				
18	0,2,5,11,12,15,17,19,22,23,27,29,34,37,41,51,52,55,	484	50				
18	2,6,8,10,12,13,16,19,29,30,36,37,47,49,50,52,56,57,	510	51				
18	1,6,8,19,23,24,26,27,29,30,31,36,37,43,46,49,52,55,	519	52				
18	0,5,12,14,15,16,20,23,26,30,37,38,43,47,48,51,52,56,	648	53				
18	5,9,15,16,20,23,30,38,40,41,46,47,50,52,53,55,56,57,	536	54				
18	0,1,6,8,9,10,11,13,15,20,22,29,35,40,42,55,56,57,	552	55				
18	0,2,5,11,12,14,19,20,22,24,36,39,40,41,47,51,55,57,	526	56				
18	2,8,9,11,24,27,29,34,35,37,39,40,42,46,50,53,55,57,	527	57				
18	1,2,5,19,20,22,31,35,36,38,39,40,42,43,47,52,53,57,	591	58				
18	0,1,2,10,11,13,20,22,24,27,31,36,42,46,50,51,52,53,	554	59				
18	1,6,11,13,19,20,29,30,34,36,38,39,40,42,46,48,49,50,	666	60				
18	0,1,2,5,9,10,17,23,24,27,29,31,37,40,41,42,49,51,	497	61				
18	0,2,10,13,16,17,19,24,27,30,35,36,38,39,42,48,51,52,	646	62				
18	1,5,11,13,19,20,22,31,36,38,39,42,43,49,51,53,55,57,	554	63				
18	1,5,8,9,12,14,15,26,27,30,34,35,38,40,42,47,48,49,	725	64				
18	0,2,10,13,14,16,27,34,38,40,46,47,48,49,51,53,55,57,	698	65				
18	1,6,8,9,12,13,14,15,19,22,30,36,37,38,40,43,46,57,	598	66				
18	1,2,5,9,12,16,19,22,23,30,34,36,37,38,47,48,50,57,	785	67				
18	1,8,10,11,14,17,19,20,22,24,26,27,29,35,38,51,55,56,	556	68				
18	0,1,5,16,19,22,26,31,35,37,39,40,41,42,43,47,48,53,	627	69				
18	6,8,9,13,16,23,24,27,29,36,37,38,43,46,47,49,50,51,	427	70				
18	0,2,6,10,11,12,13,16,17,20,23,29,30,43,46,49,50,57,	488	71				
18	10,14,17,22,26,27,29,31,34,36,37,39,42,48,49,52,53,55,	630	72				
18	2,5,6,8,11,14,15,17,20,29,35,36,38,50,51,52,55,57,	509	73				
18	1,6,10,12,16,17,19,24,27,30,34,36,37,39,42,43,46,53,	592	74				
18	8,11,12,13,15,19,22,23,27,29,35,36,37,41,42,46,50,52,	364	75				
18	0,1,5,10,12,14,16,20,22,23,24,26,31,36,37,39,47,56,	609	76				
18	5,8,9,17,20,24,26,27,29,35,37,42,43,46,49,51,55,57,	473	77				
18	0,11,12,24,26,27,29,34,35,36,37,39,43,46,48,50,53,55,	660	78				
18	1,10,11,13,14,15,17,27,30,35,37,39,40,43,46,50,51,57,	522	79				
18	0,2,6,8,10,13,14,16,17,19,24,26,31,36,40,41,42,57,	565	80				
18	0,8,9,11,15,16,17,20,23,26,27,39,40,41,42,43,52,53,	463	81				
18	2,5,6,10,12,17,20,30,31,35,37,41,42,43,48,49,53,57,	593	82				
18	0,6,10,11,16,17,23,24,27,31,36,37,39,40,49,50,51,52,	496	83				
18	2,8,9,10,14,19,26,27,34,35,36,37,40,41,46,50,51,52,	532	84				
18	2,10,12,14,15,16,19,22,23,29,36,38,41,42,46,49,52,53,	452	85				
18	0,1,6,8,10,12,13,14,15,23,29,34,40,46,48,49,50,51,	654	86				
18	1,6,8,14,16,22,27,29,30,31,36,38,39,40,42,46,50,53,	530	87				
18	2,6,10,14,15,17,20,23,24,26,30,31,38,39,41,43,46,51,	491	88				
18	5,8,9,10,12,15,17,24,26,29,30,34,36,41,50,51,52,53,	569	89				
18	1,2,11,12,15,16,17,19,22,24,29,31,35,41,49,51,53,56,	455	90				
18	6,10,11,12,14,17,19,27,30,31,35,36,37,39,42,48,50,52,	581	91				
18	2,5,9,16,22,23,24,30,34,35,36,37,38,39,40,49,51,57,	625	92				
18	0,9,10,12,13,20,23,31,34,35,37,38,39,40,43,48,55,56,	651	93				
18	5,8,11,12,14,16,20,22,23,24,27,35,36,40,42,46,51,57,	476	94				
18	9,15,16,17,20,23,26,27,34,37,41,43,48,49,51,53,55,56,	561	95				
18	1,6,9,10,15,17,19,22,23,24,30,39,40,41,43,46,48,51,	582	96				
18	1,2,11,12,16,23,27,31,36,38,39,40,43,51,52,53,56,57,	626	97
18	1,6,8,9,14,19,20,26,31,38,39,40,42,46,50,55,56,57,	599	98					
18	2,6,9,11,12,15,19,26,27,29,30,31,35,36,42,49,51,55,	430	99				
18	0,1,8,15,17,24,26,27,29,30,35,40,43,49,50,52,55,56,	549	100				
20	0,2,13,16,20,22,23,26,29,34,36,38,41,42,43,46,47,48,56,57,	733	1				
20	0,2,5,9,11,12,13,16,22,26,27,34,36,37,39,42,46,52,55,57,	671	2				
20	5,6,8,9,10,11,15,17,24,26,27,30,34,40,43,49,50,51,56,57,	623	3				
20	5,10,11,14,15,16,17,20,23,26,27,29,30,31,35,41,42,43,48,53,	551	4				
20	0,1,2,9,10,11,14,15,20,22,23,27,35,36,37,39,50,53,55,57,	633	5				
20	1,5,8,11,16,17,20,22,30,36,38,39,42,46,49,50,51,53,56,57,	595	6				
20	0,1,5,14,19,20,22,24,27,29,31,35,39,41,47,51,52,53,56,57,	615	7				
20	1,2,10,11,15,16,19,22,23,24,26,30,36,38,40,41,42,43,52,57,	689	8				
20	2,5,8,9,10,12,19,26,30,37,39,40,41,43,46,50,51,53,55,57,	557	9				
20	0,1,6,12,13,14,19,20,23,24,31,34,36,37,42,49,50,51,52,53,	608	10				
20	0,2,10,11,12,13,14,15,17,19,23,24,36,37,40,42,43,49,55,57,	558	11				
20	1,11,12,15,17,19,20,22,23,24,27,30,38,40,41,47,50,52,53,56,	592	12				
20	5,8,10,11,12,16,20,22,23,26,29,34,38,41,43,46,49,50,53,56,	523	13				
20	10,12,14,16,17,20,27,34,37,39,41,47,48,49,51,52,53,55,56,57,	686	14				
20	0,6,10,12,14,23,26,27,29,30,34,37,38,39,42,49,51,52,55,57,	706	15				
20	6,8,13,14,15,16,19,20,23,24,27,29,30,39,40,41,48,50,51,52,	551	16				
20	0,1,2,6,10,11,13,15,16,24,27,30,31,35,36,41,46,49,51,53,	576	17				
20	2,9,10,12,13,14,15,27,35,37,39,42,43,46,47,49,52,53,56,57,	521	18				
20	8,11,12,14,16,20,22,29,35,37,39,40,42,43,46,48,49,50,52,53,	530	19				
20	6,8,12,13,16,17,22,24,31,34,35,37,38,40,41,43,47,49,55,56,	522	20				
20	1,8,9,13,14,16,17,26,27,29,31,36,37,40,42,46,48,49,50,51,	608	21				
20	1,12,13,14,16,17,23,34,35,37,38,39,41,43,47,48,50,52,56,57,	765	22				
20	1,5,8,12,13,17,19,24,29,30,35,36,38,39,40,43,48,52,53,55,	681	23				
20	1,2,5,6,8,9,13,14,15,17,26,29,34,39,46,48,50,51,52,56,	691	24				
20	5,11,12,13,14,15,20,24,26,29,34,39,43,50,51,52,53,55,56,57,	602	25				
20	2,5,14,15,16,22,23,24,27,36,37,38,40,41,42,46,47,49,52,53,	526	26				
20	2,5,8,11,12,13,14,16,22,24,26,30,34,35,36,38,42,46,50,53,	587	27				
20	2,5,6,8,10,11,13,17,19,23,24,31,35,36,38,47,48,51,53,56,	586	28				
20	1,5,12,13,14,17,19,22,23,24,27,30,31,35,37,39,42,51,53,57,	575	29				
20	2,9,10,11,12,17,19,22,31,36,37,38,43,48,49,50,51,53,56,57,	682	30				
20	1,5,6,8,9,10,11,12,15,19,20,26,35,36,38,40,42,50,53,57,	678	31				
20	1,5,6,8,9,16,19,20,22,24,29,31,37,38,46,47,51,52,55,56,	527	32				
20	0,1,8,9,10,13,14,15,19,22,26,27,38,40,43,46,47,50,55,57,	661	33				
20	0,2,5,8,10,11,14,15,22,23,24,27,29,30,37,39,42,46,55,57,	547	34				
20	1,5,6,9,10,15,17,23,24,27,30,34,36,40,42,43,47,53,56,57,	669	35				
20	0,1,5,15,19,20,22,30,35,36,37,38,39,40,47,50,51,52,55,56,	575	36				
20	2,5,6,8,9,10,12,13,19,24,29,30,31,34,35,38,39,40,47,48,	673	37				
20	0,2,6,8,10,13,14,15,23,27,29,30,39,40,42,43,46,51,53,55,	445	38				
20	2,8,10,11,17,24,26,27,30,31,36,38,42,43,49,50,51,52,55,56,	543	39				
20	6,10,11,12,13,14,16,20,22,23,34,38,39,41,46,48,51,52,53,55,	633	40				
20	0,1,2,6,8,9,12,15,17,19,20,26,27,31,34,38,46,52,53,55,	670	41				
20	0,5,6,8,12,14,16,19,22,23,29,30,35,38,41,46,47,48,50,57,	643	42				
20	0,1,6,16,22,23,24,26,29,30,34,35,36,46,47,48,49,51,52,55,	728	43				
20	0,9,10,12,15,17,19,22,23,29,30,34,35,39,46,48,49,51,52,53,	607	44				
20	2,6,11,12,13,16,17,24,30,34,37,40,41,42,46,49,50,53,55,56,	496	45				
20	1,5,6,12,13,14,17,19,23,27,29,30,34,38,42,43,46,49,51,57,	628	46				
20	5,6,11,12,16,19,23,29,34,38,40,42,43,46,47,51,53,55,56,57,	568	47				
20	0,8,11,12,19,22,24,27,30,35,36,38,39,41,43,49,50,52,53,57,	623	48				
20	6,8,11,14,16,17,20,30,31,34,37,39,41,42,43,46,47,52,53,57,	539	49				
20	0,1,6,10,12,13,15,17,20,22,30,31,34,35,41,42,46,47,49,50,	577	50				
20	9,14,15,17,22,29,36,37,38,39,40,42,46,47,50,52,53,55,56,57,	556	51				
20	5,6,11,16,17,22,24,26,35,39,41,42,47,48,49,50,51,52,55,57,	628	52				
20	0,6,8,9,10,12,17,20,27,30,34,35,36,38,40,46,50,52,55,56,	616	53				
20	2,10,15,16,23,24,26,30,31,38,39,43,46,47,48,49,50,51,53,56,	632	54				
20	6,8,9,10,11,12,16,19,22,23,26,29,30,35,37,39,49,52,56,57,	562	55				
20	0,2,8,11,13,17,19,23,24,27,29,37,40,42,48,51,52,55,56,57,	636	56				
20	1,5,8,9,10,11,15,16,22,23,24,26,27,35,37,38,42,46,47,50,	579	57				
20	0,1,6,8,10,12,17,19,24,31,34,36,38,42,43,46,49,50,52,57,	734	58				
20	1,10,14,15,16,20,22,27,37,39,42,43,46,47,48,49,50,55,56,57,	662	59				
20	1,2,9,11,15,16,17,19,26,27,35,38,41,42,43,50,51,52,55,57,	621	60				
20	0,6,8,12,16,17,20,27,29,35,36,38,39,40,42,43,50,53,55,57,	588	61				
20	0,1,2,9,10,11,12,15,19,23,24,31,37,39,40,41,42,50,51,55,	541	62				
20	5,6,9,14,17,20,23,24,27,34,35,36,37,39,40,41,43,50,51,55,	502	63				
20	0,1,6,9,15,19,22,23,27,29,34,38,39,41,46,48,52,53,55,56,	732	64				
20	1,2,9,10,12,19,22,23,24,29,30,31,36,37,39,42,47,49,53,57,	628	65				
20	1,5,9,10,11,12,17,20,22,23,24,27,30,34,39,47,49,52,53,56,	609	66
20	0,5,10,13,15,19,20,24,26,30,34,35,36,38,39,40,41,42,55,56,	638	67				
20	13,20,22,23,24,26,27,29,30,31,37,38,41,42,51,52,53,55,56,57,	618	68				
20	0,2,6,8,14,17,23,24,30,31,34,35,36,38,39,40,43,49,52,57,	658	69				
20	0,1,5,9,12,15,16,22,23,26,27,30,39,41,42,43,51,52,53,55,	597	70				
20	0,2,11,12,15,16,17,19,20,22,24,27,34,38,42,43,47,49,50,57,	634	71				
20	5,9,12,14,15,17,20,22,26,31,36,37,40,43,49,51,52,53,55,56,	481	72				
20	0,1,13,15,16,20,22,26,31,35,36,40,41,42,43,46,48,53,55,56,	629	73				
20	0,1,2,13,19,20,24,30,34,35,39,41,46,47,49,50,51,52,56,57,	638	74				
20	1,5,8,15,16,17,19,22,23,30,37,38,39,42,46,47,50,51,52,53,	497	75				
20	2,8,10,11,12,15,22,27,29,30,35,39,40,42,48,49,50,52,53,55,	575	76				
20	1,5,9,10,13,15,16,17,20,24,26,27,30,31,36,39,50,53,55,56,	597	77				
20	1,10,11,13,14,15,17,19,23,24,27,29,30,37,38,42,43,49,52,56,	545	78				
20	1,2,5,8,9,11,12,13,14,16,22,23,27,39,43,46,48,49,50,56,	583	79				
20	0,1,5,6,8,11,12,13,15,17,19,22,23,30,34,36,38,41,42,53,	635	80				
20	1,9,12,16,17,19,20,23,24,30,31,34,35,39,40,41,42,50,53,56,	547	81				
20	1,6,8,11,12,15,17,22,23,26,31,35,39,41,43,47,48,49,55,57,	665	82				
20	0,2,8,10,11,14,15,26,27,29,30,36,37,41,42,43,48,51,52,53,	655	83				
20	0,2,8,11,13,14,15,17,23,24,29,31,40,41,43,48,49,50,52,55,	546	84				
20	0,1,2,10,13,16,17,19,22,23,27,30,34,35,38,40,41,42,50,55,	600	85				
20	1,2,6,11,14,19,22,23,26,27,29,30,35,38,40,43,48,49,51,57,	728	86				
20	2,5,9,15,16,19,22,23,26,29,40,41,42,43,47,48,50,52,53,57,	631	87				
20	2,5,6,8,9,10,12,15,16,19,20,22,26,29,30,34,36,48,50,52,	694	88				
20	6,10,11,13,15,20,23,27,31,35,36,38,41,42,43,46,48,53,55,57,	640	89				
20	5,6,14,15,16,17,22,24,26,27,29,31,35,40,47,52,53,55,56,57,	579	90				
20	2,8,12,14,16,19,20,22,23,26,29,34,36,37,41,43,48,49,50,56,	609	91				
20	0,8,10,11,19,26,29,30,31,35,36,38,39,46,47,48,49,50,53,55,	651	92				
20	0,8,11,12,14,15,17,20,23,24,30,34,35,36,38,39,40,43,48,55,	687	93				
20	0,6,8,10,11,15,16,20,26,30,31,34,39,41,42,48,49,52,55,56,	677	94				
20	1,2,5,8,9,10,11,13,20,29,30,31,37,42,46,52,53,55,56,57,	588	95				
20	0,1,2,5,8,11,13,14,15,16,19,20,22,30,35,39,43,46,50,57,	545	96				
20	2,6,8,10,11,15,16,17,23,30,34,37,39,42,43,46,47,51,52,53,	459	97				
20	0,5,8,9,14,17,19,22,24,27,31,34,38,41,42,43,46,47,49,51,	529	98				
20	6,8,11,17,20,22,23,24,31,36,37,38,40,41,42,46,50,51,53,55,	477	99				
20	1,2,6,10,11,12,17,19,20,23,24,26,34,35,40,49,50,52,55,57,	704	100				
