m: 10
Instance: 1
Algorithm: MOSA
Iteration: 500
Population Size: 100
RUN 1:
Optimum Distance: 0

Optimal Team: 
Required Skills: 9 17 19 23 24 34 35 36 49 50 
Distance; Skill Score; isValid; Team; Skill Counts
6000 ; 4.717e-12 ; True ; 32 49 127 238  ; 1 1 1 1 1 2 1 1 1 1 
1e+04 ; 3.371e-11 ; True ; 11 30 32 78 127  ; 2 1 1 1 2 1 1 2 1 2 
1e+04 ; 5.284e-11 ; True ; 30 32 49 127 233  ; 2 1 1 1 2 2 1 2 1 2 
1.5e+04 ; 6.37e-11 ; True ; 30 32 49 114 216 237  ; 2 1 1 1 2 3 1 2 1 2 
1.9e+04 ; 9.082e-11 ; True ; 18 19 32 49 70 78 127  ; 1 2 1 1 3 3 1 2 2 1 
2e+04 ; 1.379e-10 ; True ; 49 96 111 127 170 230 245  ; 2 2 2 1 2 3 1 1 1 2 
2.7e+04 ; 1.692e-10 ; True ; 96 111 127 199 230 245 254 314  ; 2 2 2 1 1 2 1 2 1 3 
2.8e+04 ; 1.797e-10 ; True ; 11 30 32 127 187 189 200 314  ; 2 1 1 2 2 3 1 2 1 3 
3.4e+04 ; 1.822e-10 ; True ; 3 43 49 79 97 127 245 278 314  ; 2 1 1 1 3 4 1 2 2 2 
3.5e+04 ; 3.328e-10 ; True ; 30 79 90 96 111 127 178 237 314  ; 2 1 2 1 3 4 1 2 1 4 
3.5e+04 ; 4.542e-10 ; True ; 6 11 30 78 116 127 184 272 282  ; 2 2 1 2 3 3 1 3 2 1 
4.4e+04 ; 6.317e-10 ; True ; 49 78 111 114 127 132 160 238 241 304  ; 2 1 2 2 3 3 1 5 2 1 
4.4e+04 ; 7.201e-10 ; True ; 11 32 49 78 103 135 195 216 238 314  ; 2 1 1 1 3 4 2 3 3 2 
4.5e+04 ; 9.261e-10 ; True ; 30 127 147 158 195 213 233 244 308 314  ; 2 1 1 3 3 3 2 3 1 3 
5.3e+04 ; 1.082e-09 ; True ; 5 30 32 78 79 96 102 111 127 178 237  ; 3 2 2 1 4 4 1 2 1 4 
5.4e+04 ; 1.316e-09 ; True ; 11 30 70 78 96 103 127 184 219 254 267  ; 4 2 1 2 4 5 1 4 2 1 
6.6e+04 ; 1.521e-09 ; True ; 21 32 49 101 111 147 158 160 168 170 219 308  ; 3 2 1 1 4 5 2 3 1 4 
7.5e+04 ; 1.595e-09 ; True ; 3 30 33 85 96 111 127 141 153 229 269 281 314  ; 5 1 2 1 4 5 1 5 1 4 
7.7e+04 ; 1.739e-09 ; True ; 72 78 86 111 127 159 190 193 247 248 252 263 314  ; 1 2 2 2 3 4 1 4 2 3 
7.7e+04 ; 2.499e-09 ; True ; 22 23 32 49 117 127 147 181 193 225 258 290 314  ; 3 3 1 2 3 5 1 4 2 2 
8.9e+04 ; 2.72e-09 ; True ; 49 96 111 147 190 202 203 225 237 249 269 294 306 314  ; 6 2 2 1 2 3 1 4 2 3 
1e+05 ; 2.958e-09 ; True ; 3 10 44 49 54 79 85 111 114 127 168 204 247 282 288  ; 3 2 2 2 3 4 1 4 1 4 
1.01e+05 ; 3.376e-09 ; True ; 10 39 71 72 86 111 126 127 193 195 238 247 248 263 314  ; 3 2 2 3 2 6 2 2 1 3 
1.03e+05 ; 3.526e-09 ; True ; 3 28 45 49 78 111 114 116 127 132 160 238 241 295 304  ; 3 1 2 2 4 5 2 5 3 1 
1.03e+05 ; 4.252e-09 ; True ; 21 49 67 70 78 91 96 101 115 127 194 195 237 260 314  ; 4 2 1 2 4 5 1 5 3 2 
1.04e+05 ; 5.632e-09 ; True ; 11 49 116 127 144 176 184 190 193 207 230 252 256 257 279  ; 3 2 2 2 3 6 2 3 2 2 
1.16e+05 ; 1.275e-08 ; True ; 4 30 32 67 70 78 90 111 116 127 158 160 161 178 184 248  ; 3 2 2 2 5 6 2 4 2 3 
1.66e+05 ; 1.416e-08 ; True ; 6 23 49 72 111 118 127 128 145 156 179 191 194 222 229 248 252 254 314  ; 4 1 2 3 4 8 2 4 2 4 
1.67e+05 ; 1.702e-08 ; True ; 5 15 17 33 49 78 87 90 111 135 138 147 170 201 207 216 222 247 282  ; 5 2 2 2 6 7 2 3 2 3 
1.71e+05 ; 1.705e-08 ; True ; 11 26 30 49 68 93 96 126 127 131 160 196 203 207 216 226 247 280 314  ; 8 3 2 1 7 6 2 5 2 2 

RUN 2:
Optimum Distance: 0

Optimal Team: 
Required Skills: 9 17 19 23 24 34 35 36 49 50 
Distance; Skill Score; isValid; Team; Skill Counts
1e+04 ; 5.236e-12 ; True ; 78 111 132 147 233  ; 1 1 1 1 2 1 1 1 1 1 
1.3e+04 ; 5.686e-12 ; True ; 3 49 70 119 216 222  ; 1 1 1 1 1 3 1 1 1 1 
1.4e+04 ; 2.562e-11 ; True ; 49 111 184 207 268 282  ; 1 1 1 1 3 4 1 2 1 1 
1.5e+04 ; 2.768e-11 ; True ; 49 111 147 232 233 282  ; 2 1 1 1 2 2 1 2 1 1 
1.5e+04 ; 3.656e-11 ; True ; 49 70 127 233 308 314  ; 1 2 1 1 2 1 1 2 2 1 
2e+04 ; 1.415e-10 ; True ; 11 49 111 127 245 282 315  ; 2 2 2 1 3 2 1 2 1 1 
2e+04 ; 1.623e-10 ; True ; 30 78 96 111 127 207 278  ; 2 1 2 1 4 2 1 2 1 2 
2.7e+04 ; 1.865e-10 ; True ; 26 49 111 127 226 238 261 276  ; 2 1 2 1 3 2 1 3 1 2 
2.7e+04 ; 2.118e-10 ; True ; 30 32 49 127 132 180 238 258  ; 2 2 1 1 4 4 1 2 1 2 
2.8e+04 ; 3.047e-10 ; True ; 30 49 111 184 207 216 257 282  ; 2 1 2 1 4 5 1 3 1 2 
3.6e+04 ; 3.196e-10 ; True ; 11 49 64 78 111 234 265 269 282  ; 2 1 1 1 4 3 1 4 2 2 
3.6e+04 ; 4.147e-10 ; True ; 30 45 49 111 132 170 184 193 270  ; 2 2 1 1 5 6 1 4 1 2 
4.4e+04 ; 4.672e-10 ; True ; 19 49 61 70 82 98 111 127 158 221  ; 2 1 2 1 3 3 2 2 1 3 
4.4e+04 ; 5.345e-10 ; True ; 49 85 100 111 127 179 195 207 269 279  ; 2 1 2 2 3 3 1 4 1 2 
4.5e+04 ; 1.048e-09 ; True ; 30 49 111 132 170 184 188 193 238 270  ; 3 2 1 1 4 7 2 4 1 2 
5.3e+04 ; 1.35e-09 ; True ; 32 49 111 127 154 193 194 233 247 308 309  ; 2 4 2 2 3 4 1 2 1 2 
5.4e+04 ; 1.604e-09 ; True ; 49 74 78 111 127 138 147 202 237 264 279  ; 3 1 3 2 4 3 1 2 2 2 
7.201e+04 ; 1.719e-09 ; True ; 3 19 23 69 70 84 127 184 222 223 245 267 314  ; 2 2 1 3 3 7 3 2 2 1 
7.6e+04 ; 2.195e-09 ; True ; 26 56 78 111 147 199 206 237 276 281 282 291 314  ; 2 2 1 1 4 4 2 5 2 3 
7.6e+04 ; 2.311e-09 ; True ; 15 19 30 49 85 107 127 237 245 267 289 291 308  ; 3 2 1 1 5 7 2 4 2 2 
7.8e+04 ; 2.576e-09 ; True ; 10 30 49 96 127 138 187 195 223 225 238 267 299  ; 6 2 1 3 3 5 1 2 2 2 
8.9e+04 ; 2.635e-09 ; True ; 56 78 87 111 147 159 199 223 237 276 281 282 291 314  ; 3 1 1 1 6 4 2 6 2 4 
9e+04 ; 2.99e-09 ; True ; 5 11 30 32 49 68 93 127 144 165 170 193 240 280  ; 4 2 2 1 6 5 2 4 1 2 
1e+05 ; 3.223e-09 ; True ; 3 4 19 32 39 78 91 96 119 120 127 147 184 189 245  ; 3 3 1 3 6 6 2 2 1 2 
1.03e+05 ; 3.535e-09 ; True ; 23 30 32 99 111 116 127 165 195 196 221 238 303 306 308  ; 2 2 2 2 3 7 2 4 1 3 
1.03e+05 ; 6.3e-09 ; True ; 11 19 32 78 111 114 124 127 140 161 170 185 203 233 314  ; 2 1 2 2 3 4 4 4 2 3 
1.16e+05 ; 7.014e-09 ; True ; 1 70 72 78 88 111 116 127 150 170 193 207 223 254 300 301  ; 2 2 2 2 3 7 2 4 2 3 
1.17e+05 ; 9.36e-09 ; True ; 30 49 96 118 127 155 158 160 163 187 188 203 207 266 308 314  ; 6 2 1 2 3 6 2 5 2 3 
1.19e+05 ; 1.046e-08 ; True ; 11 19 30 42 49 93 111 116 125 127 173 184 216 237 255 308  ; 3 1 3 2 9 6 3 2 2 3 
1.51e+05 ; 1.271e-08 ; True ; 3 33 49 95 106 111 119 127 138 149 169 170 237 247 252 280 282 314  ; 3 2 2 1 6 5 3 4 2 4 
1.69e+05 ; 1.59e-08 ; True ; 11 61 111 114 133 134 151 167 170 186 193 207 215 216 225 244 267 282 314  ; 3 3 2 1 3 5 3 4 2 5 

RUN 3:
Optimum Distance: 0

Optimal Team: 
Required Skills: 9 17 19 23 24 34 35 36 49 50 
Distance; Skill Score; isValid; Team; Skill Counts
1e+04 ; 9.405e-12 ; True ; 11 78 111 114 193  ; 1 1 1 1 2 1 1 2 1 1 
1e+04 ; 1.777e-11 ; True ; 19 49 122 127 193  ; 1 1 1 1 2 3 1 2 1 1 
1.5e+04 ; 8.983e-11 ; True ; 11 30 32 49 195 216  ; 3 1 1 1 2 3 1 2 1 2 
2e+04 ; 1.238e-10 ; True ; 3 26 32 49 114 127 314  ; 1 2 1 2 1 2 1 2 2 2 
2.1e+04 ; 2.736e-10 ; True ; 19 30 32 46 49 127 147  ; 3 1 1 2 4 3 1 2 1 2 
2.8e+04 ; 2.995e-10 ; True ; 19 30 32 46 49 111 115 147  ; 3 1 1 1 5 3 1 3 1 3 
3.4e+04 ; 4.032e-10 ; True ; 3 26 49 111 138 225 233 309 314  ; 2 2 1 1 2 2 2 2 2 2 
3.5e+04 ; 5.877e-10 ; True ; 30 42 49 111 160 184 193 195 238  ; 3 1 1 2 5 6 1 4 1 2 
4.5e+04 ; 6.126e-10 ; True ; 6 23 30 64 78 127 129 237 306 314  ; 1 1 1 2 3 4 2 4 2 2 
5.3e+04 ; 6.389e-10 ; True ; 3 26 49 111 136 138 169 225 233 309 314  ; 2 2 1 1 3 3 2 2 2 2 
5.5e+04 ; 7.211e-10 ; True ; 11 78 96 127 168 192 193 233 274 285 314  ; 2 2 1 1 2 4 2 3 2 2 
6.3e+04 ; 1.244e-09 ; True ; 26 44 49 64 82 111 127 135 143 170 193 213  ; 2 2 2 2 5 4 1 3 1 2 
6.4e+04 ; 1.835e-09 ; True ; 19 111 119 127 132 163 184 189 193 199 254 314  ; 1 2 2 2 4 7 2 3 1 3 
7.5e+04 ; 2.331e-09 ; True ; 3 28 78 127 142 147 184 225 229 245 248 255 314  ; 2 2 1 3 2 5 2 2 2 3 
7.8e+04 ; 2.779e-09 ; True ; 11 17 19 49 70 94 111 117 187 203 213 308 314  ; 5 2 1 1 6 4 2 3 2 2 
7.8e+04 ; 3.079e-09 ; True ; 6 11 19 23 32 78 111 155 176 190 207 222 314  ; 2 2 1 1 4 4 4 3 2 3 
9e+04 ; 3.989e-09 ; True ; 11 19 49 70 111 145 152 168 194 213 222 303 308 314  ; 4 2 1 1 5 5 2 4 2 3 
9.901e+04 ; 4.532e-09 ; True ; 5 6 30 85 111 118 120 127 207 221 231 267 269 308 314  ; 4 2 2 1 4 2 1 5 2 5 
1.05e+05 ; 5.218e-09 ; True ; 10 49 64 78 94 101 111 133 195 202 207 213 219 245 314  ; 2 1 2 2 8 8 1 6 3 3 
1.18e+05 ; 5.464e-09 ; True ; 17 45 49 70 100 111 127 173 196 207 216 267 269 280 308 314  ; 2 2 3 1 5 4 1 5 3 3 
1.19e+05 ; 5.721e-09 ; True ; 26 32 43 49 85 87 96 127 158 202 223 233 239 241 281 317  ; 5 3 2 1 5 5 2 3 1 3 
1.2e+05 ; 5.933e-09 ; True ; 9 30 32 66 72 77 78 111 147 174 215 237 238 282 298 309  ; 3 2 1 3 5 5 2 4 1 4 
1.32e+05 ; 1.089e-08 ; True ; 11 15 30 49 54 72 87 90 111 127 184 185 210 233 267 268 279  ; 3 1 2 3 6 6 2 3 2 4 
1.35e+05 ; 1.589e-08 ; True ; 11 17 19 26 49 70 94 111 144 152 168 187 194 203 213 308 314  ; 6 3 2 1 6 4 2 4 2 3 
1.65e+05 ; 2.097e-08 ; True ; 32 94 116 121 135 144 160 184 193 198 199 202 222 223 237 239 269 281 314  ; 4 2 2 2 5 9 2 4 2 4 
1.86e+05 ; 2.549e-08 ; True ; 26 40 43 49 96 102 104 111 122 127 137 147 160 180 193 201 202 207 314 318  ; 4 3 3 2 4 6 1 6 2 4 

RUN 4:
Optimum Distance: 0

Optimal Team: 
Required Skills: 9 17 19 23 24 34 35 36 49 50 
Distance; Skill Score; isValid; Team; Skill Counts
1e+04 ; 1.866e-11 ; True ; 49 127 233 308 314  ; 1 1 1 1 2 1 1 2 2 1 
1.4e+04 ; 5.19e-11 ; True ; 30 78 127 193 195 248  ; 1 1 1 2 2 4 1 3 1 1 
1.9e+04 ; 1.133e-10 ; True ; 11 49 111 193 195 212 276  ; 2 1 1 1 3 3 1 3 1 2 
2.6e+04 ; 1.409e-10 ; True ; 3 26 49 105 111 127 219 276  ; 1 1 2 1 4 3 1 3 1 2 
2.8e+04 ; 1.881e-10 ; True ; 30 78 96 111 130 187 248 254  ; 3 1 1 1 4 3 1 3 1 2 
2.8e+04 ; 3.383e-10 ; True ; 11 30 49 111 147 169 193 255  ; 4 1 1 1 4 3 1 3 1 3 
3.5e+04 ; 4.548e-10 ; True ; 30 49 111 147 169 193 212 238 267  ; 3 1 1 1 5 4 1 3 2 2 
4.4e+04 ; 1.704e-09 ; True ; 11 30 49 75 78 111 193 195 248 276  ; 3 1 1 1 4 6 2 5 2 3 
7.6e+04 ; 1.754e-09 ; True ; 15 19 78 111 114 127 194 220 221 254 282 303 308  ; 3 2 2 2 5 4 1 3 1 2 
7.7e+04 ; 2.306e-09 ; True ; 11 22 32 49 63 72 75 111 127 132 170 205 302  ; 2 2 2 2 4 5 2 3 1 2 
9.1e+04 ; 2.507e-09 ; True ; 0 11 78 94 111 152 193 202 222 242 245 248 266 314  ; 2 2 2 1 3 8 2 4 2 2 
9.1e+04 ; 6.549e-09 ; True ; 30 32 49 78 127 144 188 202 207 233 272 279 285 291  ; 3 2 3 1 5 5 2 4 2 2 
1.02e+05 ; 1.077e-08 ; True ; 30 32 68 78 96 111 118 126 127 141 176 184 237 310 314  ; 4 2 2 2 7 4 1 3 2 5 
1.19e+05 ; 1.184e-08 ; True ; 11 23 32 49 53 109 111 112 127 170 214 243 263 282 309 314  ; 2 2 2 2 3 8 3 5 2 3 
1.68e+05 ; 1.292e-08 ; True ; 19 32 49 78 87 111 118 121 147 158 160 202 256 268 272 276 307 309 313  ; 3 1 2 2 7 7 2 5 2 5 
1.69e+05 ; 1.49e-08 ; True ; 19 30 35 49 53 72 100 111 127 129 144 198 207 209 247 260 279 300 314  ; 2 2 3 2 6 10 2 4 2 3 
1.69e+05 ; 1.655e-08 ; True ; 30 111 127 136 148 153 188 193 203 233 234 248 254 256 267 279 286 309 314  ; 4 2 2 2 3 7 2 7 2 3 
1.9e+05 ; 1.725e-08 ; True ; 30 49 86 96 112 116 127 152 170 202 204 207 213 223 224 248 284 290 309 314  ; 5 1 2 2 5 10 3 5 3 2 

RUN 5:
Optimum Distance: 0

Optimal Team: 
Required Skills: 9 17 19 23 24 34 35 36 49 50 
Distance; Skill Score; isValid; Team; Skill Counts
1e+04 ; 2.768e-11 ; True ; 11 49 111 195 282  ; 2 1 1 1 2 2 1 2 1 1 
1.5e+04 ; 5.284e-11 ; True ; 11 49 82 111 195 282  ; 2 1 1 1 2 2 1 2 1 2 
2e+04 ; 5.838e-11 ; True ; 11 17 33 111 127 245 314  ; 2 1 2 1 2 2 1 1 1 2 
2e+04 ; 6.186e-11 ; True ; 11 49 111 134 147 282 285  ; 3 1 1 1 3 3 1 2 1 1 
2.1e+04 ; 7.15e-11 ; True ; 11 49 100 111 150 195 282  ; 2 1 1 1 2 2 1 3 1 2 
2.1e+04 ; 1.008e-10 ; True ; 11 32 49 65 76 111 147  ; 3 1 1 1 2 2 1 3 1 2 
2.7e+04 ; 1.378e-10 ; True ; 30 78 111 127 136 145 199 279  ; 2 1 2 1 3 2 1 2 1 2 
2.8e+04 ; 1.443e-10 ; True ; 49 127 147 193 228 238 269 281  ; 3 1 1 2 2 5 1 3 1 1 
2.8e+04 ; 1.641e-10 ; True ; 23 41 61 78 96 111 147 193  ; 2 2 1 1 3 3 1 2 1 2 
2.8e+04 ; 3.607e-10 ; True ; 11 49 64 96 127 170 246 314  ; 3 1 1 2 2 3 2 2 2 1 
4.2e+04 ; 6.709e-10 ; True ; 3 32 49 78 127 149 158 195 223 233  ; 2 1 1 2 4 5 3 2 2 1 
4.5e+04 ; 9.421e-10 ; True ; 11 32 49 108 127 225 232 238 276 314  ; 2 2 1 1 2 3 2 3 2 3 
5.3e+04 ; 1.412e-09 ; True ; 30 32 49 118 127 184 238 243 302 309 314  ; 2 1 1 3 3 6 1 3 2 4 
6.4e+04 ; 1.925e-09 ; True ; 3 41 49 111 126 127 147 167 238 252 270 282  ; 3 1 2 2 3 4 2 3 1 3 
6.5e+04 ; 4.044e-09 ; True ; 11 32 42 49 108 111 127 132 232 238 276 314  ; 2 2 2 1 4 4 2 3 2 4 
1e+05 ; 7.291e-09 ; True ; 11 26 32 49 76 81 111 118 127 160 170 173 231 286 314  ; 3 2 2 1 3 4 2 6 2 4 
1.17e+05 ; 8.263e-09 ; True ; 11 17 26 49 69 111 127 132 133 155 213 233 281 288 290 314  ; 5 2 2 1 5 4 2 7 2 2 
1.33e+05 ; 1.061e-08 ; True ; 11 17 26 49 69 111 118 127 130 132 133 155 233 274 281 290 314  ; 5 2 2 1 5 5 2 5 2 3 
1.34e+05 ; 1.812e-08 ; True ; 5 11 29 30 32 49 83 111 119 127 147 159 193 235 290 302 314  ; 6 2 2 2 4 5 1 6 2 5 
1.87e+05 ; 1.901e-08 ; True ; 3 42 49 50 96 111 126 127 131 147 167 170 172 203 230 238 248 270 282 297  ; 5 2 2 2 4 7 4 5 1 3 
1.88e+05 ; 2.539e-08 ; True ; 49 54 63 64 70 81 82 96 102 104 111 116 127 158 167 184 237 282 286 307  ; 2 3 2 3 8 5 2 5 2 3 

RUN 6:
Optimum Distance: 0

Optimal Team: 
Required Skills: 9 17 19 23 24 34 35 36 49 50 
Distance; Skill Score; isValid; Team; Skill Counts
1e+04 ; 5.406e-12 ; True ; 49 122 127 199 282  ; 1 1 1 1 1 1 1 2 1 1 
1.4e+04 ; 1.12e-11 ; True ; 32 49 127 154 170 214  ; 1 1 1 1 1 4 1 2 1 1 
1.5e+04 ; 1.541e-11 ; True ; 49 144 147 230 238 308  ; 2 1 1 1 2 2 1 1 1 1 
1.5e+04 ; 2.245e-11 ; True ; 19 32 49 61 122 127  ; 1 1 1 1 2 2 1 1 1 3 
1.5e+04 ; 2.483e-11 ; True ; 19 111 132 281 309 314  ; 1 1 1 1 3 3 1 1 1 2 
2e+04 ; 4.042e-11 ; True ; 49 96 111 127 140 158 177  ; 2 1 2 1 2 4 1 1 1 1 
2.1e+04 ; 7.261e-11 ; True ; 9 49 101 127 158 308 314  ; 2 1 1 1 2 4 1 2 2 1 
2.1e+04 ; 1.598e-10 ; True ; 11 14 30 32 49 127 213  ; 3 1 1 1 3 3 1 3 1 2 
2.8e+04 ; 3.049e-10 ; True ; 30 49 111 195 199 222 244 308  ; 2 1 1 2 4 4 1 2 1 3 
3.5e+04 ; 3.419e-10 ; True ; 6 19 76 111 127 147 212 237 314  ; 1 1 2 2 3 3 2 2 1 2 
3.6e+04 ; 4.584e-10 ; True ; 30 49 111 195 199 222 244 291 308  ; 2 1 1 2 5 4 1 3 1 3 
3.6e+04 ; 5.246e-10 ; True ; 9 19 30 49 95 127 147 233 282  ; 5 1 1 2 3 4 2 3 1 1 
4.4e+04 ; 7.955e-10 ; True ; 11 32 45 49 111 161 184 193 195 299  ; 3 2 1 2 4 4 1 3 1 2 
5.4e+04 ; 1.496e-09 ; True ; 26 49 94 111 133 193 195 207 221 255 314  ; 3 2 1 1 4 6 1 4 2 3 
6.6e+04 ; 1.666e-09 ; True ; 10 35 49 68 76 85 111 147 237 238 308 314  ; 3 1 1 1 5 6 2 4 2 3 
7.6e+04 ; 3.737e-09 ; True ; 24 32 49 78 111 127 186 207 225 226 267 276 304  ; 3 2 2 1 4 3 1 4 3 3 
1.04e+05 ; 6.731e-09 ; True ; 17 32 45 49 68 71 85 111 184 202 207 218 225 248 314  ; 4 2 2 1 5 6 2 3 2 3 
1.19e+05 ; 7.667e-09 ; True ; 23 32 39 49 73 78 94 111 136 170 193 195 206 275 282 309  ; 3 3 1 2 5 8 2 5 2 2 
1.34e+05 ; 8.296e-09 ; True ; 3 49 70 77 90 127 147 168 170 184 220 245 248 254 295 314 315  ; 3 2 1 3 5 9 3 3 2 2 
1.35e+05 ; 8.329e-09 ; True ; 12 30 32 34 39 49 64 111 119 141 173 184 189 193 199 301 314  ; 4 2 1 2 8 6 1 5 2 5 
1.48e+05 ; 1.35e-08 ; True ; 0 10 19 44 49 78 111 127 130 132 144 150 170 181 223 230 245 270  ; 3 2 3 1 6 8 2 4 2 4 
1.69e+05 ; 2.105e-08 ; True ; 10 19 44 49 78 111 127 130 132 144 147 150 170 181 205 214 223 230 270  ; 4 1 3 2 6 7 2 6 2 4 

RUN 7:
Optimum Distance: 0

Optimal Team: 
Required Skills: 9 17 19 23 24 34 35 36 49 50 
Distance; Skill Score; isValid; Team; Skill Counts
1.5e+04 ; 3.015e-11 ; True ; 23 33 49 111 184 282  ; 1 1 1 1 4 4 1 2 1 1 
1.5e+04 ; 3.392e-11 ; True ; 64 111 193 194 237 314  ; 1 1 1 1 2 3 1 2 1 2 
2e+04 ; 1.081e-10 ; True ; 49 51 111 127 147 233 245  ; 2 1 2 2 2 2 1 2 1 1 
2.7e+04 ; 1.378e-10 ; True ; 11 31 111 127 254 305 308 314  ; 2 1 2 1 3 2 1 2 1 2 
2.8e+04 ; 1.385e-10 ; True ; 49 60 111 144 147 237 245 254  ; 3 1 2 1 2 4 1 3 1 1 
2.8e+04 ; 1.503e-10 ; True ; 30 61 96 127 144 158 313 314  ; 2 1 2 1 2 2 1 2 1 3 
2.8e+04 ; 1.713e-10 ; True ; 6 49 61 78 127 184 238 294  ; 2 1 1 2 3 3 1 2 2 1 
3.4e+04 ; 3.913e-10 ; True ; 11 49 111 127 147 184 191 245 259  ; 3 1 2 3 3 4 1 2 1 1 
3.5e+04 ; 4.581e-10 ; True ; 32 49 71 82 111 127 158 259 314  ; 2 1 2 1 2 3 1 2 2 4 
3.6e+04 ; 5.487e-10 ; True ; 30 32 49 127 148 151 158 314 318  ; 3 1 1 1 3 3 1 4 2 3 
3.6e+04 ; 1.01e-09 ; True ; 23 32 49 78 127 187 245 308 314  ; 1 3 1 2 3 3 1 3 3 2 
5.4e+04 ; 1.035e-09 ; True ; 23 30 49 60 79 127 130 132 199 258 314  ; 2 1 1 1 4 5 2 4 2 3 
5.5e+04 ; 1.209e-09 ; True ; 10 30 32 49 111 136 147 177 199 254 314  ; 4 1 1 1 3 5 1 4 2 5 
6.4e+04 ; 1.434e-09 ; True ; 11 49 60 74 111 127 230 261 281 282 304 314  ; 3 1 2 1 3 2 1 6 2 4 
6.5e+04 ; 1.887e-09 ; True ; 11 32 78 111 127 174 187 193 266 267 281 306  ; 2 2 2 2 3 4 1 3 2 2 
6.5e+04 ; 2.291e-09 ; True ; 11 49 63 75 83 111 127 147 174 255 308 314  ; 3 1 2 2 4 4 1 3 2 3 
7.8e+04 ; 2.425e-09 ; True ; 10 30 32 49 62 127 136 170 177 199 207 254 314  ; 3 1 1 1 3 7 3 4 2 4 
8.9e+04 ; 2.468e-09 ; True ; 23 42 76 78 111 127 147 153 223 225 235 239 245 267  ; 2 2 2 2 5 4 1 3 2 2 
9.1e+04 ; 3.164e-09 ; True ; 5 11 49 81 91 111 116 132 195 199 216 225 269 283  ; 3 2 2 1 5 3 2 3 2 2 
1.02e+05 ; 3.827e-09 ; True ; 1 19 41 96 111 116 127 194 197 221 252 276 282 314 318  ; 3 2 2 1 4 3 1 4 2 5 
1.04e+05 ; 4.647e-09 ; True ; 15 61 64 76 111 127 130 147 190 193 207 213 238 267 279  ; 2 2 2 3 4 4 2 3 1 3 
1.04e+05 ; 4.998e-09 ; True ; 4 10 30 32 49 56 72 87 127 179 199 207 254 260 314  ; 3 1 1 2 5 6 2 4 2 5 
1.04e+05 ; 5.386e-09 ; True ; 2 6 19 49 51 76 95 111 160 222 237 247 248 269 314  ; 3 2 1 1 4 6 3 6 2 3 
1.31e+05 ; 6.111e-09 ; True ; 3 30 65 78 91 108 111 127 147 177 184 193 222 230 231 247 268  ; 2 2 2 4 6 7 1 6 1 3 
1.31e+05 ; 6.237e-09 ; True ; 3 7 23 30 65 78 91 108 111 127 147 184 193 222 230 313 315  ; 2 1 2 4 9 7 2 5 1 3 
1.34e+05 ; 8.617e-09 ; True ; 6 23 32 35 58 78 111 127 147 189 223 235 239 245 254 267 288  ; 3 3 2 2 6 7 1 3 2 3 
1.49e+05 ; 8.995e-09 ; True ; 4 8 32 37 49 72 112 127 133 147 195 202 216 219 238 245 309 314  ; 2 2 3 5 3 10 1 4 2 2 
1.49e+05 ; 9.809e-09 ; True ; 26 32 49 65 81 85 114 118 121 127 134 144 182 207 239 277 308 314  ; 3 3 2 2 3 4 1 5 2 4 
1.5e+05 ; 1.777e-08 ; True ; 26 32 49 81 85 114 121 127 144 181 182 207 212 233 239 277 308 314  ; 3 3 2 2 4 4 2 5 2 3 
1.69e+05 ; 1.791e-08 ; True ; 49 68 85 88 94 96 111 127 132 144 147 170 207 230 267 273 280 285 288  ; 5 2 3 2 6 9 2 3 2 2 
1.69e+05 ; 2.092e-08 ; True ; 32 49 85 113 114 121 122 127 144 172 182 185 207 212 233 239 267 308 314  ; 3 2 2 2 4 3 2 5 3 4 

RUN 8:
Optimum Distance: 0

Optimal Team: 
Required Skills: 9 17 19 23 24 34 35 36 49 50 
Distance; Skill Score; isValid; Team; Skill Counts
6000 ; 4.717e-12 ; True ; 32 49 127 158  ; 1 1 1 1 1 2 1 1 1 1 
1e+04 ; 8.857e-12 ; True ; 3 32 49 147 202  ; 2 1 1 1 1 2 1 1 1 1 
1e+04 ; 1.681e-11 ; True ; 49 127 199 245 314  ; 1 1 1 1 1 2 1 2 2 1 
1.4e+04 ; 5.493e-11 ; True ; 23 49 96 111 127 306  ; 2 1 2 1 2 2 1 2 1 1 
1.5e+04 ; 9.178e-11 ; True ; 11 30 49 184 193 202  ; 3 1 1 1 3 4 1 3 1 1 
2.1e+04 ; 1.268e-10 ; True ; 23 30 111 184 202 247 314  ; 1 1 2 1 3 3 1 2 1 3 
2.7e+04 ; 1.971e-10 ; True ; 78 95 111 127 170 193 296 314  ; 1 1 2 1 3 2 1 3 2 2 
2.8e+04 ; 2.272e-10 ; True ; 29 30 78 111 132 222 237 314  ; 1 1 1 1 3 4 1 4 2 3 
2.8e+04 ; 4.166e-10 ; True ; 10 11 30 49 127 184 193 277  ; 3 1 1 2 3 4 1 4 1 2 
3.5e+04 ; 4.256e-10 ; True ; 19 21 49 78 84 111 127 132 156  ; 2 1 2 1 4 4 1 2 2 2 
4.2e+04 ; 7.029e-10 ; True ; 49 111 127 134 147 170 193 212 225 252  ; 2 2 2 2 3 4 1 2 1 2 
5.3e+04 ; 1.048e-09 ; True ; 15 30 43 49 70 109 111 127 151 207 279  ; 3 2 2 1 4 3 1 3 1 3 
5.4e+04 ; 1.464e-09 ; True ; 11 23 32 64 71 111 127 211 214 254 314  ; 3 1 2 2 2 4 2 3 1 3 
6.4e+04 ; 2.441e-09 ; True ; 3 49 74 96 111 125 127 152 184 238 306 308  ; 2 2 2 2 5 4 2 3 1 2 
7.6e+04 ; 3.819e-09 ; True ; 11 70 72 78 97 111 127 133 194 228 238 239 314  ; 3 1 2 2 3 4 2 3 2 3 
1.05e+05 ; 5.557e-09 ; True ; 7 30 32 49 78 127 132 166 199 203 205 222 236 238 264  ; 3 2 1 2 6 7 2 5 2 2 
1.15e+05 ; 5.64e-09 ; True ; 1 11 111 116 127 135 147 170 183 195 226 247 256 267 276 277  ; 3 1 2 3 3 4 2 3 2 3 
1.33e+05 ; 9.942e-09 ; True ; 1 10 25 30 49 64 78 111 127 128 132 188 196 233 264 276 281  ; 5 1 2 2 8 6 1 5 2 5 
1.36e+05 ; 1.087e-08 ; True ; 6 11 16 49 73 78 84 96 127 135 167 170 195 205 231 247 314  ; 4 3 1 2 3 4 2 6 3 2 
1.68e+05 ; 1.107e-08 ; True ; 3 30 49 59 64 75 81 101 116 122 127 202 207 233 239 241 254 279 294  ; 4 1 2 2 4 8 3 4 2 3 
1.86e+05 ; 1.164e-08 ; True ; 3 11 25 59 65 78 111 114 118 127 133 137 145 160 170 203 237 256 291 308  ; 5 1 2 2 5 6 4 6 1 3 
1.88e+05 ; 1.457e-08 ; True ; 3 17 18 23 25 32 49 63 98 131 139 160 167 185 195 202 222 237 308 314  ; 4 2 1 2 4 8 3 7 2 3 

RUN 9:
Optimum Distance: 0

Optimal Team: 
Required Skills: 9 17 19 23 24 34 35 36 49 50 
Distance; Skill Score; isValid; Team; Skill Counts
1e+04 ; 4.717e-12 ; True ; 32 49 216 248 309  ; 1 1 1 1 1 2 1 1 1 1 
1.3e+04 ; 1.877e-11 ; True ; 11 32 49 118 127 305  ; 2 1 1 1 2 1 1 1 1 2 
1.4e+04 ; 1.951e-11 ; True ; 11 49 118 127 202 308  ; 2 1 2 1 2 1 1 1 1 1 
1.5e+04 ; 2.56e-11 ; True ; 19 49 64 127 132 252  ; 1 1 1 2 3 3 1 1 1 1 
1.5e+04 ; 4.514e-11 ; True ; 19 49 127 244 254 282  ; 2 1 1 1 2 3 1 3 1 1 
2.1e+04 ; 1.347e-10 ; True ; 19 49 64 114 127 132 314  ; 1 1 1 3 3 3 1 2 2 1 
2.7e+04 ; 2.131e-10 ; True ; 6 30 111 114 127 170 288 314  ; 1 1 2 2 2 2 1 3 1 3 
2.7e+04 ; 2.393e-10 ; True ; 3 30 32 78 114 127 182 254  ; 3 1 1 2 2 3 1 3 1 2 
3.5e+04 ; 4.692e-10 ; True ; 30 49 64 93 111 127 132 199 201  ; 2 1 2 2 5 4 1 2 1 2 
3.6e+04 ; 5.731e-10 ; True ; 11 23 32 46 111 147 187 193 314  ; 2 2 1 2 2 2 2 2 1 3 
4.3e+04 ; 6.222e-10 ; True ; 3 6 85 111 127 170 182 281 291 314  ; 3 1 2 1 3 3 2 3 1 2 
4.4e+04 ; 9.183e-10 ; True ; 14 32 94 111 127 147 153 237 308 314  ; 2 2 2 2 3 3 1 2 1 3 
5.3e+04 ; 1.056e-09 ; True ; 11 49 63 70 118 127 130 193 202 206 314  ; 2 2 2 1 3 3 1 4 2 2 
6.2e+04 ; 1.09e-09 ; True ; 3 4 49 96 127 130 180 190 193 195 226 314  ; 4 2 1 2 4 5 1 3 2 1 
6.3e+04 ; 1.406e-09 ; True ; 19 44 49 72 111 127 158 187 247 269 302 312  ; 2 1 2 3 3 4 2 3 1 2 
6.4e+04 ; 1.596e-09 ; True ; 32 94 98 111 114 117 127 147 176 237 308 314  ; 2 2 2 3 4 3 1 2 1 3 
7.6e+04 ; 3.55e-09 ; True ; 7 32 94 111 116 127 147 153 158 160 195 237 308  ; 3 2 2 3 4 5 2 2 1 2 
9e+04 ; 5.56e-09 ; True ; 19 32 44 49 78 82 127 133 142 147 163 195 282 309  ; 3 2 1 4 4 5 1 4 2 3 
1.16e+05 ; 5.687e-09 ; True ; 19 25 32 49 67 111 118 122 127 132 161 282 285 286 307 309  ; 3 3 2 2 5 4 1 4 1 4 
1.3e+05 ; 7.679e-09 ; True ; 3 23 32 47 49 67 111 118 122 127 132 161 205 282 285 307 309  ; 2 3 2 2 4 6 2 4 1 4 
1.34e+05 ; 9.102e-09 ; True ; 32 44 49 89 104 111 116 127 147 161 165 193 238 243 248 275 283  ; 3 2 2 2 4 6 2 5 2 2 
1.5e+05 ; 1.009e-08 ; True ; 7 32 105 111 124 127 147 153 158 172 195 221 237 265 267 308 314 316  ; 2 2 2 3 4 7 2 3 2 3 
1.52e+05 ; 1.243e-08 ; True ; 30 32 49 99 110 111 121 126 127 147 148 162 173 178 237 279 290 314  ; 5 2 2 2 5 7 1 4 2 4 
1.87e+05 ; 1.325e-08 ; True ; 3 9 24 26 49 111 113 119 127 145 163 165 202 206 210 264 267 282 309 314  ; 3 2 3 2 4 8 1 4 3 3 
1.88e+05 ; 1.327e-08 ; True ; 19 30 32 78 111 141 160 166 184 187 190 193 194 195 237 269 273 275 292 318  ; 5 2 1 3 6 9 2 7 1 4 

RUN 10:
Optimum Distance: 0

Optimal Team: 
Required Skills: 9 17 19 23 24 34 35 36 49 50 
Distance; Skill Score; isValid; Team; Skill Counts
1e+04 ; 1.021e-11 ; True ; 49 122 127 193 237  ; 1 1 1 1 1 3 1 2 1 1 
1e+04 ; 1.567e-11 ; True ; 3 96 111 184 314  ; 1 1 1 1 2 2 1 1 1 2 
1.4e+04 ; 4.022e-11 ; True ; 3 49 127 144 245 314  ; 1 1 2 1 1 3 1 2 2 1 
1.5e+04 ; 6.548e-11 ; True ; 11 49 87 127 193 237  ; 2 1 1 1 2 3 2 2 1 1 
2e+04 ; 1.181e-10 ; True ; 11 32 49 70 103 127 314  ; 2 2 1 1 1 2 1 2 2 2 
2.7e+04 ; 3.59e-10 ; True ; 11 25 49 111 127 193 237 247  ; 3 2 2 1 2 3 2 2 1 1 
4.3e+04 ; 3.846e-10 ; True ; 19 32 49 78 118 127 131 184 230 313  ; 1 1 1 2 6 4 1 2 2 3 
4.4e+04 ; 6.242e-10 ; True ; 13 49 94 111 127 147 200 225 233 276  ; 3 1 2 2 3 3 1 3 1 2 
4.4e+04 ; 7.745e-10 ; True ; 0 30 32 49 64 147 170 202 222 225  ; 3 2 1 3 3 5 1 2 1 2 
5.4e+04 ; 1.388e-09 ; True ; 19 44 74 111 116 127 141 195 238 282 314  ; 2 1 2 2 2 3 2 2 2 3 
6.5e+04 ; 1.806e-09 ; True ; 30 78 94 111 127 143 170 193 199 200 248 309  ; 2 1 2 2 4 7 3 3 1 2 
7.4e+04 ; 3.739e-09 ; True ; 3 19 30 49 111 119 127 176 193 223 247 285 297  ; 3 2 2 1 7 7 2 4 1 3 
1.02e+05 ; 4.322e-09 ; True ; 23 24 41 49 111 119 127 168 186 202 205 213 245 308 314  ; 2 2 3 1 5 5 1 4 2 4 
1.04e+05 ; 5.347e-09 ; True ; 11 26 32 55 78 96 111 125 127 130 254 269 303 304 314  ; 3 3 2 1 4 3 1 5 2 4 
1.17e+05 ; 6.797e-09 ; True ; 3 32 55 63 69 78 81 111 116 127 147 199 200 282 295 314  ; 1 2 2 2 4 4 2 5 3 3 
1.35e+05 ; 7.253e-09 ; True ; 3 11 48 49 68 70 77 87 111 122 147 176 182 247 255 308 314  ; 4 3 1 1 7 3 2 3 2 5 
1.49e+05 ; 1.2e-08 ; True ; 32 40 49 54 70 111 116 127 135 147 158 194 267 269 270 276 283 316  ; 3 2 2 2 5 5 1 4 3 4 
1.49e+05 ; 1.216e-08 ; True ; 3 5 9 72 78 79 111 127 142 146 151 189 233 248 282 283 314 318  ; 3 1 2 2 4 5 3 5 2 4 
1.5e+05 ; 1.318e-08 ; True ; 49 57 76 79 85 87 96 111 114 127 167 170 181 195 224 233 235 308  ; 3 2 2 3 6 7 2 4 1 4 
1.7e+05 ; 1.34e-08 ; True ; 24 78 79 85 94 111 130 132 195 209 213 216 222 233 245 267 281 290 314  ; 4 2 2 2 6 9 1 4 3 3 
1.87e+05 ; 2.326e-08 ; True ; 19 26 32 72 79 85 90 115 118 127 142 160 184 202 207 254 255 282 283 314  ; 3 3 2 3 3 6 2 6 1 6 

