m: 12
Instance: 1
Algorithm: MOSA
Iteration: 600
Population Size: 100
RUN 1:
Optimum Distance: 0

Optimal Team: 
Required Skills: 1 6 9 14 19 20 31 35 43 49 52 53 
Distance; Skill Score; isValid; Team; Skill Counts
3.4e+04 ; 1.214e-14 ; True ; 8 33 58 108 137 165 187 232 353  ; 2 1 1 2 1 1 1 1 1 1 1 1 
3.5e+04 ; 2.277e-14 ; True ; 9 32 33 165 213 219 264 271 311  ; 2 2 2 1 1 1 1 1 1 1 1 1 
3.5e+04 ; 4.565e-14 ; True ; 8 20 33 91 178 186 219 264 306  ; 2 1 1 2 1 2 2 1 1 1 1 1 
3.6e+04 ; 5.274e-14 ; True ; 140 150 208 211 216 219 264 320 353  ; 3 2 2 2 1 1 1 1 1 1 1 1 
4.2e+04 ; 7.275e-14 ; True ; 4 26 48 53 105 121 162 243 264 308  ; 3 2 3 1 1 1 1 1 1 1 1 2 
4.3e+04 ; 7.376e-14 ; True ; 8 10 102 104 119 122 263 264 292 353  ; 1 1 1 2 1 2 2 1 1 1 1 3 
4.4e+04 ; 1.401e-13 ; True ; 1 8 23 32 60 137 232 237 332 353  ; 1 1 1 2 1 2 1 2 1 1 3 2 
4.5e+04 ; 3.481e-13 ; True ; 8 32 53 108 136 198 208 247 263 264  ; 3 1 4 2 1 2 2 1 1 1 1 2 
5.5e+04 ; 3.889e-13 ; True ; 18 32 53 55 83 85 92 99 120 247 344  ; 5 1 4 2 1 2 1 1 1 1 2 2 
6.4e+04 ; 5.842e-13 ; True ; 1 8 15 23 32 38 53 137 232 237 250 332  ; 2 3 2 2 1 1 1 2 1 1 3 2 
6.4e+04 ; 1.387e-12 ; True ; 1 8 23 32 38 53 91 122 146 232 239 264  ; 3 2 2 2 1 1 2 2 1 2 2 2 
7.4e+04 ; 2.262e-12 ; True ; 1 8 19 23 32 38 53 91 122 137 232 237 332  ; 2 2 2 2 2 1 2 2 1 2 2 2 
8.7e+04 ; 3.536e-12 ; True ; 1 8 23 32 38 48 92 122 187 216 271 277 351 353  ; 3 3 2 3 1 2 1 3 1 1 2 4 
8.9e+04 ; 5.138e-12 ; True ; 23 48 53 84 106 162 177 181 237 264 286 288 293 353  ; 3 3 3 4 1 1 1 2 2 2 2 2 
1.18e+05 ; 1.051e-11 ; True ; 1 8 23 32 38 48 92 162 177 178 187 216 260 271 277 353  ; 4 4 3 3 1 4 1 3 1 1 2 3 
1.52e+05 ; 1.526e-11 ; True ; 8 31 32 50 53 55 59 128 139 163 175 216 225 247 267 312 327 353  ; 8 3 3 3 1 2 3 3 1 2 1 3 
1.68e+05 ; 1.534e-11 ; True ; 8 23 53 68 101 162 163 175 182 185 228 238 243 264 294 332 340 346 353  ; 3 3 3 3 1 2 2 2 1 2 2 5 
1.7e+05 ; 1.657e-11 ; True ; 32 53 55 119 130 137 138 159 175 185 186 204 211 214 255 264 304 327 343  ; 7 3 3 4 1 2 2 2 2 1 2 3 
1.7e+05 ; 1.727e-11 ; True ; 3 8 32 55 64 106 122 129 176 205 209 211 218 228 264 284 286 332 343  ; 6 3 3 4 1 2 2 1 3 1 3 3 
1.82e+05 ; 2.497e-11 ; True ; 6 8 11 26 32 53 85 89 102 119 132 178 195 216 219 236 249 264 271 332  ; 6 1 3 4 1 5 2 3 1 1 3 7 
1.83e+05 ; 3.137e-11 ; True ; 4 7 18 61 84 132 138 140 162 164 186 187 199 202 260 264 313 343 352 353  ; 4 2 4 3 1 3 2 3 2 1 3 3 
1.88e+05 ; 3.68e-11 ; True ; 26 47 53 68 86 124 136 137 143 159 181 186 194 211 233 247 263 264 297 353  ; 4 3 2 5 2 2 2 3 1 2 2 3 
2.04e+05 ; 6.663e-11 ; True ; 1 7 8 32 53 60 72 92 129 147 187 211 216 247 257 267 269 288 303 330 344  ; 7 4 3 5 1 2 3 3 1 2 2 4 
2.52e+05 ; 8.522e-11 ; True ; 19 32 33 38 53 66 72 93 95 122 144 167 201 211 222 238 257 260 264 267 276 286 353  ; 4 3 6 3 1 3 3 2 2 2 3 2 

RUN 2:
Optimum Distance: 0

Optimal Team: 
Required Skills: 1 6 9 14 19 20 31 35 43 49 52 53 
Distance; Skill Score; isValid; Team; Skill Counts
3.5e+04 ; 3.855e-14 ; True ; 8 23 53 55 141 144 162 218 351  ; 2 1 1 2 1 1 1 1 1 1 1 4 
4.3e+04 ; 4.378e-14 ; True ; 8 53 189 207 216 219 227 264 265 318  ; 2 1 1 2 1 1 2 1 1 1 1 2 
4.3e+04 ; 5.666e-14 ; True ; 32 53 162 169 174 175 176 236 277 331  ; 4 2 2 1 1 1 1 1 1 1 1 2 
4.4e+04 ; 5.819e-14 ; True ; 8 26 32 55 122 124 170 285 301 353  ; 4 1 1 2 1 2 1 1 1 1 1 2 
4.4e+04 ; 1.177e-13 ; True ; 7 8 23 53 55 141 144 218 247 288  ; 4 1 1 3 1 1 1 2 1 1 1 3 
5.3e+04 ; 2.288e-13 ; True ; 0 26 32 98 122 170 264 285 308 343 353  ; 5 2 1 2 1 2 2 1 1 1 2 1 
5.4e+04 ; 2.91e-13 ; True ; 8 23 53 55 141 144 218 247 302 321 353  ; 4 1 1 4 1 2 1 1 1 2 1 3 
5.5e+04 ; 3.777e-13 ; True ; 32 53 89 178 209 247 256 263 264 317 341  ; 3 3 3 2 1 2 1 1 1 1 1 2 
6.1e+04 ; 4.658e-13 ; True ; 8 33 53 71 91 108 122 137 175 181 194 264  ; 2 1 2 3 2 1 2 1 1 2 1 2 
7.6e+04 ; 5.266e-13 ; True ; 8 10 18 134 137 207 208 237 243 277 281 308 353  ; 3 3 1 3 1 2 1 1 1 1 3 2 
7.6e+04 ; 6.153e-13 ; True ; 32 53 60 89 122 175 211 234 264 267 296 334 354  ; 5 2 2 3 1 2 1 2 1 1 1 2 
7.7e+04 ; 1.052e-12 ; True ; 1 32 53 89 110 156 178 198 232 247 256 264 317  ; 3 3 3 3 1 2 2 1 1 1 1 2 
7.8e+04 ; 1.629e-12 ; True ; 7 32 98 129 140 195 233 237 247 340 342 343 353  ; 4 2 2 3 1 2 2 1 1 2 3 1 
7.8e+04 ; 1.75e-12 ; True ; 23 32 53 61 73 122 166 247 263 264 294 334 349  ; 2 3 3 2 2 3 1 2 1 1 1 2 
9e+04 ; 2.443e-12 ; True ; 72 83 137 138 195 208 211 216 258 263 264 268 308 353  ; 5 2 2 3 1 2 3 2 1 1 1 3 
1e+05 ; 2.839e-12 ; True ; 8 14 33 53 71 91 108 122 137 175 181 194 264 317 332  ; 3 2 3 3 2 1 2 1 1 2 2 2 
1.01e+05 ; 2.867e-12 ; True ; 7 47 72 79 83 122 187 195 211 231 258 264 308 318 353  ; 4 3 2 4 1 2 2 1 2 1 1 3 
1.03e+05 ; 4.132e-12 ; True ; 7 8 23 32 132 140 179 198 237 245 247 333 342 343 353  ; 6 2 2 3 1 3 1 2 1 1 3 4 
1.04e+05 ; 7.53e-12 ; True ; 3 8 32 83 122 181 213 216 232 233 257 264 346 352 353  ; 3 3 3 3 1 3 3 2 1 1 1 4 
1.33e+05 ; 9.846e-12 ; True ; 7 42 48 53 61 66 83 137 139 148 237 271 278 298 310 335 353  ; 3 3 4 3 1 2 1 2 2 2 2 2 
1.34e+05 ; 1.194e-11 ; True ; 1 8 18 53 55 116 120 122 166 191 238 249 308 314 327 337 353  ; 5 4 2 5 1 2 2 1 1 2 3 3 
1.34e+05 ; 1.729e-11 ; True ; 25 32 48 65 92 112 122 165 167 211 216 263 264 308 316 332 353  ; 5 4 3 5 1 3 2 2 1 1 2 3 
1.71e+05 ; 2.498e-11 ; True ; 23 26 53 73 92 136 203 210 229 247 250 264 286 297 308 334 338 339 353  ; 6 3 3 4 1 3 1 3 1 2 3 3 
2.04e+05 ; 3.095e-11 ; True ; 8 18 53 55 116 120 122 133 160 166 191 199 203 218 238 249 308 314 327 337 353  ; 9 5 3 5 1 3 2 1 1 2 3 3 
2.07e+05 ; 3.173e-11 ; True ; 8 61 66 80 91 106 112 137 164 166 185 186 212 215 240 264 271 317 330 345 353  ; 5 3 2 3 1 3 2 2 2 2 4 2 
2.07e+05 ; 4.346e-11 ; True ; 14 32 35 48 55 65 77 79 92 112 123 137 175 187 204 211 214 243 260 264 353  ; 7 2 5 4 1 5 3 1 3 1 2 3 
2.08e+05 ; 4.732e-11 ; True ; 20 46 61 83 153 178 211 219 233 237 244 247 263 264 269 271 292 302 306 338 353  ; 4 3 3 5 2 4 2 2 2 1 2 2 
2.25e+05 ; 4.768e-11 ; True ; 2 14 43 112 115 136 137 139 171 174 195 237 247 263 264 285 308 310 320 342 343 353  ; 7 4 4 4 2 3 2 1 2 1 2 4 
2.45e+05 ; 5.402e-11 ; True ; 8 19 26 34 53 55 73 80 84 119 122 128 136 137 176 213 240 300 307 318 320 338 351  ; 4 4 3 6 2 3 2 1 2 1 2 5 
2.49e+05 ; 5.943e-11 ; True ; 8 15 32 42 47 66 74 90 100 116 129 154 169 211 219 243 247 252 264 275 286 335 342  ; 5 4 3 4 2 2 3 1 2 1 3 5 
2.66e+05 ; 1.366e-10 ; True ; 2 8 18 48 53 56 62 72 91 100 122 125 137 152 170 189 195 250 251 264 270 304 341 353  ; 7 3 4 6 2 2 3 1 1 3 4 4 

RUN 3:
Optimum Distance: 0

Optimal Team: 
Required Skills: 1 6 9 14 19 20 31 35 43 49 52 53 
Distance; Skill Score; isValid; Team; Skill Counts
3.5e+04 ; 3.115e-14 ; True ; 8 55 150 191 209 219 271 308 353  ; 2 1 1 2 1 1 1 1 1 1 1 3 
3.6e+04 ; 3.955e-14 ; True ; 7 32 91 116 162 176 211 229 306  ; 3 3 1 2 1 1 1 1 1 1 1 1 
4.2e+04 ; 4.289e-14 ; True ; 1 32 55 98 168 177 182 186 219 353  ; 2 2 1 1 1 2 1 1 1 1 1 2 
4.3e+04 ; 4.346e-14 ; True ; 23 53 182 189 247 264 317 318 332 344  ; 2 2 1 1 1 1 2 1 1 1 1 2 
4.3e+04 ; 5.264e-14 ; True ; 8 55 79 133 150 219 260 271 308 353  ; 3 1 1 2 1 2 1 1 1 1 1 2 
4.4e+04 ; 9.128e-14 ; True ; 19 32 53 61 91 108 216 237 247 250  ; 5 2 3 1 1 1 1 1 1 2 1 1 
4.5e+04 ; 1.594e-13 ; True ; 32 48 153 155 162 181 264 266 271 353  ; 4 2 3 2 1 2 1 1 1 1 1 1 
5.5e+04 ; 1.908e-13 ; True ; 18 145 162 176 177 178 186 191 211 326 353  ; 1 2 2 2 1 2 1 2 1 1 1 2 
5.5e+04 ; 1.963e-13 ; True ; 18 139 178 194 219 223 236 261 264 272 353  ; 3 1 2 2 1 2 2 1 1 1 2 1 
6.2e+04 ; 2.034e-13 ; True ; 1 18 53 66 83 99 138 162 178 185 211 265  ; 2 1 4 2 1 2 1 1 1 1 1 3 
6.4e+04 ; 3.162e-13 ; True ; 26 32 48 53 66 115 121 137 139 192 237 249  ; 4 2 3 2 1 2 1 1 2 1 1 1 
6.5e+04 ; 3.849e-13 ; True ; 18 53 119 138 184 208 237 247 308 337 338 345  ; 3 3 2 3 1 1 2 1 1 1 1 2 
7.5e+04 ; 9.886e-13 ; True ; 1 18 53 66 83 99 162 178 211 264 265 306 350  ; 1 2 4 3 1 3 1 1 2 1 1 3 
8.8e+04 ; 3.108e-12 ; True ; 8 9 23 53 59 65 122 141 264 269 342 344 347 353  ; 2 2 3 3 1 1 4 1 1 2 2 3 
1.02e+05 ; 4.165e-12 ; True ; 2 18 99 119 138 162 163 178 213 240 247 264 300 343 353  ; 4 1 3 3 2 4 2 1 1 1 2 3 
1.04e+05 ; 5.006e-12 ; True ; 18 19 141 156 166 168 178 189 202 216 219 261 264 343 353  ; 3 2 3 4 1 3 2 2 1 1 2 2 
1.05e+05 ; 5.884e-12 ; True ; 85 108 138 141 167 178 211 216 219 236 247 264 286 292 353  ; 4 2 3 2 2 2 2 2 1 1 3 2 
1.35e+05 ; 6.835e-12 ; True ; 30 66 83 92 119 140 143 162 177 186 308 311 326 343 344 351 353  ; 3 3 2 3 1 3 2 1 1 2 2 4 
1.35e+05 ; 7.588e-12 ; True ; 32 53 54 95 146 166 195 219 237 247 252 267 304 326 327 342 353  ; 3 3 4 5 2 2 1 1 1 2 2 2 
1.49e+05 ; 1.178e-11 ; True ; 8 9 12 23 53 59 122 141 177 187 269 271 324 334 342 344 347 353  ; 4 3 3 3 1 2 2 2 1 2 2 3 
1.52e+05 ; 1.335e-11 ; True ; 23 32 53 55 69 85 122 171 178 216 233 237 245 264 307 313 316 334  ; 5 2 3 2 1 3 2 2 3 1 3 2 
1.67e+05 ; 1.479e-11 ; True ; 1 18 53 59 66 83 99 102 162 178 211 236 238 264 265 267 302 306 350  ; 2 2 4 4 1 3 1 2 2 1 3 5 
1.68e+05 ; 1.511e-11 ; True ; 3 18 32 65 99 107 129 136 137 147 156 166 184 199 242 264 285 351 353  ; 2 3 4 4 1 3 3 1 1 2 2 3 
1.84e+05 ; 1.666e-11 ; True ; 8 19 32 54 66 122 130 136 144 175 177 233 267 288 299 308 316 339 340 353  ; 5 3 2 4 1 3 3 2 1 1 3 3 
1.88e+05 ; 1.72e-11 ; True ; 8 20 26 53 72 83 96 108 132 137 145 187 188 211 219 261 278 292 308 316  ; 4 3 4 4 2 3 2 1 1 1 2 4 
1.89e+05 ; 2.138e-11 ; True ; 7 8 30 55 141 166 176 186 204 215 219 225 236 263 304 308 342 345 347 353  ; 5 4 3 4 1 1 2 3 2 1 3 3 
2.06e+05 ; 4.253e-11 ; True ; 7 55 62 83 96 116 119 120 129 171 181 195 203 204 247 260 264 269 304 333 353  ; 7 3 3 3 1 4 2 1 2 2 3 4 
2.28e+05 ; 4.434e-11 ; True ; 8 61 119 122 147 158 160 162 186 216 251 264 266 281 292 313 315 331 338 342 350 353  ; 6 2 2 5 2 3 3 2 1 1 4 4 
2.3e+05 ; 4.863e-11 ; True ; 7 22 53 66 72 89 96 116 134 139 159 183 186 208 219 221 304 306 311 327 342 353  ; 4 2 4 5 1 2 3 2 1 3 3 3 
2.49e+05 ; 7.224e-11 ; True ; 53 89 100 106 136 139 162 189 205 218 219 223 226 250 264 271 286 313 336 342 343 344 349  ; 5 2 5 3 2 4 3 2 1 1 3 5 
2.71e+05 ; 1.002e-10 ; True ; 137 139 167 175 181 186 187 189 211 218 223 225 228 251 264 275 293 299 311 336 340 343 347 353  ; 7 5 2 3 1 3 3 2 2 2 3 4 
2.74e+05 ; 1.34e-10 ; True ; 22 32 68 100 139 162 176 187 193 208 211 213 215 216 229 233 235 247 258 266 267 287 291 353  ; 8 3 3 4 2 4 2 2 2 1 4 4 

RUN 4:
Optimum Distance: 0

Optimal Team: 
Required Skills: 1 6 9 14 19 20 31 35 43 49 52 53 
Distance; Skill Score; isValid; Team; Skill Counts
2.8e+04 ; 3.966e-14 ; True ; 8 32 37 53 176 232 247 342  ; 3 1 3 2 1 1 1 1 1 1 1 1 
3.6e+04 ; 6.081e-14 ; True ; 32 46 91 176 211 247 264 286 293  ; 4 2 2 1 1 1 1 1 2 1 1 1 
4.4e+04 ; 7.936e-14 ; True ; 8 53 115 141 219 264 286 303 323 343  ; 2 1 1 4 1 1 2 1 1 1 1 2 
4.4e+04 ; 8.436e-14 ; True ; 8 43 136 238 247 264 271 292 310 353  ; 2 1 1 2 1 2 2 1 1 1 1 2 
4.4e+04 ; 8.559e-14 ; True ; 8 32 46 53 133 219 232 264 279 293  ; 4 1 3 2 1 1 2 1 1 1 1 1 
4.5e+04 ; 2.191e-13 ; True ; 8 17 32 46 53 176 232 247 264 293  ; 3 1 3 3 1 1 2 1 2 1 1 1 
5.2e+04 ; 2.403e-13 ; True ; 7 8 32 37 53 176 247 253 280 306 342  ; 5 2 3 3 1 2 1 1 1 1 1 1 
5.5e+04 ; 5.232e-13 ; True ; 18 32 62 122 156 209 211 264 326 330 353  ; 3 2 2 3 1 2 2 1 1 1 1 2 
6.4e+04 ; 8.887e-13 ; True ; 7 8 66 98 136 137 141 162 175 304 342 353  ; 2 1 2 3 2 2 2 2 1 1 1 2 
8.8e+04 ; 3.214e-12 ; True ; 7 8 66 98 136 137 141 162 175 184 223 341 342 353  ; 2 2 2 2 2 2 3 2 1 1 2 2 
1.01e+05 ; 4.155e-12 ; True ; 6 48 51 53 74 83 139 152 228 247 263 264 286 352 353  ; 2 1 3 4 1 2 2 2 1 2 2 3 
1.04e+05 ; 5.226e-12 ; True ; 8 32 131 151 166 178 216 229 232 247 250 264 266 346 353  ; 6 4 2 4 1 4 2 2 1 1 1 2 
1.17e+05 ; 5.763e-12 ; True ; 7 8 25 66 98 136 137 147 162 175 219 237 258 304 342 353  ; 3 1 3 4 3 2 2 2 2 1 1 2 
1.32e+05 ; 6.08e-12 ; True ; 7 8 25 53 128 130 219 226 249 264 269 275 291 320 339 349 353  ; 6 3 2 4 1 3 2 1 1 2 2 2 
1.34e+05 ; 8.702e-12 ; True ; 32 33 48 53 125 157 165 166 187 198 219 232 267 331 333 337 353  ; 5 5 3 4 1 2 1 2 1 2 2 2 
1.51e+05 ; 1.13e-11 ; True ; 8 29 53 94 102 132 140 141 143 156 187 219 263 264 287 289 332 353  ; 2 2 2 4 1 3 2 1 2 2 3 3 
1.51e+05 ; 1.195e-11 ; True ; 8 23 26 32 48 53 57 59 66 126 131 150 155 247 264 289 306 333  ; 5 3 5 3 1 1 2 2 2 1 2 4 
1.66e+05 ; 1.677e-11 ; True ; 7 53 66 72 84 122 137 139 160 184 195 208 210 258 264 277 296 325 353  ; 5 3 3 4 2 1 4 1 2 2 1 3 
1.85e+05 ; 1.807e-11 ; True ; 7 8 33 66 98 137 138 147 162 175 219 223 232 237 255 281 287 340 342 353  ; 3 2 1 3 3 2 3 3 2 1 3 2 
1.85e+05 ; 2.467e-11 ; True ; 7 8 19 32 66 101 105 137 162 178 208 215 235 258 264 283 284 311 337 340  ; 6 2 4 3 2 3 3 1 2 1 3 2 
1.86e+05 ; 2.903e-11 ; True ; 7 8 25 66 94 98 136 137 147 162 175 219 223 237 255 287 304 340 342 353  ; 3 2 2 4 3 3 2 2 2 1 3 2 
2.04e+05 ; 3.12e-11 ; True ; 8 53 71 83 89 90 130 137 160 181 189 195 217 247 260 264 267 302 313 320 343  ; 5 2 3 6 2 4 2 1 1 1 4 4 
2.05e+05 ; 6.048e-11 ; True ; 18 20 35 53 90 115 123 139 166 168 176 184 187 218 247 257 266 286 327 340 353  ; 4 2 3 6 1 3 3 2 2 2 2 3 
2.48e+05 ; 1.063e-10 ; True ; 8 44 53 77 96 111 122 137 177 187 198 211 216 225 232 240 260 264 279 312 332 346 353  ; 4 3 3 4 2 4 3 2 2 2 1 4 
2.66e+05 ; 1.4e-10 ; True ; 2 7 8 20 53 71 83 89 90 93 130 160 181 191 195 215 247 257 264 267 293 294 320 353  ; 7 3 5 5 1 4 2 2 1 2 5 4 

RUN 5:
Optimum Distance: 0

Optimal Team: 
Required Skills: 1 6 9 14 19 20 31 35 43 49 52 53 
Distance; Skill Score; isValid; Team; Skill Counts
3.5e+04 ; 1.266e-14 ; True ; 44 53 55 73 144 247 264 265 286  ; 2 1 1 1 1 1 1 1 2 1 1 1 
3.5e+04 ; 2.11e-14 ; True ; 17 18 139 208 237 247 266 318 353  ; 3 1 1 3 1 1 1 1 1 1 1 1 
3.6e+04 ; 3.201e-14 ; True ; 18 62 139 181 237 242 247 288 353  ; 2 1 1 3 1 1 1 1 1 1 1 2 
3.6e+04 ; 3.44e-14 ; True ; 26 35 53 107 128 219 264 319 353  ; 2 1 1 3 1 1 1 1 1 2 1 1 
3.6e+04 ; 4.164e-14 ; True ; 90 122 238 258 263 264 308 342 353  ; 2 1 2 1 1 1 1 1 1 1 2 2 
4.4e+04 ; 6.125e-14 ; True ; 8 23 80 122 129 153 178 211 232 237  ; 2 1 1 2 1 1 1 2 1 1 1 3 
4.4e+04 ; 1.018e-13 ; True ; 1 136 162 187 195 264 277 286 308 353  ; 1 2 1 2 1 2 1 1 2 1 1 2 
4.5e+04 ; 1.888e-13 ; True ; 6 7 48 119 181 211 237 247 344 353  ; 4 2 1 2 1 2 1 1 1 1 1 4 
5.4e+04 ; 2.042e-13 ; True ; 8 18 19 53 92 106 112 122 236 237 250  ; 3 1 3 3 1 1 2 1 1 1 1 2 
5.4e+04 ; 2.151e-13 ; True ; 53 136 166 201 211 234 247 249 264 267 343  ; 5 2 2 4 1 2 1 1 1 1 1 1 
6.3e+04 ; 4.506e-13 ; True ; 1 25 136 147 195 232 247 264 277 286 308 353  ; 2 3 1 3 1 2 1 2 1 1 1 3 
6.3e+04 ; 5.196e-13 ; True ; 8 23 48 53 124 128 219 256 259 264 271 334  ; 3 2 2 2 1 1 2 2 1 1 1 3 
6.5e+04 ; 6.272e-13 ; True ; 8 18 29 53 55 58 168 175 181 219 236 353  ; 4 1 3 3 1 1 1 2 1 2 1 3 
7.6e+04 ; 8.432e-13 ; True ; 44 48 51 53 110 136 137 176 182 186 211 249 337  ; 2 2 3 3 1 3 1 1 1 1 2 2 
7.8e+04 ; 8.731e-13 ; True ; 7 8 53 55 61 118 136 141 186 204 208 219 223  ; 3 2 3 2 1 1 1 2 1 1 2 4 
7.8e+04 ; 1.086e-12 ; True ; 8 26 32 73 128 166 238 247 264 276 280 311 353  ; 4 4 1 3 1 2 2 1 1 2 1 2 
8.8e+04 ; 1.531e-12 ; True ; 3 23 48 53 124 128 161 219 236 256 259 264 271 353  ; 4 2 2 2 1 1 1 2 1 2 3 3 
8.9e+04 ; 1.596e-12 ; True ; 2 13 53 62 97 116 136 137 175 180 211 238 264 353  ; 4 2 2 3 1 2 2 1 1 2 1 3 
8.9e+04 ; 1.853e-12 ; True ; 4 8 26 32 37 52 80 128 139 235 247 258 264 353  ; 6 2 2 3 1 3 3 1 1 1 1 3 
9e+04 ; 1.885e-12 ; True ; 129 148 178 186 195 211 233 240 247 264 275 276 291 353  ; 3 2 1 4 1 3 2 1 1 2 2 2 
9.1e+04 ; 2.087e-12 ; True ; 51 129 147 149 178 186 195 210 211 233 240 247 264 353  ; 3 2 2 3 1 3 2 1 1 2 1 3 
9.1e+04 ; 2.832e-12 ; True ; 8 18 32 66 71 92 178 219 306 313 321 337 340 353  ; 3 3 3 5 1 4 1 1 1 1 2 2 
1.01e+05 ; 2.936e-12 ; True ; 7 8 20 23 55 83 101 134 137 171 178 288 310 344 353  ; 4 2 2 3 1 4 2 2 1 1 1 3 
1.01e+05 ; 3.897e-12 ; True ; 5 8 18 23 42 48 53 75 108 122 151 253 264 312 353  ; 3 1 4 3 1 3 2 2 1 2 1 3 
1.02e+05 ; 4.458e-12 ; True ; 4 23 24 32 53 152 176 191 218 237 247 263 264 291 337  ; 4 2 2 3 1 2 1 2 3 1 2 3 
1.14e+05 ; 8.554e-12 ; True ; 5 8 18 23 43 48 53 108 122 126 132 137 253 264 312 353  ; 4 1 4 3 2 3 2 2 1 2 1 3 
1.35e+05 ; 1.058e-11 ; True ; 14 23 53 72 80 108 121 125 147 178 203 211 247 252 264 321 353  ; 7 4 4 3 1 2 2 1 1 2 2 3 
1.51e+05 ; 1.075e-11 ; True ; 14 23 53 72 80 108 117 125 156 157 178 203 211 247 252 263 264 353  ; 8 2 4 4 1 2 2 2 1 2 2 2 
1.52e+05 ; 1.438e-11 ; True ; 8 23 53 62 119 122 166 167 171 218 219 251 264 293 299 303 337 351  ; 5 3 3 4 2 3 2 1 1 1 2 4 
1.67e+05 ; 1.831e-11 ; True ; 8 18 31 48 53 55 117 122 139 162 175 181 188 240 266 311 318 340 350  ; 7 2 3 3 2 2 2 2 1 2 2 3 
1.69e+05 ; 2.218e-11 ; True ; 5 8 32 48 77 84 94 102 116 121 154 164 175 218 247 264 275 286 353  ; 7 4 4 3 1 3 3 2 1 1 2 3 
1.86e+05 ; 2.791e-11 ; True ; 1 17 18 26 32 90 131 199 202 211 219 233 236 237 264 284 327 328 344 353  ; 4 3 4 4 1 2 3 2 2 1 3 2 
1.9e+05 ; 4.364e-11 ; True ; 23 53 66 81 116 162 170 178 215 219 236 263 264 295 306 330 342 345 348 353  ; 5 2 3 3 2 2 2 2 2 2 4 2 
2.25e+05 ; 5.313e-11 ; True ; 8 19 20 23 32 47 50 53 55 61 80 115 122 159 165 166 183 236 256 267 311 342  ; 6 4 3 5 1 2 2 2 1 2 4 4 
2.27e+05 ; 5.371e-11 ; True ; 8 10 32 48 53 58 98 162 166 167 169 174 176 186 195 221 271 274 311 332 343 345  ; 6 4 4 5 1 2 2 2 1 2 3 4 
2.29e+05 ; 5.762e-11 ; True ; 8 16 32 34 66 84 91 104 109 116 144 175 195 211 217 219 225 229 239 286 294 353  ; 6 4 3 6 1 2 3 2 1 2 3 3 
2.3e+05 ; 8.77e-11 ; True ; 12 18 32 53 56 59 80 102 122 124 128 175 181 184 186 205 219 223 237 264 326 353  ; 6 4 4 2 2 2 3 3 2 2 2 2 
2.71e+05 ; 9.799e-11 ; True ; 8 32 36 52 53 103 128 137 153 162 183 187 191 211 255 264 267 287 310 326 331 332 333 353  ; 8 4 2 5 2 3 4 1 2 2 2 3 
2.73e+05 ; 1.186e-10 ; True ; 53 72 80 118 126 162 163 176 194 205 208 211 212 247 249 260 264 265 267 282 317 344 345 353  ; 5 4 3 4 2 3 3 1 2 2 3 3 

RUN 6:
Optimum Distance: 0

Optimal Team: 
Required Skills: 1 6 9 14 19 20 31 35 43 49 52 53 
Distance; Skill Score; isValid; Team; Skill Counts
2.8e+04 ; 1.412e-14 ; True ; 32 35 92 122 129 130 263 264  ; 1 1 1 2 1 1 1 1 1 1 1 2 
3.3e+04 ; 4.983e-14 ; True ; 8 53 60 83 122 237 263 308 341  ; 1 1 2 2 1 1 1 1 1 1 2 2 
4.3e+04 ; 5.32e-14 ; True ; 1 18 55 90 116 242 247 308 350 353  ; 3 1 1 2 1 2 1 1 1 1 2 1 
4.3e+04 ; 7.385e-14 ; True ; 7 30 51 191 247 264 308 337 345 353  ; 3 3 1 2 1 1 1 1 1 1 2 1 
4.4e+04 ; 7.672e-14 ; True ; 8 44 53 211 219 232 237 268 278 343  ; 2 2 1 4 1 1 1 1 1 1 1 2 
4.5e+04 ; 7.914e-14 ; True ; 23 59 91 92 137 178 208 264 310 343  ; 4 1 1 2 1 1 1 1 1 1 3 2 
4.5e+04 ; 1.194e-13 ; True ; 32 94 162 186 235 254 264 266 342 353  ; 2 1 2 2 1 3 1 1 1 1 2 1 
5.1e+04 ; 1.204e-13 ; True ; 2 8 18 56 122 170 195 264 348 350 353  ; 2 1 1 3 1 2 2 1 1 1 1 2 
5.3e+04 ; 2.694e-13 ; True ; 8 16 32 138 176 181 246 247 265 271 353  ; 3 2 1 2 1 2 2 1 1 1 1 3 
5.4e+04 ; 2.985e-13 ; True ; 8 16 32 53 96 138 176 181 246 247 271  ; 4 2 3 2 1 1 2 1 1 1 1 2 
6.4e+04 ; 3.06e-13 ; True ; 8 9 26 121 128 137 146 236 237 264 265 353  ; 2 2 1 2 1 1 2 1 2 1 2 2 
6.4e+04 ; 3.158e-13 ; True ; 80 91 141 175 213 222 247 251 260 264 287 353  ; 4 1 2 2 1 3 1 1 1 2 1 2 
6.5e+04 ; 4.013e-13 ; True ; 8 32 95 115 130 162 171 216 217 264 278 353  ; 3 3 2 3 1 2 2 1 1 1 1 1 
6.5e+04 ; 6.385e-13 ; True ; 32 84 94 162 235 254 264 266 267 311 342 353  ; 2 2 2 3 1 3 1 1 1 2 2 1 
6.5e+04 ; 8.944e-13 ; True ; 8 19 23 32 84 91 122 180 264 291 342 351  ; 3 2 2 2 1 1 3 1 1 1 2 4 
7.7e+04 ; 1.11e-12 ; True ; 8 23 32 53 122 163 175 180 208 258 264 272 291  ; 6 1 4 2 1 1 2 2 1 1 2 3 
8.8e+04 ; 1.357e-12 ; True ; 8 26 40 48 53 83 122 189 195 210 233 237 263 308  ; 3 1 4 3 1 2 2 2 1 1 1 3 
8.9e+04 ; 1.402e-12 ; True ; 4 23 53 125 136 148 181 215 232 247 250 264 278 343  ; 4 4 2 3 1 1 1 2 1 1 2 3 
9e+04 ; 1.529e-12 ; True ; 32 84 94 162 176 216 225 235 254 266 267 311 342 353  ; 3 2 2 3 1 3 1 2 1 2 2 1 
9e+04 ; 2.382e-12 ; True ; 11 23 38 53 65 116 137 176 218 262 264 308 332 353  ; 2 2 1 2 1 2 3 1 2 2 2 3 
9e+04 ; 4.47e-12 ; True ; 32 53 61 66 130 137 166 169 186 211 219 221 264 341  ; 2 3 2 3 2 2 1 1 2 1 3 3 
1.16e+05 ; 4.902e-12 ; True ; 4 8 19 23 32 84 91 122 175 180 208 238 258 264 291 342  ; 6 2 3 2 1 1 3 2 1 1 3 5 
1.18e+05 ; 5.411e-12 ; True ; 8 18 40 58 129 169 228 237 240 247 264 276 308 342 351 353  ; 5 2 2 2 1 2 2 1 2 2 2 4 
1.18e+05 ; 7.75e-12 ; True ; 8 18 21 48 53 66 150 174 219 233 264 292 301 306 349 353  ; 2 1 4 4 1 2 3 1 2 2 2 3 
1.31e+05 ; 8.264e-12 ; True ; 4 8 11 19 23 32 84 91 114 122 175 227 258 264 291 342 350  ; 6 2 3 3 1 2 3 2 1 1 2 4 
1.33e+05 ; 1.073e-11 ; True ; 3 23 32 36 48 53 71 122 129 139 160 162 194 235 245 264 340  ; 4 2 3 2 2 3 2 1 1 2 4 2 
1.52e+05 ; 1.859e-11 ; True ; 18 19 32 53 93 112 122 126 137 165 203 211 227 237 264 291 330 353  ; 7 4 3 3 2 3 2 1 2 2 2 1 
1.52e+05 ; 4.986e-11 ; True ; 8 23 32 35 55 84 102 122 131 175 176 208 258 264 291 342 349 353  ; 6 2 3 4 1 3 2 2 3 1 3 5 
2.07e+05 ; 6.592e-11 ; True ; 8 18 32 53 55 59 62 66 87 133 138 139 205 219 250 266 269 273 286 311 353  ; 8 3 4 4 1 2 3 2 2 3 2 2 
2.28e+05 ; 6.711e-11 ; True ; 8 18 30 107 112 123 128 162 163 166 187 213 235 241 247 253 264 294 311 318 341 353  ; 3 3 4 4 2 4 3 1 2 2 2 2 
2.5e+05 ; 1.568e-10 ; True ; 8 23 32 35 55 74 84 94 102 122 131 150 171 175 176 208 233 258 264 291 293 349 353  ; 7 3 3 5 1 3 3 2 3 1 4 5 

RUN 7:
Optimum Distance: 0

Optimal Team: 
Required Skills: 1 6 9 14 19 20 31 35 43 49 52 53 
Distance; Skill Score; isValid; Team; Skill Counts
2.5e+04 ; 4.018e-15 ; True ; 7 94 121 137 202 264 325 353  ; 1 1 1 1 1 1 1 1 1 1 1 1 
2.6e+04 ; 1.207e-14 ; True ; 7 48 71 129 137 150 211 264  ; 2 1 2 1 1 1 1 1 1 1 1 1 
3.4e+04 ; 5.385e-14 ; True ; 7 48 67 71 137 150 211 264 353  ; 3 1 2 2 1 2 1 1 1 1 1 1 
3.6e+04 ; 7.585e-14 ; True ; 23 32 48 137 177 184 237 258 353  ; 3 2 3 1 1 2 1 1 1 1 1 1 
3.6e+04 ; 7.71e-14 ; True ; 26 53 122 181 207 213 249 264 353  ; 1 1 1 3 1 2 1 1 1 2 1 2 
4.4e+04 ; 1.221e-13 ; True ; 0 32 72 134 137 186 211 264 277 353  ; 2 3 1 2 1 2 2 1 1 1 1 1 
4.4e+04 ; 1.974e-13 ; True ; 32 43 53 66 74 139 175 211 219 342  ; 3 2 3 3 1 1 1 1 1 1 1 2 
5.3e+04 ; 2.612e-13 ; True ; 0 18 32 53 72 137 208 211 223 228 264  ; 3 4 3 2 1 1 2 1 1 1 1 1 
5.4e+04 ; 5.783e-13 ; True ; 8 18 51 105 137 141 211 236 264 289 353  ; 2 2 2 3 1 1 2 1 1 1 2 3 
7.4e+04 ; 5.839e-13 ; True ; 23 52 53 83 122 137 147 176 231 302 326 341 353  ; 2 1 2 4 2 2 1 1 1 2 1 2 
7.5e+04 ; 1.056e-12 ; True ; 23 52 53 63 83 137 147 176 231 264 278 341 353  ; 3 2 2 3 1 2 1 1 2 2 1 2 
7.7e+04 ; 1.49e-12 ; True ; 8 23 31 53 125 137 148 202 212 228 264 342 353  ; 2 2 3 4 1 1 2 1 1 2 2 2 
7.7e+04 ; 1.743e-12 ; True ; 4 23 32 53 55 77 84 137 215 219 235 264 337  ; 2 3 3 3 2 2 1 1 2 1 1 2 
9e+04 ; 2.407e-12 ; True ; 20 23 30 32 55 85 89 91 120 131 247 261 264 353  ; 5 1 2 2 1 3 1 1 2 2 3 3 
1e+05 ; 2.956e-12 ; True ; 0 8 18 20 32 131 137 140 187 203 247 251 292 342 353  ; 5 2 4 2 2 3 1 1 1 1 3 2 
1.03e+05 ; 5.713e-12 ; True ; 8 18 26 46 52 53 107 122 128 187 249 297 301 308 353  ; 5 2 3 4 1 2 1 2 1 2 2 3 
1.18e+05 ; 7.156e-12 ; True ; 0 23 32 100 139 141 148 162 163 175 236 241 264 337 343 353  ; 6 3 2 4 1 2 2 2 1 1 2 4 
1.33e+05 ; 9.126e-12 ; True ; 8 26 46 52 53 91 107 122 128 147 187 236 249 258 297 308 353  ; 8 3 3 4 1 2 1 1 1 3 3 3 
1.34e+05 ; 1.54e-11 ; True ; 8 32 43 122 129 136 167 169 171 195 208 232 237 261 264 304 353  ; 4 2 3 4 1 3 2 1 2 2 2 3 
1.52e+05 ; 1.576e-11 ; True ; 8 53 119 137 145 176 178 181 211 216 220 222 236 257 261 306 320 353  ; 6 3 5 5 1 3 1 1 1 2 2 5 
1.52e+05 ; 2.626e-11 ; True ; 20 23 32 48 55 83 85 89 91 98 120 131 147 247 261 264 290 353  ; 7 2 3 2 1 4 2 1 2 2 4 4 
2.06e+05 ; 2.808e-11 ; True ; 7 18 23 32 74 90 91 134 141 162 189 213 234 256 264 273 281 290 311 337 353  ; 6 4 2 5 1 3 1 3 1 3 2 3 
2.09e+05 ; 3.08e-11 ; True ; 32 42 98 120 122 129 144 195 200 207 211 260 264 281 286 310 336 342 343 349 353  ; 4 4 2 5 1 4 2 1 1 2 5 3 
2.1e+05 ; 3.677e-11 ; True ; 13 23 32 46 71 73 114 116 118 122 139 147 216 242 251 262 264 267 288 342 353  ; 4 3 4 4 1 3 3 3 1 1 2 4 
2.23e+05 ; 4.169e-11 ; True ; 7 38 48 53 137 176 183 202 204 210 211 219 226 228 237 264 304 316 332 341 344 353  ; 4 3 5 5 2 1 2 1 3 2 3 2 
2.47e+05 ; 4.306e-11 ; True ; 7 8 32 35 77 83 89 90 122 123 124 125 129 175 182 184 199 212 237 245 257 311 340  ; 6 2 5 3 1 2 3 2 1 2 4 4 
2.48e+05 ; 7.668e-11 ; True ; 7 15 53 63 97 108 116 122 129 136 137 139 163 166 175 184 196 211 258 264 327 349 353  ; 6 3 5 4 2 3 4 2 1 3 1 2 

RUN 8:
Optimum Distance: 0

Optimal Team: 
Required Skills: 1 6 9 14 19 20 31 35 43 49 52 53 
Distance; Skill Score; isValid; Team; Skill Counts
2.8e+04 ; 4.018e-15 ; True ; 32 89 122 129 138 176 267 313  ; 1 1 1 1 1 1 1 1 1 1 1 1 
3.5e+04 ; 7.776e-15 ; True ; 48 92 137 149 175 240 264 269 311  ; 3 1 1 1 1 1 1 1 1 1 1 1 
3.6e+04 ; 4.387e-14 ; True ; 18 122 125 151 160 174 264 342 353  ; 2 2 2 1 1 2 1 1 1 1 1 1 
3.6e+04 ; 8.364e-14 ; True ; 32 53 92 212 219 225 264 267 293  ; 2 1 2 2 1 1 2 1 1 1 2 1 
4.5e+04 ; 1.542e-13 ; True ; 68 122 151 186 195 251 264 308 342 353  ; 2 2 2 2 1 2 1 1 1 1 1 2 
4.5e+04 ; 4.167e-13 ; True ; 7 32 53 94 139 187 247 300 346 353  ; 4 2 2 2 1 2 1 1 1 2 2 1 
6.2e+04 ; 7.574e-13 ; True ; 8 18 53 120 169 204 219 234 261 264 275 353  ; 3 1 3 3 1 1 2 1 1 2 2 2 
6.5e+04 ; 1.305e-12 ; True ; 7 32 53 94 116 132 187 209 247 264 300 353  ; 5 1 2 2 1 3 2 1 2 2 2 1 
7.8e+04 ; 1.613e-12 ; True ; 18 19 71 208 211 219 222 247 264 270 320 343 353  ; 4 1 3 3 2 2 2 1 1 1 2 2 
8.9e+04 ; 1.638e-12 ; True ; 18 52 71 83 208 211 219 247 264 270 288 343 350 353  ; 4 1 2 5 2 4 1 1 1 1 2 2 
1.02e+05 ; 2.422e-12 ; True ; 7 96 132 143 147 218 238 247 257 264 265 267 306 343 353  ; 7 2 2 3 1 3 1 2 1 1 2 3 
1.15e+05 ; 6.386e-12 ; True ; 0 8 14 23 32 71 89 91 186 190 228 247 264 300 316 353  ; 7 2 2 4 1 3 2 2 1 2 1 3 
1.19e+05 ; 1.547e-11 ; True ; 18 23 32 48 53 55 66 110 136 155 211 233 247 250 297 341  ; 6 3 6 2 1 2 2 2 2 1 3 2 
1.49e+05 ; 2.035e-11 ; True ; 18 20 48 53 60 65 83 120 122 137 223 248 264 301 308 320 335 353  ; 4 2 6 2 2 3 2 1 1 2 3 3 
1.81e+05 ; 2.842e-11 ; True ; 1 5 7 8 9 10 18 32 48 52 53 55 61 89 211 219 280 326 331 343  ; 8 3 5 6 1 1 3 2 1 1 4 4 
1.87e+05 ; 2.896e-11 ; True ; 8 9 18 32 48 52 53 61 81 89 208 211 213 228 242 247 264 326 331 343  ; 6 3 5 8 1 1 4 1 1 1 4 6 
1.89e+05 ; 6.651e-11 ; True ; 7 22 34 35 53 90 95 129 139 171 211 219 229 237 243 247 264 295 342 353  ; 4 2 4 5 2 2 2 1 2 3 3 3 
2.1e+05 ; 1.647e-10 ; True ; 23 32 53 55 71 94 122 184 211 216 219 242 247 250 264 265 281 305 329 341 353  ; 6 3 3 5 3 3 2 2 2 2 2 3 

RUN 9:
Optimum Distance: 0

Optimal Team: 
Required Skills: 1 6 9 14 19 20 31 35 43 49 52 53 
Distance; Skill Score; isValid; Team; Skill Counts
2.1e+04 ; 4.018e-15 ; True ; 18 91 162 207 211 264 350  ; 1 1 1 1 1 1 1 1 1 1 1 1 
2.7e+04 ; 7.64e-15 ; True ; 8 18 20 66 91 137 261 337  ; 1 1 1 2 1 1 1 1 1 1 1 1 
2.8e+04 ; 2.243e-14 ; True ; 8 18 55 91 162 207 211 350  ; 2 1 1 2 1 1 1 1 1 1 1 2 
3.4e+04 ; 2.291e-14 ; True ; 8 95 137 143 165 175 237 318 353  ; 2 2 1 2 1 1 1 1 1 1 1 1 
3.5e+04 ; 3.795e-14 ; True ; 8 24 53 55 122 216 308 340 350  ; 3 1 1 2 1 1 1 1 1 1 1 3 
3.6e+04 ; 5.198e-14 ; True ; 18 53 62 156 162 176 211 233 353  ; 1 1 2 4 1 1 1 1 1 2 1 1 
4.2e+04 ; 1.292e-13 ; True ; 4 8 23 31 44 48 55 122 211 353  ; 3 1 1 3 1 2 1 1 1 1 1 4 
4.5e+04 ; 2.928e-13 ; True ; 38 48 55 119 122 175 211 225 343 353  ; 4 2 1 3 1 2 1 1 1 1 2 2 
5.2e+04 ; 3.09e-13 ; True ; 8 18 55 83 90 130 133 137 211 329 353  ; 2 1 3 3 1 2 1 1 1 1 2 2 
5.5e+04 ; 3.877e-13 ; True ; 38 48 55 119 122 175 211 241 326 342 353  ; 4 2 2 2 1 2 1 1 1 1 2 2 
5.5e+04 ; 3.889e-13 ; True ; 8 32 42 66 136 203 208 219 232 278 353  ; 3 3 2 2 1 3 1 1 1 1 2 1 
6.3e+04 ; 3.912e-13 ; True ; 4 8 9 26 42 62 122 178 182 195 264 353  ; 2 1 2 3 1 2 2 1 1 1 1 4 
6.3e+04 ; 5.187e-13 ; True ; 4 18 31 48 53 55 122 211 233 286 304 353  ; 3 1 3 4 1 1 1 2 1 2 1 2 
6.5e+04 ; 6.369e-13 ; True ; 8 18 32 104 130 137 140 191 195 258 264 311  ; 3 2 4 2 1 1 2 1 1 1 2 2 
6.6e+04 ; 1.209e-12 ; True ; 18 23 32 48 68 81 110 122 156 187 211 353  ; 2 3 3 3 1 2 1 2 1 1 1 3 
7.3e+04 ; 2.157e-12 ; True ; 1 4 7 8 9 32 42 62 122 178 182 264 353  ; 4 2 3 2 1 3 2 1 1 1 2 3 
7.6e+04 ; 2.351e-12 ; True ; 8 32 33 97 106 119 147 216 219 264 293 326 353  ; 5 2 2 2 1 3 3 1 1 1 2 3 
8.401e+04 ; 2.734e-12 ; True ; 8 23 32 33 53 115 123 137 175 237 251 271 287 337  ; 3 2 3 4 1 2 2 3 1 1 1 2 
8.9e+04 ; 8.099e-12 ; True ; 8 32 33 53 97 106 119 147 162 245 263 264 326 353  ; 3 2 3 3 1 3 3 1 1 2 2 3 
1.32e+05 ; 1.162e-11 ; True ; 7 8 32 33 35 53 90 92 106 109 123 137 187 211 287 311 338  ; 3 3 3 6 1 2 2 1 1 2 2 4 
1.45e+05 ; 1.216e-11 ; True ; 4 8 32 53 71 84 98 144 159 162 237 245 257 263 264 267 295 330  ; 4 2 3 3 1 2 3 2 2 1 2 3 
1.51e+05 ; 1.673e-11 ; True ; 6 8 11 23 32 38 43 91 92 191 247 264 266 277 291 329 342 353  ; 6 3 3 4 1 2 2 1 1 2 3 5 
1.67e+05 ; 3.71e-11 ; True ; 8 23 32 33 35 46 53 90 106 123 137 169 175 187 211 287 311 337 338  ; 4 3 4 6 1 2 2 2 1 2 2 5 
2.28e+05 ; 5.292e-11 ; True ; 8 22 23 52 53 61 66 122 129 175 177 182 216 223 232 240 264 266 292 321 335 350  ; 5 2 3 4 1 2 2 4 2 2 2 4 
2.29e+05 ; 7.16e-11 ; True ; 7 18 19 32 42 44 53 66 73 102 116 180 196 211 215 243 247 264 266 276 308 332  ; 7 5 3 3 1 3 3 2 2 1 3 4 
2.44e+05 ; 1.566e-10 ; True ; 8 33 43 53 65 90 122 140 143 173 175 178 181 211 219 237 256 257 264 294 297 313 353  ; 6 4 4 4 2 2 3 1 2 2 5 3 

RUN 10:
Optimum Distance: 0

Optimal Team: 
Required Skills: 1 6 9 14 19 20 31 35 43 49 52 53 
Distance; Skill Score; isValid; Team; Skill Counts
2.8e+04 ; 2.23e-14 ; True ; 32 53 62 161 162 186 264 325  ; 2 1 2 1 1 1 1 1 1 1 1 2 
3.5e+04 ; 2.756e-14 ; True ; 1 8 26 46 91 211 219 264 334  ; 1 1 1 2 1 1 2 1 1 1 1 2 
4.3e+04 ; 4.522e-14 ; True ; 10 53 91 112 141 155 162 175 191 264  ; 2 2 2 1 1 1 1 1 1 2 1 1 
4.3e+04 ; 5.52e-14 ; True ; 4 7 122 128 134 140 178 264 331 353  ; 3 2 1 1 1 2 2 1 1 1 1 1 
4.4e+04 ; 8.107e-14 ; True ; 2 23 43 48 137 147 189 264 335 353  ; 2 2 2 1 1 2 1 1 1 1 1 2 
4.5e+04 ; 8.263e-14 ; True ; 26 162 233 264 308 335 343 345 352 353  ; 2 2 1 2 1 1 2 1 1 1 1 2 
5.3e+04 ; 1.608e-13 ; True ; 7 53 120 129 137 141 155 191 218 264 343  ; 4 1 2 2 1 1 1 1 1 2 3 1 
5.4e+04 ; 1.697e-13 ; True ; 2 23 43 48 98 137 147 162 232 264 353  ; 2 2 1 1 2 1 2 2 1 1 1 2 
5.4e+04 ; 2.177e-13 ; True ; 8 18 62 134 136 137 181 258 264 278 311  ; 2 2 3 1 1 1 2 1 1 1 2 2 
6.3e+04 ; 4.275e-13 ; True ; 8 26 57 66 83 137 144 147 216 306 341 353  ; 2 2 1 3 1 2 1 2 1 1 2 2 
6.5e+04 ; 4.365e-13 ; True ; 8 32 53 76 109 120 137 139 232 264 272 318  ; 4 3 2 2 1 1 3 1 1 1 1 2 
6.6e+04 ; 5.884e-13 ; True ; 53 100 120 211 247 263 264 275 280 320 350 353  ; 4 2 2 3 1 2 1 1 1 2 1 2 
6.6e+04 ; 8.37e-13 ; True ; 32 53 62 161 162 178 186 215 264 273 325 353  ; 4 1 3 2 1 3 1 1 1 2 2 2 
7.6e+04 ; 1.88e-12 ; True ; 48 53 54 83 126 137 138 178 237 264 271 337 343  ; 3 2 4 3 1 2 2 1 2 1 2 1 
8.7e+04 ; 2.946e-12 ; True ; 48 53 61 83 137 138 178 236 237 249 264 271 337 343  ; 5 1 4 3 1 3 2 1 2 1 4 1 
1.02e+05 ; 3.275e-12 ; True ; 8 18 32 35 48 107 111 161 176 218 219 227 228 263 353  ; 5 2 3 3 1 3 1 2 1 1 2 3 
1.03e+05 ; 3.283e-12 ; True ; 8 18 32 35 48 107 111 137 176 190 227 228 263 344 353  ; 6 2 3 3 1 2 2 2 1 1 2 2 
1.04e+05 ; 3.343e-12 ; True ; 8 15 47 53 91 104 112 175 176 181 187 211 219 264 304  ; 3 2 2 5 1 1 2 1 3 2 1 3 
1.05e+05 ; 4.295e-12 ; True ; 72 95 137 141 143 155 175 178 187 211 218 233 263 264 353  ; 3 2 3 2 1 3 3 2 2 1 1 2 
1.18e+05 ; 4.421e-12 ; True ; 1 15 32 66 92 95 119 137 187 193 203 247 263 306 331 353  ; 4 2 2 3 2 3 1 1 2 1 3 2 
1.19e+05 ; 1.34e-11 ; True ; 8 23 32 53 62 96 122 204 225 232 264 281 317 346 351 353  ; 3 3 4 4 1 2 3 2 1 2 1 3 
1.36e+05 ; 1.531e-11 ; True ; 32 72 92 95 137 141 175 178 187 193 211 218 263 264 307 341 353  ; 5 3 3 3 1 4 2 2 2 1 1 4 
1.51e+05 ; 1.697e-11 ; True ; 8 23 32 52 53 62 77 78 96 122 261 264 281 292 317 346 351 353  ; 5 3 4 5 1 2 2 1 1 2 3 3 
1.52e+05 ; 2.364e-11 ; True ; 7 16 29 32 53 68 122 129 146 209 211 216 235 245 247 264 302 326  ; 4 3 3 3 2 2 2 2 1 2 3 2 
1.9e+05 ; 3.349e-11 ; True ; 92 94 96 98 112 126 177 178 184 198 211 218 247 263 264 267 276 297 311 353  ; 5 3 2 3 1 4 3 2 1 2 3 3 
2.22e+05 ; 5.106e-11 ; True ; 14 32 35 53 59 60 91 92 116 119 136 137 147 181 183 198 237 264 274 286 312 338  ; 5 3 4 4 1 3 2 1 2 2 2 7 
2.27e+05 ; 6.348e-11 ; True ; 6 32 46 53 122 147 154 176 184 199 225 229 230 247 264 267 272 287 311 317 337 353  ; 4 4 4 3 2 3 3 1 2 3 1 3 
2.71e+05 ; 8.015e-11 ; True ; 7 8 26 66 84 91 151 154 162 175 178 182 186 187 190 202 215 219 292 295 307 337 346 353  ; 6 3 2 4 2 3 1 4 2 2 2 4 
2.72e+05 ; 9.267e-11 ; True ; 8 23 46 48 53 55 70 73 79 93 94 99 116 136 137 152 167 176 233 259 275 286 307 353  ; 4 2 5 4 1 2 3 2 2 2 3 5 
2.73e+05 ; 9.405e-11 ; True ; 8 12 26 48 66 90 91 92 96 105 123 139 140 151 162 178 202 208 236 242 247 277 346 353  ; 8 3 5 4 2 3 3 1 1 2 4 3 

