m: 14
Instance: 1
Algorithm: MOSA
Iteration: 700
Population Size: 100
RUN 1:
Optimum Distance: 0

Optimal Team: 
Required Skills: 6 8 11 12 13 14 16 26 30 38 43 47 49 51 
Distance; Skill Score; isValid; Team; Skill Counts
3.6e+04 ; 1.116e-17 ; True ; 29 48 55 66 154 176 242 260 274  ; 1 1 1 1 1 1 1 3 1 1 1 1 1 2 
4.3e+04 ; 1.61e-17 ; True ; 36 89 102 176 184 195 255 318 363 364  ; 1 1 1 1 1 1 1 1 1 3 1 3 1 1 
4.4e+04 ; 3.064e-17 ; True ; 54 66 154 173 227 229 249 253 318 320  ; 1 1 1 1 1 2 2 2 1 1 1 2 1 1 
5.3e+04 ; 4.204e-17 ; True ; 21 22 48 66 70 204 224 318 348 350 356  ; 1 1 1 1 3 2 1 2 1 2 1 1 1 1 
5.3e+04 ; 1.354e-16 ; True ; 2 36 66 102 103 180 186 193 195 260 317  ; 1 1 1 1 1 2 3 4 1 1 1 2 2 1 
6.3e+04 ; 1.469e-16 ; True ; 2 36 57 66 103 159 180 186 193 195 253 317  ; 1 1 1 1 1 2 3 5 2 1 2 1 1 1 
6.4e+04 ; 2.544e-16 ; True ; 36 43 66 89 176 184 195 225 255 318 319 364  ; 2 1 1 1 1 2 3 1 2 4 1 2 1 1 
6.5e+04 ; 2.977e-16 ; True ; 7 36 54 66 173 224 227 229 253 276 318 320  ; 2 1 1 2 1 2 3 3 1 1 1 3 1 1 
6.5e+04 ; 3.778e-16 ; True ; 36 62 77 102 154 176 184 224 227 229 309 318  ; 2 1 1 2 1 2 2 2 1 2 1 2 1 2 
6.6e+04 ; 4.138e-16 ; True ; 48 66 195 226 229 236 264 280 288 318 324 347  ; 2 1 3 2 1 2 1 3 1 1 1 2 2 1 
6.6e+04 ; 4.426e-16 ; True ; 25 48 73 182 195 229 235 240 253 291 311 374  ; 1 1 2 2 1 2 1 4 1 2 2 3 1 1 
7.6e+04 ; 4.807e-16 ; True ; 77 83 92 109 135 184 222 227 260 274 289 324 337  ; 2 1 1 2 1 2 1 3 2 2 2 2 1 1 
7.7e+04 ; 8.036e-16 ; True ; 44 48 66 73 88 123 182 192 195 283 284 318 342  ; 1 1 3 1 1 1 3 4 4 3 1 2 1 1 
7.8e+04 ; 8.127e-16 ; True ; 48 57 66 83 126 182 195 253 268 271 284 319 369  ; 1 1 3 1 1 3 3 3 2 2 2 1 1 1 
8.8e+04 ; 1.795e-15 ; True ; 36 66 83 106 176 182 195 228 245 260 264 283 311 363  ; 1 1 2 1 1 3 2 4 3 4 1 4 1 1 
9e+04 ; 2.581e-15 ; True ; 2 43 48 74 96 102 106 181 190 191 274 291 319 368  ; 2 1 1 2 2 2 3 3 2 3 1 3 1 1 
1.04e+05 ; 2.937e-15 ; True ; 17 48 66 73 78 86 106 181 220 231 274 290 291 295 342  ; 1 1 1 3 1 4 3 4 3 3 1 3 1 1 
1.17e+05 ; 5.428e-15 ; True ; 44 48 66 73 88 123 182 192 195 260 283 284 342 343 350 363  ; 2 1 3 1 1 2 4 4 4 3 1 3 1 1 
1.2e+05 ; 5.782e-15 ; True ; 48 66 69 86 137 139 148 176 217 227 243 260 265 271 274 360  ; 2 1 1 1 2 2 3 5 2 4 2 2 2 1 
1.2e+05 ; 6.607e-15 ; True ; 36 38 48 52 57 66 104 176 225 229 253 257 290 306 321 356  ; 3 1 1 3 2 3 3 5 2 3 1 2 1 1 
1.33e+05 ; 6.915e-15 ; True ; 2 48 66 164 169 181 190 191 206 213 250 266 274 277 291 319 368  ; 2 1 2 3 2 3 4 3 1 3 1 3 1 1 
1.34e+05 ; 1.482e-14 ; True ; 19 36 44 48 57 66 181 184 190 195 222 269 305 310 319 364 377  ; 3 1 3 2 2 3 3 3 2 6 1 2 1 1 
1.35e+05 ; 1.485e-14 ; True ; 7 36 40 48 52 66 176 225 227 229 253 257 260 274 290 302 356  ; 2 1 1 4 3 4 4 5 1 3 2 2 1 1 
1.68e+05 ; 3.267e-14 ; True ; 19 36 44 48 57 66 74 170 181 184 190 195 222 239 283 305 319 364 377  ; 2 1 3 3 2 4 3 4 3 7 1 2 1 1 
2.07e+05 ; 4.426e-14 ; True ; 37 66 78 171 173 191 205 227 236 242 260 274 277 284 287 309 319 324 342 364 374  ; 4 1 2 2 3 4 3 3 3 1 1 3 3 1 
2.08e+05 ; 4.497e-14 ; True ; 9 16 21 30 36 43 48 66 77 98 133 195 254 273 276 293 318 319 324 332 352  ; 2 1 2 2 2 4 4 5 3 2 2 2 2 1 
2.09e+05 ; 4.839e-14 ; True ; 36 44 48 51 61 68 83 88 102 205 225 252 253 274 280 323 350 359 363 364 374  ; 2 1 4 1 2 3 2 5 3 5 2 3 2 1 
2.27e+05 ; 1.123e-13 ; True ; 16 35 48 55 66 69 76 77 121 128 134 195 227 229 236 249 252 280 306 318 340 374  ; 1 1 4 2 2 4 3 6 2 2 3 3 2 2 
2.31e+05 ; 1.485e-13 ; True ; 48 77 88 134 139 150 154 176 179 181 187 190 195 205 227 240 260 287 325 333 369 374  ; 2 1 4 6 2 3 3 3 2 4 2 3 1 2 
2.74e+05 ; 1.487e-13 ; True ; 36 83 184 190 195 210 211 214 216 222 246 247 260 274 294 317 319 323 324 341 345 351 364 374  ; 2 2 3 2 1 3 2 3 3 4 2 5 2 2 
2.74e+05 ; 1.676e-13 ; True ; 52 73 77 102 106 132 134 154 155 195 214 256 260 274 292 293 314 318 324 330 347 352 364 368  ; 2 2 1 3 1 2 2 4 4 4 3 5 2 3 
2.98e+05 ; 1.962e-13 ; True ; 2 46 57 66 69 83 93 121 148 150 154 157 191 205 229 253 274 296 312 314 319 342 343 363 376  ; 2 1 2 3 1 6 4 4 4 3 3 2 2 2 
3e+05 ; 2.139e-13 ; True ; 35 36 52 73 79 82 134 141 186 195 212 213 229 232 236 264 265 275 281 291 306 313 356 369 374  ; 5 1 3 4 2 5 4 6 2 3 1 3 1 2 
3.22e+05 ; 2.19e-13 ; True ; 32 48 59 74 112 139 147 188 191 195 203 221 259 263 274 288 307 313 318 319 321 328 361 369 373 374  ; 4 1 2 3 3 4 2 6 2 5 2 4 1 2 
3.23e+05 ; 3.555e-13 ; True ; 5 20 25 28 31 36 47 48 57 77 134 148 185 204 205 224 236 260 301 319 321 324 327 353 356 366  ; 6 2 3 3 2 3 2 6 2 5 2 3 2 1 
3.25e+05 ; 6.142e-13 ; True ; 66 83 141 152 153 157 181 187 195 201 208 221 225 227 232 260 267 271 274 283 291 292 302 358 363 374  ; 3 2 1 3 1 6 5 4 4 6 2 4 2 2 
3.47e+05 ; 7.644e-13 ; True ; 68 73 90 114 131 134 148 187 195 200 211 227 229 235 249 253 256 274 283 290 321 330 340 347 354 356 360  ; 5 1 3 4 2 4 4 10 2 3 3 4 1 2 
3.71e+05 ; 7.67e-13 ; True ; 6 77 99 129 141 152 162 163 182 184 195 203 211 227 228 229 241 244 251 265 266 274 281 284 286 291 321 374  ; 5 2 2 4 2 3 2 6 4 6 3 3 1 2 
3.75e+05 ; 1.296e-12 ; True ; 47 66 68 73 77 78 90 114 131 134 148 154 187 195 211 227 229 230 235 253 256 274 290 330 336 340 356 360  ; 6 1 2 4 2 5 5 7 1 3 4 3 2 3 

RUN 2:
Optimum Distance: 0

Optimal Team: 
Required Skills: 6 8 11 12 13 14 16 26 30 38 43 47 49 51 
Distance; Skill Score; isValid; Team; Skill Counts
4.3e+04 ; 3.902e-17 ; True ; 6 141 148 152 170 227 229 274 291 330  ; 2 1 1 2 1 2 1 1 1 3 1 1 1 1 
4.5e+04 ; 4.582e-17 ; True ; 21 36 109 134 148 195 227 318 333 371  ; 1 1 1 1 2 1 2 2 1 1 1 3 1 1 
5.2e+04 ; 5.637e-17 ; True ; 48 66 77 88 92 97 154 208 211 322 363  ; 2 1 1 1 1 3 2 3 1 1 1 1 1 1 
5.4e+04 ; 7.953e-17 ; True ; 50 101 106 195 224 227 229 265 318 330 374  ; 1 1 1 1 1 2 2 3 1 1 1 2 1 2 
5.5e+04 ; 3.775e-16 ; True ; 17 48 73 98 134 154 204 318 319 356 374  ; 1 1 1 3 2 4 2 3 1 1 1 2 1 1 
7.8e+04 ; 3.915e-16 ; True ; 36 45 57 77 103 209 227 274 299 324 364 367 369  ; 2 1 1 1 2 2 2 2 2 2 2 1 1 1 
7.8e+04 ; 4.065e-16 ; True ; 34 36 227 243 247 260 274 280 291 319 341 374 375  ; 2 2 1 1 1 2 3 3 1 1 1 4 1 1 
7.8e+04 ; 1.003e-15 ; True ; 62 66 106 115 147 204 229 264 274 287 318 360 364  ; 3 1 1 2 1 3 2 3 1 2 2 2 1 1 
9e+04 ; 1.753e-15 ; True ; 50 57 66 69 73 170 195 204 248 250 252 284 291 356  ; 1 2 2 2 1 2 2 4 1 2 3 2 1 1 
1.01e+05 ; 1.79e-15 ; True ; 36 37 44 51 66 67 73 77 137 161 169 212 245 306 319  ; 3 1 1 2 1 3 5 4 1 3 1 2 1 1 
1.02e+05 ; 2.235e-15 ; True ; 5 11 44 48 66 77 106 165 170 181 254 291 306 319 360  ; 2 1 2 3 1 6 2 1 2 4 1 2 1 1 
1.03e+05 ; 3.121e-15 ; True ; 73 77 87 93 102 115 137 154 181 224 264 291 319 341 364  ; 2 1 2 1 1 2 3 4 3 3 1 2 1 2 
1.17e+05 ; 4.8e-15 ; True ; 4 36 66 79 148 184 202 227 253 260 274 283 284 341 363 374  ; 1 1 2 1 1 3 3 5 3 1 2 3 3 1 
1.2e+05 ; 5.424e-15 ; True ; 30 36 48 66 99 112 137 185 188 205 206 257 260 264 274 347  ; 4 1 3 1 1 3 2 5 2 4 1 3 1 1 
1.32e+05 ; 1.476e-14 ; True ; 10 21 32 36 48 66 138 167 181 227 260 274 284 290 319 341 370  ; 2 1 2 2 3 4 5 5 4 1 1 2 1 1 
1.5e+05 ; 1.659e-14 ; True ; 21 32 36 37 44 48 51 66 77 137 195 212 216 245 307 319 361 363  ; 3 1 2 1 3 5 3 5 2 2 2 2 1 1 
1.51e+05 ; 3.477e-14 ; True ; 32 34 36 48 181 225 227 243 260 274 280 289 290 291 301 319 341 374  ; 2 2 2 2 2 4 3 6 3 2 1 4 1 1 
1.52e+05 ; 4.433e-14 ; True ; 10 32 36 48 54 138 181 227 243 260 274 284 290 291 301 319 341 374  ; 2 2 2 2 2 4 4 4 5 2 1 3 1 1 
1.9e+05 ; 5.76e-14 ; True ; 22 48 49 66 112 131 157 195 200 240 250 265 291 318 359 360 364 368 371 374  ; 3 2 3 2 2 4 3 2 2 3 1 3 2 1 
2.08e+05 ; 9.745e-14 ; True ; 20 43 66 67 77 104 141 152 187 203 227 242 250 253 256 258 274 291 318 363 367  ; 3 2 1 3 2 3 3 5 4 2 3 4 1 1 
2.09e+05 ; 1.304e-13 ; True ; 66 141 146 181 195 199 203 204 205 238 260 274 291 298 317 319 333 345 351 361 364  ; 2 2 3 2 2 4 2 5 4 2 3 2 1 2 
2.73e+05 ; 1.656e-13 ; True ; 14 48 56 66 79 83 134 151 191 195 217 221 238 245 250 265 274 277 291 319 321 325 369 375  ; 2 1 3 3 3 4 4 5 1 5 2 4 1 2 
2.73e+05 ; 3.563e-13 ; True ; 23 48 55 66 83 134 146 151 185 191 195 215 238 245 250 265 274 277 291 319 321 325 342 369  ; 3 1 3 2 3 4 3 4 4 4 2 4 1 2 
3.19e+05 ; 6.873e-13 ; True ; 1 37 48 54 56 66 67 73 77 104 134 147 195 199 201 203 207 229 253 306 318 323 324 335 341 360  ; 3 1 2 5 2 5 3 5 3 3 3 3 2 2 
3.7e+05 ; 8.003e-13 ; True ; 0 66 72 92 99 102 120 132 141 146 165 181 182 195 200 204 227 245 246 271 274 291 305 312 319 320 327 368  ; 5 1 1 3 2 5 3 4 4 7 3 4 2 2 
3.76e+05 ; 8.291e-13 ; True ; 11 36 65 66 69 85 92 96 114 115 143 148 162 195 205 209 221 224 229 246 260 277 278 315 320 340 356 364  ; 3 1 2 6 2 5 5 7 2 3 2 4 2 2 

RUN 3:
Optimum Distance: 0

Optimal Team: 
Required Skills: 6 8 11 12 13 14 16 26 30 38 43 47 49 51 
Distance; Skill Score; isValid; Team; Skill Counts
3.6e+04 ; 1.76e-17 ; True ; 66 204 229 259 274 282 284 318 369  ; 1 1 1 2 1 2 1 1 1 1 2 1 1 1 
3.6e+04 ; 2.498e-17 ; True ; 22 187 195 264 318 319 356 365 374  ; 2 1 1 1 1 3 2 1 1 1 1 1 1 1 
4.5e+04 ; 4.381e-17 ; True ; 22 68 187 195 264 282 318 319 365 374  ; 2 1 1 1 1 3 2 1 1 2 1 1 1 1 
5.4e+04 ; 5.25e-17 ; True ; 73 148 181 186 188 192 195 210 236 261 291  ; 2 1 1 1 1 2 1 2 1 2 1 2 1 1 
5.4e+04 ; 1.047e-16 ; True ; 33 51 66 77 106 114 195 227 229 243 354  ; 1 1 1 1 1 2 2 2 2 2 2 1 1 1 
6.4e+04 ; 1.535e-16 ; True ; 66 106 128 154 184 204 214 227 229 283 318 362  ; 1 1 1 2 1 2 2 4 1 2 1 2 1 1 
6.5e+04 ; 2.151e-16 ; True ; 32 51 66 106 131 175 195 227 229 249 321 333  ; 2 1 2 1 1 2 3 3 1 1 1 2 1 1 
7.5e+04 ; 2.511e-16 ; True ; 0 44 66 92 121 153 253 256 274 283 318 354 356  ; 1 1 1 2 1 2 1 5 1 2 2 3 1 1 
7.6e+04 ; 2.593e-16 ; True ; 14 46 48 66 103 120 131 195 197 291 311 321 336  ; 2 1 2 1 1 2 2 3 1 2 1 2 1 1 
7.6e+04 ; 2.622e-16 ; True ; 53 57 66 69 115 129 143 154 205 208 227 260 319  ; 1 2 1 1 1 2 4 3 1 2 1 2 1 1 
7.7e+04 ; 2.855e-16 ; True ; 11 66 89 195 196 200 204 227 245 260 284 313 317  ; 2 1 1 2 2 1 2 3 2 1 2 1 1 1 
7.7e+04 ; 7.458e-16 ; True ; 33 66 77 114 195 214 227 229 243 318 321 331 354  ; 2 1 1 3 1 2 2 3 2 1 2 2 1 1 
9e+04 ; 1.855e-15 ; True ; 44 73 86 123 182 188 264 274 312 318 321 325 356 374  ; 2 1 3 3 1 2 1 3 2 3 1 3 1 1 
1.03e+05 ; 2.22e-15 ; True ; 44 69 103 148 157 195 227 234 245 280 284 286 295 318 319  ; 2 1 2 2 2 2 2 4 1 2 2 2 1 1 
1.17e+05 ; 2.788e-15 ; True ; 2 32 35 48 55 66 148 185 191 229 274 298 316 318 344 363  ; 2 1 1 1 2 4 2 4 2 3 1 2 2 1 
1.17e+05 ; 4.97e-15 ; True ; 24 73 77 86 110 123 168 182 188 195 264 291 321 325 356 374  ; 3 1 2 3 1 2 1 5 3 2 2 3 1 1 
1.32e+05 ; 7.084e-15 ; True ; 24 73 77 86 110 137 168 182 188 195 227 233 264 291 321 325 374  ; 4 1 2 2 1 2 2 8 2 2 2 3 1 1 
1.47e+05 ; 7.334e-15 ; True ; 2 57 89 92 106 107 129 130 179 181 205 253 265 274 321 324 341 364  ; 2 1 2 2 1 2 2 6 2 4 2 4 1 1 
1.5e+05 ; 9.725e-15 ; True ; 6 8 40 66 73 92 103 138 179 213 236 274 276 291 298 356 364 371  ; 2 1 2 3 2 4 3 3 2 2 1 3 1 1 
1.51e+05 ; 9.82e-15 ; True ; 48 56 69 102 159 176 185 198 211 227 228 240 283 306 319 328 363 374  ; 2 1 1 3 2 3 2 4 2 4 1 3 2 1 
1.52e+05 ; 1.165e-14 ; True ; 30 36 45 52 66 69 80 81 102 104 114 146 181 195 203 281 291 321  ; 4 1 1 2 1 2 3 4 3 2 2 3 2 1 
1.53e+05 ; 1.82e-14 ; True ; 66 73 92 95 115 172 182 195 231 275 291 312 321 327 356 364 369 374  ; 2 1 2 3 2 3 3 5 1 5 1 3 2 1 
1.68e+05 ; 2.017e-14 ; True ; 48 66 75 86 107 166 168 170 176 183 190 192 227 245 250 257 260 274 306  ; 2 1 2 2 3 2 3 4 3 4 1 2 1 2 
1.7e+05 ; 3.178e-14 ; True ; 36 51 66 105 129 145 181 205 229 236 245 274 291 292 301 306 341 363 376  ; 2 2 3 4 1 4 2 2 2 3 1 4 1 2 
1.84e+05 ; 6.255e-14 ; True ; 5 28 36 69 73 134 182 187 191 200 226 242 250 251 274 278 282 318 364 374  ; 4 1 2 3 3 3 3 4 2 3 2 3 1 1 
2.08e+05 ; 7.034e-14 ; True ; 30 51 66 69 73 81 179 181 186 192 224 229 250 274 300 309 320 324 356 364 368  ; 3 1 1 4 3 4 2 2 3 3 2 2 2 2 
2.3e+05 ; 1.164e-13 ; True ; 48 51 66 77 89 96 166 176 192 193 196 198 201 229 264 274 303 306 321 328 346 374  ; 4 1 2 3 1 3 3 6 3 4 2 2 2 2 
2.51e+05 ; 1.959e-13 ; True ; 36 65 96 120 148 176 195 202 215 227 228 229 257 274 284 291 318 324 325 333 334 360 371  ; 3 2 1 4 1 3 3 4 4 3 2 4 2 2 
2.74e+05 ; 2.862e-13 ; True ; 39 48 66 69 70 74 85 114 131 140 143 148 181 183 195 242 260 291 293 295 321 334 343 364  ; 3 2 2 3 2 3 4 6 3 3 2 3 2 1 
2.98e+05 ; 2.997e-13 ; True ; 16 66 73 83 108 123 134 146 157 173 180 182 195 213 227 242 260 264 274 281 319 324 332 339 370  ; 3 1 3 2 1 4 5 8 3 4 2 3 2 2 
3.19e+05 ; 5.666e-13 ; True ; 1 65 66 73 83 108 113 116 123 134 152 157 173 182 195 213 227 242 260 274 281 319 324 332 370 374  ; 4 1 2 3 1 6 4 6 3 4 2 3 3 2 
3.76e+05 ; 7.139e-13 ; True ; 10 12 69 73 92 105 112 148 152 154 173 187 190 195 200 227 232 252 260 274 284 289 301 319 350 353 362 364  ; 5 1 1 4 2 3 4 7 3 6 3 5 1 3 
4.29e+05 ; 8.004e-13 ; True ; 3 66 154 159 176 181 183 194 195 202 216 221 225 227 229 232 247 248 250 253 266 274 282 292 294 301 313 318 319 333  ; 3 1 2 4 2 5 5 7 4 4 3 2 1 3 

RUN 4:
Optimum Distance: 0

Optimal Team: 
Required Skills: 6 8 11 12 13 14 16 26 30 38 43 47 49 51 
Distance; Skill Score; isValid; Team; Skill Counts
3.6e+04 ; 9.358e-18 ; True ; 48 66 105 141 146 154 195 255 291  ; 1 1 1 1 1 1 1 1 2 1 1 1 1 2 
4.4e+04 ; 1.628e-17 ; True ; 48 66 105 112 141 146 195 257 291 311  ; 1 1 1 1 1 1 1 1 4 1 1 2 1 1 
4.4e+04 ; 1.982e-17 ; True ; 51 112 195 205 227 253 284 344 350 374  ; 1 1 1 1 1 1 1 2 1 3 2 1 1 1 
5.4e+04 ; 1.133e-16 ; True ; 57 66 191 205 224 229 265 274 321 323 342  ; 2 1 1 1 1 2 2 2 2 1 1 1 1 2 
6.5e+04 ; 2.474e-16 ; True ; 66 134 191 205 229 253 258 265 274 318 342 363  ; 1 1 1 2 1 5 2 2 1 1 2 2 1 1 
7.6e+04 ; 4.346e-16 ; True ; 15 18 48 57 66 86 92 114 152 187 190 195 363  ; 2 1 2 1 1 3 2 4 1 2 1 2 1 1 
7.7e+04 ; 6.419e-16 ; True ; 36 44 73 88 203 214 274 285 305 318 363 364 374  ; 1 1 1 1 2 2 3 5 1 3 1 4 1 1 
7.8e+04 ; 1.186e-15 ; True ; 53 73 92 102 134 154 182 185 195 198 284 318 364  ; 2 1 1 2 1 2 1 2 3 4 1 3 1 2 
1.01e+05 ; 2.688e-15 ; True ; 0 1 36 55 66 103 114 129 141 152 195 245 253 291 352  ; 3 1 1 3 1 2 2 3 2 2 2 3 1 1 
1.04e+05 ; 2.939e-15 ; True ; 66 173 181 191 195 205 224 229 265 274 303 318 334 342 363  ; 1 1 1 2 1 4 2 2 2 2 2 3 1 3 
1.18e+05 ; 4.293e-15 ; True ; 5 36 134 148 154 181 182 185 211 227 254 274 291 297 306 339  ; 2 2 1 3 1 3 2 2 1 3 1 3 1 3 
1.33e+05 ; 7.004e-15 ; True ; 3 5 36 48 54 134 148 154 181 182 185 195 211 227 254 297 339  ; 2 1 2 3 2 3 2 4 1 4 1 2 1 2 
1.35e+05 ; 7.38e-15 ; True ; 22 48 66 68 77 149 166 182 211 227 274 277 320 325 368 374 375  ; 1 1 2 3 2 3 2 3 3 3 2 1 2 1 
1.35e+05 ; 9.406e-15 ; True ; 10 36 73 102 121 143 158 170 176 181 195 226 227 264 274 298 318  ; 1 1 1 4 1 2 3 5 2 4 2 4 1 2 
1.36e+05 ; 1.067e-14 ; True ; 48 66 85 103 137 161 181 182 187 195 206 226 241 253 260 289 363  ; 2 1 2 4 1 4 2 4 2 4 2 2 1 1 
1.5e+05 ; 1.531e-14 ; True ; 61 66 73 77 103 128 132 156 168 179 195 229 246 250 260 302 356 364  ; 3 1 1 3 2 3 2 3 2 4 2 4 1 1 
1.52e+05 ; 1.656e-14 ; True ; 48 66 99 103 141 147 179 181 182 193 195 241 274 288 289 318 334 377  ; 2 1 2 4 1 4 1 4 4 3 2 2 1 2 
1.53e+05 ; 1.658e-14 ; True ; 20 36 81 92 93 103 166 182 187 203 204 252 260 306 317 324 364 374  ; 3 1 3 2 2 3 2 4 2 3 1 2 2 1 
1.68e+05 ; 1.937e-14 ; True ; 51 66 103 106 108 141 155 183 188 204 206 239 249 252 260 274 284 357 364  ; 3 2 2 3 1 3 2 3 3 3 2 2 1 1 
1.69e+05 ; 2.276e-14 ; True ; 34 48 66 72 95 126 141 154 195 203 209 214 229 274 284 288 312 318 339  ; 3 1 1 4 2 3 2 4 2 2 2 2 1 3 
1.7e+05 ; 2.491e-14 ; True ; 48 66 137 181 182 187 195 206 226 241 245 253 260 287 289 315 322 337 363  ; 5 1 2 4 2 3 2 5 2 2 2 2 1 1 
1.71e+05 ; 2.67e-14 ; True ; 34 36 66 83 97 108 144 152 195 203 227 255 274 276 279 291 292 296 318  ; 2 2 1 3 2 4 3 5 1 2 2 3 1 2 
1.85e+05 ; 2.811e-14 ; True ; 11 27 32 36 44 69 102 103 139 154 203 224 227 229 243 260 309 318 335 368  ; 3 2 1 4 2 4 2 4 2 2 1 3 1 2 
1.86e+05 ; 3.038e-14 ; True ; 51 66 103 141 183 188 203 204 206 220 236 239 249 252 260 274 284 291 357 358  ; 2 3 3 3 1 3 3 3 2 3 2 2 1 1 
1.86e+05 ; 4.227e-14 ; True ; 10 22 30 36 48 66 68 77 149 166 182 211 227 270 274 277 320 325 374 375  ; 1 1 2 4 2 3 3 5 4 3 2 2 2 1 
2.08e+05 ; 6.537e-14 ; True ; 10 25 30 48 77 121 123 152 157 158 190 195 204 226 227 264 291 319 359 360 374  ; 2 1 3 3 2 3 2 5 3 4 3 3 1 1 
2.28e+05 ; 8.463e-14 ; True ; 16 37 48 66 77 83 112 113 134 180 190 195 229 239 245 248 275 318 336 360 364 365  ; 4 1 1 3 3 5 2 4 5 4 2 3 1 1 
2.28e+05 ; 9.643e-14 ; True ; 57 61 66 73 77 103 113 124 128 156 168 177 187 195 229 246 250 260 302 314 356 364  ; 4 2 1 4 2 3 3 4 4 3 2 3 1 1 
2.48e+05 ; 1.033e-13 ; True ; 66 103 139 148 163 177 188 204 220 227 236 240 243 245 252 256 260 267 274 311 318 357 358  ; 2 2 2 4 2 3 3 6 2 2 2 3 2 1 
2.48e+05 ; 1.169e-13 ; True ; 0 2 52 55 66 77 102 152 170 181 195 207 245 254 264 272 283 291 294 321 364 366 375  ; 2 1 1 5 2 3 3 6 5 5 2 3 2 1 
2.52e+05 ; 1.233e-13 ; True ; 43 52 77 91 112 157 161 169 178 185 188 195 205 221 253 291 315 318 319 342 356 369 374  ; 3 2 3 2 1 4 4 3 3 4 3 3 1 1 
2.71e+05 ; 1.796e-13 ; True ; 25 36 66 73 79 113 137 163 170 179 182 186 204 245 260 262 274 291 303 317 331 342 347 356  ; 2 2 2 3 3 2 3 8 3 5 2 5 1 1 
2.97e+05 ; 1.839e-13 ; True ; 8 66 88 94 109 154 195 216 242 253 254 268 284 291 294 302 318 319 324 331 333 356 366 371 374  ; 4 2 1 4 1 3 3 6 2 2 2 4 3 2 
2.97e+05 ; 1.97e-13 ; True ; 2 11 48 66 73 77 88 113 125 130 138 185 186 191 232 247 274 306 310 318 319 329 356 369 372  ; 3 1 2 2 4 3 6 6 2 6 2 2 1 2 
2.97e+05 ; 2.691e-13 ; True ; 32 36 44 48 51 52 55 66 69 83 92 154 156 172 186 212 213 238 240 260 265 274 298 370 376  ; 3 2 2 2 2 4 4 6 4 4 2 2 1 2 
3.21e+05 ; 3.476e-13 ; True ; 12 32 48 67 73 77 88 102 117 153 157 168 175 188 195 202 238 260 271 291 317 318 319 328 338 364  ; 3 3 3 2 2 2 3 7 5 4 2 5 1 1 
3.46e+05 ; 3.944e-13 ; True ; 56 66 77 134 136 155 184 187 195 203 211 218 242 245 251 260 264 269 291 312 317 318 320 341 346 352 360  ; 5 4 4 2 2 3 2 6 3 3 2 4 1 1 
3.46e+05 ; 4.704e-13 ; True ; 10 25 36 63 66 69 73 79 96 163 170 179 182 186 190 204 245 260 262 274 291 303 317 331 347 356 360  ; 2 2 2 3 3 3 4 9 2 7 3 6 1 1 
3.48e+05 ; 6.271e-13 ; True ; 19 48 66 69 74 77 92 97 114 115 123 170 187 229 242 249 260 274 281 291 306 313 316 323 333 370 372  ; 5 2 4 4 1 5 3 7 4 2 3 2 1 2 
3.75e+05 ; 8.675e-13 ; True ; 66 74 77 131 134 155 184 192 195 203 211 218 224 251 260 264 269 291 300 312 318 320 321 344 359 360 364 376  ; 5 4 2 3 2 3 2 4 5 4 2 4 1 2 

RUN 5:
Optimum Distance: 0

Optimal Team: 
Required Skills: 6 8 11 12 13 14 16 26 30 38 43 47 49 51 
Distance; Skill Score; isValid; Team; Skill Counts
2.8e+04 ; 3.17e-17 ; True ; 36 48 66 79 189 260 274 364  ; 1 1 1 1 2 1 2 2 1 1 1 2 1 1 
3.6e+04 ; 5.785e-17 ; True ; 36 48 66 79 181 260 274 297 373  ; 1 1 1 1 1 2 2 3 1 1 1 3 1 1 
4.5e+04 ; 7.524e-17 ; True ; 48 66 81 137 204 218 229 240 274 291  ; 2 1 1 2 1 2 1 3 1 1 2 1 1 1 
5.5e+04 ; 1.188e-16 ; True ; 36 48 66 79 89 181 233 260 274 297 373  ; 1 1 1 1 1 2 2 4 1 2 1 3 1 1 
6.4e+04 ; 1.675e-16 ; True ; 51 66 134 163 170 192 195 227 236 253 260 342  ; 1 2 1 2 1 3 2 2 1 1 2 1 1 1 
6.5e+04 ; 1.908e-16 ; True ; 44 66 69 73 154 159 201 291 340 356 357 360  ; 1 1 1 2 1 2 3 3 1 2 1 2 1 1 
6.5e+04 ; 2.083e-16 ; True ; 48 56 66 68 137 157 204 218 224 229 252 291  ; 2 1 3 2 1 2 1 3 1 1 1 2 1 1 
6.5e+04 ; 2.987e-16 ; True ; 71 77 170 181 195 211 227 274 299 317 321 374  ; 1 1 1 1 1 3 1 3 2 2 3 1 1 2 
7.6e+04 ; 4.776e-16 ; True ; 21 34 36 154 181 188 195 220 252 260 310 347 374  ; 2 1 1 1 1 3 2 4 2 1 1 2 1 2 
7.6e+04 ; 5.258e-16 ; True ; 0 36 73 125 148 227 236 260 274 276 311 319 326  ; 3 1 2 1 1 1 4 3 1 2 1 3 1 1 
7.7e+04 ; 7.755e-16 ; True ; 48 51 67 68 77 106 143 209 227 241 274 319 374  ; 1 1 1 3 2 3 2 2 2 2 2 1 1 1 
8.9e+04 ; 1.345e-15 ; True ; 10 31 36 44 57 66 69 71 73 198 229 254 306 356  ; 2 1 1 3 1 2 3 4 1 4 1 3 1 1 
1.02e+05 ; 1.644e-15 ; True ; 66 67 82 114 170 181 222 227 253 260 289 291 306 342 371  ; 1 2 1 3 1 3 2 4 3 2 1 2 1 1 
1.04e+05 ; 3.563e-15 ; True ; 77 119 170 181 195 211 216 227 235 274 299 317 319 321 374  ; 2 1 1 1 1 4 2 3 2 3 3 2 1 2 
1.15e+05 ; 4.967e-15 ; True ; 2 36 77 108 168 169 170 187 205 224 245 284 291 319 324 364  ; 4 1 1 1 2 2 5 5 3 3 1 2 1 1 
1.2e+05 ; 6.013e-15 ; True ; 36 39 48 51 54 66 103 136 186 201 204 246 274 283 319 356  ; 2 1 1 2 3 3 4 4 1 3 2 2 1 1 
1.33e+05 ; 9.936e-15 ; True ; 36 98 106 109 110 148 165 195 204 209 227 229 250 260 274 281 369  ; 3 1 2 2 1 2 2 3 1 3 3 4 1 2 
1.35e+05 ; 2.042e-14 ; True ; 36 48 62 69 103 166 173 201 211 249 271 274 291 319 351 356 374  ; 2 2 2 3 2 3 3 3 1 2 2 4 1 1 
1.52e+05 ; 2.064e-14 ; True ; 36 48 62 66 69 103 151 164 166 173 201 249 271 274 291 319 353 356  ; 2 1 2 3 2 3 4 4 1 3 2 4 1 1 
1.63e+05 ; 2.933e-14 ; True ; 2 12 36 37 40 69 113 168 169 170 182 205 224 260 284 291 319 324 364  ; 3 2 2 2 1 3 4 4 3 5 1 3 1 1 
1.81e+05 ; 3.478e-14 ; True ; 2 12 36 59 67 77 108 168 169 170 182 187 205 224 260 284 291 319 324 364  ; 4 2 2 2 1 2 5 5 3 5 1 3 1 1 
1.85e+05 ; 3.734e-14 ; True ; 17 44 77 83 95 109 152 227 235 260 267 274 276 305 311 315 319 364 372 374  ; 2 1 2 3 2 4 2 3 4 4 2 3 1 1 
1.88e+05 ; 6.812e-14 ; True ; 33 48 66 69 73 110 141 154 163 184 195 221 229 259 260 291 297 300 313 330  ; 2 2 3 3 1 2 3 5 2 3 2 4 1 2 
2.26e+05 ; 6.891e-14 ; True ; 20 66 77 83 130 133 162 192 195 198 203 205 211 227 229 249 255 256 283 324 343 376  ; 2 1 2 2 2 4 3 5 4 4 2 2 2 1 
2.29e+05 ; 1.031e-13 ; True ; 13 36 38 66 67 68 83 87 101 138 179 205 224 227 245 253 274 278 291 293 321 356  ; 2 1 1 4 3 3 4 6 2 4 2 4 1 2 
2.29e+05 ; 1.512e-13 ; True ; 7 12 36 48 69 102 103 110 116 166 211 221 224 245 249 271 274 284 291 316 319 330  ; 2 2 3 4 2 3 3 6 2 2 2 3 1 2 
2.49e+05 ; 1.664e-13 ; True ; 0 48 66 73 98 115 146 147 154 159 190 191 194 204 229 274 275 292 303 318 330 341 374  ; 1 1 3 4 2 3 3 5 3 4 2 3 2 2 
2.73e+05 ; 2.043e-13 ; True ; 33 36 65 66 77 80 88 93 113 135 176 181 184 195 197 201 203 260 264 318 324 328 350 351  ; 2 2 3 5 1 3 4 5 3 3 2 3 2 1 
2.95e+05 ; 2.399e-13 ; True ; 34 42 44 66 69 70 77 80 114 129 140 176 203 245 274 276 283 291 311 312 319 349 356 374 377  ; 2 1 3 3 3 4 2 7 4 4 3 2 2 1 
2.97e+05 ; 2.413e-13 ; True ; 57 66 67 124 137 150 156 184 188 190 220 227 249 251 253 260 263 274 276 288 299 319 331 363 364  ; 5 2 3 4 2 4 4 4 1 4 2 4 1 1 
2.98e+05 ; 5.392e-13 ; True ; 36 46 66 77 88 92 93 113 134 176 181 182 184 195 197 201 244 245 260 264 318 324 328 350 351  ; 3 2 4 5 1 4 4 7 3 3 2 3 2 1 
3.73e+05 ; 6.597e-13 ; True ; 33 48 51 64 66 70 73 77 103 123 142 151 168 174 178 203 205 244 245 261 271 274 291 319 325 328 349 374  ; 2 2 2 3 3 5 3 10 4 5 2 3 2 1 

RUN 6:
Optimum Distance: 0

Optimal Team: 
Required Skills: 6 8 11 12 13 14 16 26 30 38 43 47 49 51 
Distance; Skill Score; isValid; Team; Skill Counts
3.6e+04 ; 3.111e-17 ; True ; 22 36 44 66 77 154 254 282 291  ; 1 1 1 1 1 2 2 1 1 2 1 2 1 1 
4.5e+04 ; 5.404e-17 ; True ; 48 75 181 198 211 215 264 274 319 324  ; 1 1 2 1 1 2 1 2 1 2 1 2 1 1 
5.5e+04 ; 7.534e-17 ; True ; 66 82 92 110 114 198 211 274 283 306 356  ; 2 1 1 2 1 2 1 3 1 1 1 1 1 2 
5.5e+04 ; 8.954e-17 ; True ; 12 19 44 66 170 202 260 274 285 321 356  ; 1 1 1 2 1 2 1 3 1 3 1 2 1 1 
6.4e+04 ; 1.185e-16 ; True ; 48 58 66 68 77 113 184 186 192 195 318 334  ; 1 1 2 1 2 2 1 2 2 1 2 1 1 1 
6.4e+04 ; 1.469e-16 ; True ; 36 49 77 83 102 185 195 200 207 245 318 333  ; 3 1 1 1 1 1 1 2 2 2 2 2 1 1 
6.5e+04 ; 2.003e-16 ; True ; 48 58 66 68 113 152 184 192 260 274 318 334  ; 1 2 2 2 1 2 1 2 1 2 1 2 1 1 
7.6e+04 ; 2.762e-16 ; True ; 66 73 77 105 131 211 224 282 284 316 321 341 354  ; 1 1 1 2 1 2 3 2 2 2 1 2 1 1 
7.6e+04 ; 5.01e-16 ; True ; 66 103 139 181 191 195 198 200 215 216 260 264 319  ; 2 1 1 2 1 4 2 2 1 2 1 3 1 1 
7.6e+04 ; 6.625e-16 ; True ; 66 79 103 139 181 195 198 215 216 260 264 319 364  ; 1 1 1 2 1 4 2 2 2 3 1 3 1 1 
8.9e+04 ; 7.893e-16 ; True ; 48 57 66 69 73 156 184 232 259 284 306 318 324 341  ; 1 2 3 1 1 2 2 3 1 2 1 2 2 1 
8.9e+04 ; 3.971e-15 ; True ; 21 28 48 66 96 109 204 222 229 260 274 319 356 367  ; 2 1 1 2 3 3 3 3 1 3 2 2 1 1 
1.18e+05 ; 4.086e-15 ; True ; 6 7 48 66 69 73 112 118 119 229 245 257 291 306 314 374  ; 1 1 1 2 2 3 2 5 2 4 1 3 2 1 
1.19e+05 ; 8.487e-15 ; True ; 36 66 68 75 77 106 112 114 146 178 184 186 195 229 264 318  ; 2 1 3 2 1 3 2 2 2 4 2 4 1 1 
1.34e+05 ; 9.063e-15 ; True ; 6 7 35 36 48 57 66 69 73 112 154 227 229 257 300 339 364  ; 2 1 1 2 3 2 4 6 2 5 1 3 1 1 
1.5e+05 ; 1.018e-14 ; True ; 14 36 44 48 51 77 102 110 129 137 152 173 175 181 230 245 274 291  ; 2 2 2 3 2 1 1 5 2 4 2 4 1 1 
1.53e+05 ; 1.776e-14 ; True ; 48 66 86 91 106 116 139 146 154 159 195 203 229 249 318 319 356 357  ; 2 1 2 3 3 3 2 4 3 2 1 2 1 2 
1.67e+05 ; 2.567e-14 ; True ; 0 19 21 47 66 75 129 154 181 202 205 220 227 260 274 296 318 347 368  ; 2 2 1 3 2 3 3 4 3 2 1 3 1 2 
1.7e+05 ; 3.621e-14 ; True ; 36 39 48 66 91 139 146 154 159 195 199 203 229 249 318 319 350 356 357  ; 4 1 2 3 3 3 3 5 2 2 1 2 1 2 
2.06e+05 ; 4.851e-14 ; True ; 0 32 48 55 62 66 82 102 114 117 128 148 152 187 191 195 274 289 318 360 361  ; 3 1 2 3 2 3 2 4 2 3 2 1 3 2 
2.07e+05 ; 1.065e-13 ; True ; 2 22 36 131 184 190 195 227 241 242 253 260 291 296 315 319 333 351 356 372 374  ; 3 2 2 3 2 4 5 6 1 3 2 4 1 1 
2.47e+05 ; 1.129e-13 ; True ; 35 102 115 178 180 195 204 205 209 215 227 260 272 274 279 291 319 332 338 356 364 366 374  ; 2 2 1 1 3 5 3 7 2 2 3 3 2 2 
2.72e+05 ; 1.627e-13 ; True ; 2 3 52 62 66 79 152 181 204 211 227 229 243 245 254 260 274 282 288 341 343 345 360 363  ; 3 2 1 4 3 5 5 6 2 5 2 2 1 1 
2.74e+05 ; 2.758e-13 ; True ; 44 83 88 96 110 112 141 158 170 195 213 245 260 274 284 287 306 316 318 324 325 341 365 374  ; 2 2 2 4 1 4 2 3 4 4 2 3 2 3 
2.95e+05 ; 6.395e-13 ; True ; 47 48 59 66 73 80 94 147 186 195 209 214 222 224 227 230 253 260 276 291 342 356 360 371 374  ; 2 2 2 3 4 4 3 6 2 4 2 3 2 2 
3.74e+05 ; 6.741e-13 ; True ; 64 66 118 174 182 191 195 198 199 201 211 229 232 238 243 254 260 264 266 274 306 311 320 336 349 356 363 374  ; 2 2 2 3 2 5 2 5 4 4 2 3 2 3 

RUN 7:
Optimum Distance: 0

Optimal Team: 
Required Skills: 6 8 11 12 13 14 16 26 30 38 43 47 49 51 
Distance; Skill Score; isValid; Team; Skill Counts
4.4e+04 ; 4.651e-18 ; True ; 21 28 51 66 184 271 274 289 315 368  ; 1 1 1 2 1 1 1 1 1 1 1 1 1 1 
4.4e+04 ; 4.936e-17 ; True ; 48 51 66 77 129 141 174 181 274 341  ; 1 1 2 1 1 2 1 1 3 1 2 1 1 1 
5.4e+04 ; 6.999e-17 ; True ; 2 45 127 169 195 205 222 229 318 364 374  ; 2 1 1 1 1 2 2 2 1 3 1 1 1 1 
5.5e+04 ; 1.017e-16 ; True ; 17 51 73 77 86 106 197 227 306 336 374  ; 1 1 1 1 1 2 2 2 2 2 1 2 1 1 
5.5e+04 ; 2.018e-16 ; True ; 44 66 73 77 103 144 158 195 211 227 320  ; 1 1 1 1 1 2 3 2 2 3 2 1 1 1 
6.5e+04 ; 5.417e-16 ; True ; 48 51 66 77 96 129 141 147 174 181 205 274  ; 1 1 2 2 1 2 2 2 3 2 2 1 1 1 
6.6e+04 ; 5.905e-16 ; True ; 48 51 66 96 129 141 181 205 224 274 278 360  ; 2 1 2 2 1 3 2 2 2 1 1 1 1 2 
7.6e+04 ; 6.09e-16 ; True ; 17 48 69 195 214 216 260 271 294 317 319 364 374  ; 1 1 2 2 2 3 1 3 1 1 2 3 1 1 
7.8e+04 ; 7.626e-16 ; True ; 36 49 53 66 141 185 227 249 274 290 306 318 343  ; 3 1 1 1 1 2 4 3 2 1 1 2 1 2 
7.8e+04 ; 2.242e-15 ; True ; 17 36 48 114 195 230 241 260 271 317 319 364 374  ; 2 1 3 1 2 3 2 2 2 2 1 3 1 1 
9e+04 ; 2.318e-15 ; True ; 36 48 114 195 214 216 218 260 271 306 317 319 364 374  ; 2 1 3 1 2 2 2 3 2 1 1 3 1 2 
9.1e+04 ; 2.33e-15 ; True ; 36 47 48 57 66 68 98 103 195 259 303 319 360 364  ; 4 1 1 2 2 4 3 2 2 3 1 1 1 1 
1.01e+05 ; 4.022e-15 ; True ; 21 36 48 66 69 181 213 224 227 260 309 321 359 367 368  ; 3 1 1 2 3 3 3 5 1 2 1 3 1 1 
1.04e+05 ; 7.245e-15 ; True ; 17 36 48 69 114 195 214 216 218 260 271 317 319 364 374  ; 2 1 3 2 2 3 2 4 2 1 2 3 1 1 
1.19e+05 ; 9.541e-15 ; True ; 36 51 66 103 146 186 195 203 204 229 230 236 271 284 317 339  ; 2 1 2 3 2 3 2 3 2 3 2 2 1 1 
1.5e+05 ; 1.015e-14 ; True ; 48 52 66 82 89 141 168 176 181 195 213 220 224 256 264 291 362 377  ; 3 1 2 3 1 2 3 7 2 3 1 2 1 2 
1.51e+05 ; 1.475e-14 ; True ; 36 48 69 114 128 134 151 195 209 216 218 260 263 271 317 319 364 374  ; 2 1 3 1 2 4 2 4 2 3 2 4 1 1 
1.51e+05 ; 2.02e-14 ; True ; 66 73 85 134 141 144 160 185 190 195 200 203 204 249 258 260 284 318  ; 4 2 1 2 1 3 3 3 2 4 2 4 1 1 
1.67e+05 ; 2.472e-14 ; True ; 2 36 73 77 145 154 157 173 178 179 187 220 229 255 260 274 315 324 364  ; 3 1 1 2 1 2 5 4 2 4 2 5 1 2 
1.7e+05 ; 3.272e-14 ; True ; 17 36 48 69 79 95 114 188 195 214 216 218 260 271 297 317 319 364 374  ; 3 1 3 2 2 4 2 5 2 2 2 4 1 1 
1.7e+05 ; 3.344e-14 ; True ; 66 67 73 77 101 109 130 173 189 195 260 265 288 291 317 319 356 359 369  ; 2 2 2 3 1 2 4 3 2 4 2 5 1 1 
1.71e+05 ; 5.525e-14 ; True ; 32 69 106 140 181 203 207 225 227 274 284 291 306 318 319 321 324 333 344  ; 3 2 1 2 2 2 2 5 3 4 2 4 1 2 
1.85e+05 ; 6.541e-14 ; True ; 18 66 82 106 150 168 172 176 181 182 204 218 227 239 260 291 306 318 364 374  ; 2 3 1 3 2 3 2 5 3 5 1 4 2 1 
2.08e+05 ; 8.825e-14 ; True ; 17 36 48 65 66 69 96 114 182 195 214 216 218 244 260 269 271 303 317 319 364  ; 3 1 4 2 2 4 4 6 2 3 2 3 1 1 
2.08e+05 ; 1.302e-13 ; True ; 36 48 66 114 172 173 186 195 214 218 221 229 257 271 274 280 291 309 317 361 364  ; 2 1 3 2 3 4 3 3 3 2 2 5 1 2 
2.28e+05 ; 1.514e-13 ; True ; 30 44 66 73 92 102 114 181 185 193 208 224 227 253 257 260 295 321 324 354 356 368  ; 4 1 2 3 2 3 3 6 3 6 1 3 3 1 
2.69e+05 ; 1.598e-13 ; True ; 1 12 44 69 102 106 184 192 195 198 204 227 229 264 311 316 318 319 326 336 347 356 357 360  ; 6 1 3 3 2 4 2 5 2 5 3 3 1 1 
2.73e+05 ; 5.596e-13 ; True ; 44 51 64 66 73 92 102 114 156 181 185 193 208 224 227 253 257 260 295 319 321 324 356 368  ; 6 2 2 2 2 4 4 6 4 5 1 3 3 1 
3.44e+05 ; 1.601e-12 ; True ; 2 43 48 54 66 77 92 141 158 160 168 184 189 195 197 224 227 235 245 249 256 259 260 284 286 357 374  ; 4 1 4 3 3 3 4 7 4 4 2 3 2 2 

RUN 8:
Optimum Distance: 0

Optimal Team: 
Required Skills: 6 8 11 12 13 14 16 26 30 38 43 47 49 51 
Distance; Skill Score; isValid; Team; Skill Counts
3.6e+04 ; 2.899e-17 ; True ; 48 51 102 109 181 195 213 283 319  ; 1 1 1 2 1 2 1 2 2 1 1 1 1 1 
4.5e+04 ; 3.119e-17 ; True ; 22 66 72 137 203 236 260 274 278 364  ; 1 1 1 1 2 2 1 2 1 1 1 2 1 1 
5.3e+04 ; 3.497e-17 ; True ; 57 66 154 191 193 197 229 274 291 302 315  ; 1 2 1 2 1 2 1 1 1 1 1 1 1 2 
5.3e+04 ; 4.021e-17 ; True ; 25 36 68 77 83 195 211 324 330 344 364  ; 1 1 1 1 1 1 1 2 3 2 2 1 1 1 
5.4e+04 ; 5.796e-17 ; True ; 20 28 40 57 66 73 77 154 191 249 321  ; 1 1 1 1 1 2 2 2 2 1 1 2 1 1 
5.4e+04 ; 1.117e-16 ; True ; 48 51 102 109 110 138 181 195 224 283 319  ; 1 1 1 2 1 2 2 2 2 1 1 1 1 2 
5.5e+04 ; 1.283e-16 ; True ; 27 30 48 64 66 77 187 190 195 211 374  ; 1 1 1 2 1 2 2 1 2 1 2 1 2 1 
5.5e+04 ; 2.074e-16 ; True ; 17 48 51 102 106 181 195 224 256 283 319  ; 1 1 1 2 1 3 1 3 2 1 1 2 1 2 
6.4e+04 ; 2.897e-16 ; True ; 66 74 113 116 210 227 229 252 274 291 319 347  ; 2 1 1 2 1 3 3 3 2 1 1 1 1 1 
6.5e+04 ; 4.444e-16 ; True ; 66 77 99 115 181 184 195 291 295 297 321 356  ; 1 1 1 2 1 3 2 2 2 1 2 3 1 1 
7.5e+04 ; 4.896e-16 ; True ; 9 51 66 73 77 154 175 182 191 214 227 229 241  ; 1 1 1 2 2 2 3 3 2 3 1 1 1 1 
7.8e+04 ; 4.991e-16 ; True ; 48 51 55 92 102 109 138 195 213 260 283 319 344  ; 2 2 1 1 1 2 2 3 2 2 1 2 1 1 
7.8e+04 ; 6.795e-16 ; True ; 36 66 134 141 151 152 157 204 245 276 306 318 331  ; 2 1 2 3 1 2 2 3 1 2 1 2 1 1 
8.9e+04 ; 1.037e-15 ; True ; 48 58 66 68 77 154 186 187 190 245 268 284 316 318  ; 1 1 1 2 3 3 2 3 2 2 1 2 1 1 
8.9e+04 ; 1.259e-15 ; True ; 48 66 67 76 168 186 193 214 253 260 272 274 277 319  ; 2 1 1 2 2 2 2 5 1 2 2 2 1 1 
9e+04 ; 1.791e-15 ; True ; 68 77 102 139 170 172 181 227 247 274 291 319 321 341  ; 2 1 1 2 1 3 2 2 2 5 2 2 1 1 
9.1e+04 ; 1.942e-15 ; True ; 43 48 51 66 92 109 138 195 213 251 260 283 292 319  ; 2 2 1 2 1 3 3 3 2 2 1 2 1 1 
1.03e+05 ; 2.641e-15 ; True ; 11 36 48 66 79 92 138 195 253 272 291 293 306 315 342  ; 2 1 1 2 1 3 3 5 1 2 2 2 1 2 
1.18e+05 ; 3.218e-15 ; True ; 10 81 134 140 160 170 181 190 197 227 265 274 291 333 350 374  ; 2 1 2 2 1 4 3 3 2 3 1 2 1 1 
1.18e+05 ; 7.296e-15 ; True ; 66 113 116 154 205 210 220 227 229 252 253 291 319 321 347 364  ; 3 1 2 1 2 3 4 6 3 2 1 2 1 1 
1.35e+05 ; 7.53e-15 ; True ; 11 32 36 48 66 92 138 145 195 262 272 274 291 293 315 333 369  ; 2 1 3 2 1 3 3 5 1 2 2 2 1 2 
1.35e+05 ; 8.061e-15 ; True ; 37 44 66 78 81 87 140 155 181 182 194 227 274 290 318 356 364  ; 3 1 2 3 3 3 2 5 2 4 1 1 1 1 
1.5e+05 ; 8.799e-15 ; True ; 66 155 164 175 181 187 191 195 207 236 245 260 271 283 306 311 313 321  ; 3 1 1 2 2 2 2 5 4 2 1 3 1 2 
1.51e+05 ; 2.001e-14 ; True ; 63 66 169 195 198 203 206 229 236 249 251 253 274 283 284 291 321 328  ; 2 1 2 3 1 2 2 4 2 4 3 3 1 2 
1.53e+05 ; 3.582e-14 ; True ; 36 66 109 119 181 195 229 236 260 264 291 292 303 335 343 344 364 374  ; 2 2 2 3 1 5 3 2 2 4 1 4 2 1 
1.86e+05 ; 3.776e-14 ; True ; 66 77 112 117 134 141 170 188 191 195 203 205 224 251 257 282 291 319 336 341  ; 4 1 2 1 3 5 2 2 3 4 2 2 1 2 
1.87e+05 ; 5.71e-14 ; True ; 23 36 40 64 66 77 83 152 169 184 211 215 227 271 274 288 292 318 356 373  ; 2 2 1 3 2 3 4 3 3 4 2 4 1 1 
2.08e+05 ; 9.665e-14 ; True ; 44 48 57 66 78 84 140 152 155 181 182 183 194 208 227 260 274 280 290 356 364  ; 3 2 3 3 4 3 3 7 2 4 1 2 1 1 
2.48e+05 ; 1.292e-13 ; True ; 3 16 49 66 108 157 178 181 182 190 198 200 204 211 224 235 245 267 274 322 323 364 374  ; 3 1 2 2 2 4 2 5 3 3 2 3 2 2 
2.48e+05 ; 1.295e-13 ; True ; 2 45 64 65 66 67 69 73 85 89 104 148 154 181 187 195 227 250 260 280 316 319 343  ; 3 1 1 2 1 5 7 4 3 4 2 3 2 2 
2.51e+05 ; 1.499e-13 ; True ; 6 11 36 48 66 134 137 151 181 184 189 204 215 239 245 260 274 281 309 319 320 337 376  ; 5 1 2 4 2 5 3 5 3 3 2 3 1 1 
2.74e+05 ; 1.791e-13 ; True ; 8 36 38 41 48 66 106 154 170 173 181 195 200 216 254 289 291 318 326 363 369 370 371 374  ; 3 2 2 3 1 5 2 4 2 6 1 6 2 2 
2.75e+05 ; 2.083e-13 ; True ; 2 12 21 66 73 78 86 102 103 114 134 141 144 169 197 204 211 249 265 269 274 291 299 363  ; 4 2 3 2 1 4 5 4 2 4 2 3 2 1 
2.9e+05 ; 5.74e-13 ; True ; 2 8 10 64 65 66 67 69 73 85 92 148 154 181 187 195 205 227 250 260 280 294 319 342 343  ; 4 1 2 2 1 5 7 5 4 4 2 4 2 2 
3.23e+05 ; 6.999e-13 ; True ; 44 66 81 125 163 166 178 195 204 205 211 227 257 258 261 282 284 291 297 319 320 321 330 350 363 374  ; 4 2 3 2 2 6 3 4 4 3 2 4 2 1 

RUN 9:
Optimum Distance: 0

Optimal Team: 
Required Skills: 6 8 11 12 13 14 16 26 30 38 43 47 49 51 
Distance; Skill Score; isValid; Team; Skill Counts
4.5e+04 ; 8.387e-18 ; True ; 66 196 205 240 244 245 274 291 323 333  ; 1 1 2 1 1 1 1 2 1 1 1 1 1 1 
5.3e+04 ; 2.35e-17 ; True ; 66 77 91 182 191 224 260 315 319 343 354  ; 1 1 1 1 1 2 3 1 1 2 1 1 1 1 
5.3e+04 ; 6.849e-17 ; True ; 83 103 112 162 168 227 260 274 283 324 369  ; 1 1 1 1 1 2 1 3 2 2 1 2 1 1 
5.3e+04 ; 7.488e-17 ; True ; 36 48 77 92 136 150 211 224 250 311 374  ; 2 1 2 1 1 2 1 3 2 1 1 1 1 1 
5.5e+04 ; 1.15e-16 ; True ; 10 66 92 158 178 181 195 205 227 309 318  ; 1 1 1 1 1 5 2 2 2 2 1 1 1 1 
6.5e+04 ; 1.701e-16 ; True ; 73 83 103 133 148 168 172 227 256 260 274 369  ; 1 1 1 1 1 3 2 4 1 2 1 3 1 1 
6.5e+04 ; 1.945e-16 ; True ; 36 83 121 176 195 205 227 239 257 291 324 335  ; 1 1 1 1 1 2 2 2 2 3 1 3 1 1 
7.5e+04 ; 2.697e-16 ; True ; 3 20 48 208 218 227 229 233 274 280 318 321 374  ; 2 1 1 2 2 2 1 5 1 1 1 3 1 1 
7.6e+04 ; 3.271e-16 ; True ; 135 140 146 181 227 229 253 260 265 306 307 330 374  ; 2 1 1 3 1 3 2 4 2 1 1 1 1 1 
7.7e+04 ; 4.988e-16 ; True ; 44 52 73 83 103 227 239 260 274 283 324 336 369  ; 1 1 2 1 1 2 3 3 2 3 1 2 1 1 
8.8e+04 ; 5.071e-16 ; True ; 0 20 66 184 185 193 195 203 229 244 259 260 287 318  ; 3 2 1 3 1 2 1 3 1 2 1 2 1 1 
8.9e+04 ; 7.693e-16 ; True ; 30 66 104 113 143 152 168 178 192 195 227 260 264 274  ; 2 1 1 3 1 2 2 3 2 1 2 1 1 2 
8.9e+04 ; 9.763e-16 ; True ; 48 73 115 137 185 204 250 260 274 307 315 334 364 374  ; 2 1 2 1 2 1 2 6 1 3 2 2 1 1 
8.9e+04 ; 1.125e-15 ; True ; 30 66 170 187 250 253 274 300 317 318 321 347 355 356  ; 2 1 2 2 1 2 2 4 1 2 2 2 1 1 
1.03e+05 ; 1.318e-15 ; True ; 8 66 68 77 97 100 137 179 182 191 195 205 211 221 229  ; 3 1 2 3 1 2 2 3 1 3 2 1 1 1 
1.03e+05 ; 1.864e-15 ; True ; 16 44 64 66 78 114 152 175 195 227 229 264 318 347 350  ; 3 1 3 2 1 2 3 5 2 2 1 1 1 1 
1.04e+05 ; 2.418e-15 ; True ; 2 11 32 83 137 141 151 190 195 227 260 264 356 358 374  ; 2 1 1 2 2 2 2 4 3 4 1 2 1 1 
1.16e+05 ; 3.126e-15 ; True ; 36 98 168 179 181 182 186 195 221 231 291 314 356 359 372 374  ; 2 1 1 3 2 2 2 4 3 2 1 3 1 1 
1.19e+05 ; 7.276e-15 ; True ; 17 32 66 73 140 146 147 179 181 182 227 274 300 318 330 336  ; 2 1 2 3 1 3 3 3 3 3 1 3 1 1 
1.36e+05 ; 1.174e-14 ; True ; 36 48 73 77 85 97 104 174 184 195 211 227 268 271 321 324 374  ; 2 1 2 1 2 1 3 6 2 4 2 4 2 1 
1.53e+05 ; 2.552e-14 ; True ; 22 36 48 66 70 96 106 157 163 195 196 226 229 260 274 296 316 369  ; 3 1 3 3 1 5 3 3 1 2 2 3 1 2 
1.69e+05 ; 2.733e-14 ; True ; 4 48 66 90 98 112 121 153 205 224 227 241 274 284 291 296 319 321 351  ; 2 1 2 2 2 3 3 6 3 2 1 4 1 2 
1.71e+05 ; 5.206e-14 ; True ; 22 36 48 66 70 96 103 106 157 163 182 195 196 225 229 260 274 296 369  ; 3 1 4 3 1 5 3 3 1 4 2 3 1 2 
2.08e+05 ; 6.93e-14 ; True ; 2 15 19 20 30 36 39 44 57 66 69 77 102 141 176 214 245 274 276 279 318  ; 2 2 2 5 1 2 3 6 2 4 3 2 2 1 
2.28e+05 ; 1.041e-13 ; True ; 18 42 66 73 77 92 137 170 185 205 260 284 289 297 306 311 317 318 319 325 356 373  ; 4 2 2 4 1 5 3 6 3 4 1 4 1 1 
2.51e+05 ; 2.251e-13 ; True ; 36 48 66 98 103 113 134 154 187 191 195 220 221 229 249 260 277 283 317 326 344 363 376  ; 3 1 3 3 2 5 5 5 4 2 1 4 1 2 
2.53e+05 ; 2.456e-13 ; True ; 66 152 163 181 182 195 200 203 227 235 240 242 246 253 258 274 295 309 318 320 364 371 374  ; 2 1 1 4 3 5 2 4 4 3 3 3 2 2 
2.96e+05 ; 3.501e-13 ; True ; 24 44 48 66 70 91 93 132 138 148 154 173 179 192 195 198 205 227 229 259 274 278 291 311 321  ; 3 1 3 2 2 2 3 5 2 6 2 5 2 3 
3.22e+05 ; 3.518e-13 ; True ; 40 48 51 66 121 130 138 150 156 173 177 185 197 206 220 227 229 237 253 274 284 302 306 321 374 376  ; 4 1 2 3 2 4 4 8 2 3 2 3 2 2 
3.22e+05 ; 3.681e-13 ; True ; 4 45 48 56 66 67 90 98 112 121 153 205 220 224 227 229 241 274 284 291 296 319 321 324 334 351  ; 4 1 2 4 2 4 4 8 3 2 1 5 2 2 
3.25e+05 ; 6.147e-13 ; True ; 66 115 163 181 182 194 195 200 227 240 242 244 246 253 258 274 278 295 309 318 319 320 341 364 371 374  ; 3 1 2 4 2 6 4 6 4 2 3 2 2 2 
3.71e+05 ; 8.751e-13 ; True ; 42 48 66 112 114 123 141 144 149 157 160 162 170 176 181 195 204 224 226 233 238 239 274 290 311 318 319 364  ; 3 1 3 3 2 6 3 5 5 6 3 2 1 3 

RUN 10:
Optimum Distance: 0

Optimal Team: 
Required Skills: 6 8 11 12 13 14 16 26 30 38 43 47 49 51 
Distance; Skill Score; isValid; Team; Skill Counts
4.4e+04 ; 3.033e-17 ; True ; 3 27 36 66 109 253 276 306 318 364  ; 1 1 1 1 1 1 2 3 1 1 1 3 1 1 
4.5e+04 ; 1.077e-16 ; True ; 36 66 109 173 181 253 276 306 318 364  ; 1 1 1 1 1 2 2 2 2 1 1 4 1 1 
5.5e+04 ; 5.452e-16 ; True ; 36 48 54 66 109 181 187 253 276 306 318  ; 2 1 2 1 1 2 3 3 1 2 1 3 1 1 
7.8e+04 ; 8.983e-16 ; True ; 27 36 44 66 109 153 173 181 224 253 276 318 364  ; 1 1 2 2 1 2 2 3 2 2 1 4 1 1 
9e+04 ; 1.059e-15 ; True ; 36 47 66 109 138 157 173 181 228 253 306 318 360 364  ; 3 1 1 1 1 3 3 2 2 2 1 4 1 1 
9e+04 ; 1.294e-15 ; True ; 22 26 66 99 140 141 227 229 252 255 274 291 318 376  ; 3 2 1 1 1 4 2 3 2 2 1 2 1 1 
1.04e+05 ; 1.799e-15 ; True ; 48 102 138 181 186 187 206 215 221 225 264 274 278 318 319  ; 2 1 2 2 2 2 4 3 1 2 1 2 1 1 
1.05e+05 ; 1.883e-15 ; True ; 36 48 88 186 190 204 214 231 306 314 318 336 360 364 374  ; 3 1 1 2 3 2 2 4 2 1 1 3 1 1 
1.05e+05 ; 1.898e-15 ; True ; 1 66 73 141 186 193 238 240 253 260 291 302 306 369 374  ; 2 2 1 1 1 2 2 3 2 3 1 3 2 1 
1.17e+05 ; 2.131e-15 ; True ; 36 73 77 181 184 191 201 211 228 230 233 253 306 321 367 374  ; 2 1 1 1 1 2 3 5 2 4 2 3 1 1 
1.17e+05 ; 2.227e-15 ; True ; 17 29 48 66 109 133 172 181 184 186 191 204 229 291 306 365  ; 1 1 2 3 3 5 1 3 2 2 1 2 1 1 
1.18e+05 ; 2.661e-15 ; True ; 40 48 52 66 92 97 122 182 211 235 253 260 274 284 323 333  ; 1 2 3 2 1 3 2 4 2 1 2 2 1 1 
1.18e+05 ; 4.165e-15 ; True ; 3 30 48 66 77 86 181 190 193 211 224 227 229 273 307 319  ; 2 1 1 3 2 4 3 5 4 2 1 1 1 1 
1.19e+05 ; 4.506e-15 ; True ; 36 66 69 78 110 128 141 158 182 227 231 236 260 274 299 363  ; 3 1 2 2 1 2 3 3 1 4 2 3 1 1 
1.19e+05 ; 5.896e-15 ; True ; 3 30 66 86 133 181 190 193 197 224 227 229 260 274 307 319  ; 2 1 1 3 1 5 3 3 3 2 1 2 1 2 
1.33e+05 ; 8.973e-15 ; True ; 22 26 66 109 140 141 156 211 224 227 229 255 274 276 284 291 376  ; 4 2 1 2 1 3 2 3 3 3 1 2 1 2 
1.36e+05 ; 1.042e-14 ; True ; 32 48 66 69 83 85 92 109 134 154 187 211 252 264 318 324 363  ; 2 2 3 1 1 5 2 4 2 2 1 3 2 1 
1.5e+05 ; 1.056e-14 ; True ; 6 33 36 48 66 114 135 136 140 146 188 195 197 282 284 291 326 360  ; 4 1 3 2 2 3 2 4 2 3 1 2 1 1 
1.52e+05 ; 1.567e-14 ; True ; 15 44 66 73 82 106 110 188 229 239 250 256 260 274 283 284 299 364  ; 3 1 2 3 1 3 2 5 3 5 1 4 1 1 
1.52e+05 ; 1.661e-14 ; True ; 25 36 48 57 66 99 102 157 159 173 181 195 208 219 274 356 364 372  ; 1 1 2 2 3 3 2 5 3 1 2 2 2 2 
1.67e+05 ; 2.591e-14 ; True ; 48 66 77 92 144 154 157 161 168 174 181 186 199 213 260 291 319 320 377  ; 4 2 2 2 2 4 2 4 3 3 1 2 1 1 
1.69e+05 ; 2.861e-14 ; True ; 25 36 48 57 66 99 157 159 170 173 181 195 208 228 274 322 323 356 372  ; 2 1 2 2 2 4 2 4 3 3 2 2 1 2 
1.7e+05 ; 2.995e-14 ; True ; 23 48 64 68 88 98 116 118 132 186 195 228 229 260 274 318 319 347 374  ; 2 2 1 2 2 3 2 5 3 4 2 2 1 2 
1.71e+05 ; 3.074e-14 ; True ; 11 33 38 48 66 129 186 195 207 214 221 229 274 284 288 291 316 338 374  ; 2 1 1 4 2 4 2 3 2 3 2 2 2 2 
1.88e+05 ; 3.316e-14 ; True ; 2 16 21 36 66 68 83 94 125 154 168 195 197 253 260 264 277 356 358 359  ; 3 1 2 2 2 2 4 7 1 4 2 3 1 2 
1.89e+05 ; 5.926e-14 ; True ; 39 48 66 69 72 148 169 193 195 203 211 227 229 258 260 310 321 328 338 358  ; 2 2 1 2 3 3 3 6 2 3 2 3 2 1 
2.06e+05 ; 6.521e-14 ; True ; 36 74 83 104 112 141 144 145 171 181 187 197 203 213 227 229 231 274 306 318 374  ; 5 1 1 5 2 4 3 4 4 2 1 3 1 2 
2.27e+05 ; 9.491e-14 ; True ; 8 36 64 69 102 106 148 171 182 193 195 222 227 229 243 252 260 306 318 330 347 351  ; 3 2 3 2 1 1 2 6 4 3 2 4 2 2 
2.28e+05 ; 1.054e-13 ; True ; 57 66 103 112 139 181 185 192 193 195 202 227 259 272 274 291 315 330 332 348 356 363  ; 2 2 1 4 2 4 2 4 3 6 2 3 1 2 
2.47e+05 ; 1.703e-13 ; True ; 48 66 73 82 112 128 129 130 135 155 163 181 182 187 191 195 224 260 279 323 348 362 374  ; 3 1 2 3 2 4 3 6 2 5 1 4 2 2 
2.49e+05 ; 1.873e-13 ; True ; 2 30 43 48 66 73 75 83 102 110 123 191 192 195 204 205 218 267 291 296 319 341 348  ; 3 1 3 2 2 4 4 4 4 5 2 2 2 1 
2.5e+05 ; 1.895e-13 ; True ; 36 44 51 55 60 66 69 77 103 124 154 175 203 218 226 230 246 250 260 286 306 364 374  ; 2 2 2 3 2 3 2 5 4 2 2 3 2 2 
2.73e+05 ; 2.071e-13 ; True ; 5 36 66 77 98 138 143 145 167 181 184 203 208 212 218 224 227 242 250 274 275 290 318 321  ; 3 1 2 2 2 5 4 7 4 3 2 3 1 2 
2.73e+05 ; 5.564e-13 ; True ; 27 51 66 73 77 102 137 154 157 181 188 197 203 220 252 260 274 279 286 295 298 330 347 356  ; 3 2 4 3 2 4 3 6 3 2 2 2 2 2 
3.22e+05 ; 7.27e-13 ; True ; 66 114 134 143 157 173 204 211 224 227 245 254 261 262 271 274 284 291 307 319 320 333 337 348 363 374  ; 2 2 3 4 2 5 3 5 2 3 2 4 2 2 
3.48e+05 ; 1.506e-12 ; True ; 8 10 48 66 68 72 77 92 105 106 109 115 132 157 189 195 203 224 229 235 260 263 317 323 324 360 364  ; 4 1 3 4 3 4 2 4 4 4 2 6 2 2 

