m: 16
Instance: 1
Algorithm: MOSA
Iteration: 800
Population Size: 100
RUN 1:
Optimum Distance: 0

Optimal Team: 
Required Skills: 6 8 9 11 13 23 26 30 31 34 42 43 47 49 50 55 
Distance; Skill Score; isValid; Team; Skill Counts
5.4e+04 ; 3.689e-20 ; True ; 45 59 66 272 296 324 329 349 383 385 388  ; 1 1 1 1 1 1 1 2 1 2 1 1 2 1 2 1 
6.3e+04 ; 1.552e-19 ; True ; 25 45 66 92 95 103 186 204 242 275 376 383  ; 1 1 3 1 2 1 1 1 1 4 1 1 1 2 1 2 
6.5e+04 ; 1.738e-19 ; True ; 35 49 66 89 94 104 109 138 216 269 275 384  ; 1 1 1 2 1 1 5 2 1 5 1 1 1 1 1 2 
6.6e+04 ; 2.343e-19 ; True ; 81 92 94 150 211 229 240 338 356 362 380 383  ; 1 1 1 1 2 1 2 2 1 3 2 1 1 1 3 1 
7.7e+04 ; 2.744e-19 ; True ; 6 16 49 57 66 94 134 142 164 216 316 329 395  ; 2 1 2 1 1 1 4 1 1 4 2 1 2 1 1 1 
7.8e+04 ; 4.265e-19 ; True ; 38 66 94 119 157 196 216 240 257 267 295 338 387  ; 2 1 2 1 1 1 4 1 2 5 1 1 3 1 1 1 
7.8e+04 ; 1.498e-18 ; True ; 38 60 94 127 220 271 300 302 316 329 347 383 395  ; 2 1 2 1 1 1 4 1 2 4 2 1 3 1 2 1 
9.1e+04 ; 2.911e-18 ; True ; 45 66 81 83 94 108 115 125 143 157 202 240 338 387  ; 2 1 2 1 1 2 4 2 2 4 2 1 3 1 1 1 
9.1e+04 ; 4.231e-18 ; True ; 94 103 125 126 166 182 192 222 260 275 279 300 321 383  ; 2 1 2 1 2 1 4 2 2 5 2 1 2 1 1 2 
1.15e+05 ; 5.916e-18 ; True ; 6 16 49 66 94 134 142 164 207 216 275 304 307 329 346 388  ; 3 1 3 1 1 2 4 2 1 4 2 1 3 1 1 2 
1.16e+05 ; 1.174e-17 ; True ; 2 25 45 66 80 92 95 186 218 242 275 300 303 341 376 383  ; 2 1 3 2 2 1 3 1 3 6 2 1 3 1 1 2 
1.52e+05 ; 1.335e-17 ; True ; 38 72 80 124 150 165 195 196 242 271 279 316 327 340 341 360 376 388  ; 3 1 3 3 1 2 4 2 1 10 1 1 4 1 1 2 
1.52e+05 ; 1.955e-17 ; True ; 3 6 38 45 49 66 79 99 125 275 300 307 309 343 349 353 372 388  ; 1 1 4 3 1 1 3 3 2 6 1 1 3 1 4 2 
1.66e+05 ; 2.395e-17 ; True ; 5 10 12 23 38 61 95 107 191 227 242 247 269 300 316 338 347 353 395  ; 2 2 3 2 1 2 3 1 2 7 2 1 3 1 1 3 
1.68e+05 ; 2.664e-17 ; True ; 26 38 60 66 74 81 143 148 176 210 269 284 316 326 369 372 376 380 383  ; 4 1 3 1 2 1 5 2 2 6 3 1 2 1 3 1 
1.68e+05 ; 3.097e-17 ; True ; 38 80 83 94 117 123 150 151 152 221 256 260 272 305 316 324 335 340 360  ; 2 2 2 1 2 2 6 2 2 8 2 1 3 1 2 1 
1.71e+05 ; 3.309e-17 ; True ; 13 38 49 66 98 107 159 207 216 226 275 276 289 298 338 349 380 383 391  ; 1 2 4 2 2 1 5 2 1 7 1 1 4 2 4 1 
1.86e+05 ; 4.979e-17 ; True ; 54 94 103 112 117 140 148 159 179 213 218 221 240 244 269 272 284 340 341 383  ; 3 1 2 3 2 3 7 2 1 6 3 1 2 1 1 2 
1.88e+05 ; 5.072e-17 ; True ; 38 66 93 94 97 117 125 149 183 197 233 255 260 267 284 300 316 337 344 360  ; 4 1 4 2 2 1 7 2 2 6 2 1 3 1 2 1 
1.88e+05 ; 6.106e-17 ; True ; 84 130 143 153 175 191 206 241 252 260 269 272 307 312 316 337 338 346 383 391  ; 4 2 2 3 2 1 4 3 1 4 1 1 2 1 3 3 
1.9e+05 ; 6.224e-17 ; True ; 72 86 92 95 103 125 135 148 161 183 240 271 275 279 287 300 326 341 366 380  ; 1 1 2 2 1 2 5 2 3 7 3 2 3 1 2 2 
2.03e+05 ; 6.262e-17 ; True ; 5 38 83 94 117 123 150 151 152 190 256 260 272 288 295 305 316 324 335 340 363  ; 3 1 2 1 2 2 6 3 2 9 2 1 3 1 2 2 
2.08e+05 ; 7.437e-17 ; True ; 38 42 59 74 81 94 107 119 148 154 155 192 234 277 284 286 288 316 383 388 391  ; 4 2 3 1 1 3 3 3 1 6 2 1 2 1 4 2 
2.08e+05 ; 1.138e-16 ; True ; 36 53 58 66 72 83 89 126 155 183 192 273 289 303 341 344 349 353 376 380 383  ; 3 1 4 2 2 1 4 3 2 8 2 1 4 1 4 1 
2.24e+05 ; 2.033e-16 ; True ; 0 5 27 60 66 79 81 108 144 155 159 160 189 191 210 215 216 221 271 307 316 341  ; 4 2 2 1 2 2 5 3 2 6 2 2 3 1 3 1 
2.26e+05 ; 2.341e-16 ; True ; 6 30 34 38 66 68 75 79 83 92 94 218 240 272 315 316 339 351 362 373 383 390  ; 3 1 4 2 2 2 7 3 2 8 3 1 2 1 2 2 
2.26e+05 ; 3.677e-16 ; True ; 25 83 92 94 160 192 205 222 230 240 246 247 248 257 269 275 300 338 356 368 376 391  ; 3 2 2 1 2 3 4 1 4 4 3 1 3 1 4 3 
2.71e+05 ; 5.613e-16 ; True ; 12 30 83 92 94 192 222 230 240 246 247 248 255 257 269 275 291 297 300 338 356 368 376 391  ; 3 2 2 1 2 3 7 2 3 5 3 1 3 1 3 3 
2.72e+05 ; 6.624e-16 ; True ; 2 11 14 21 38 75 79 94 142 183 191 216 240 247 269 270 303 316 340 345 366 383 384 391  ; 2 1 4 1 2 2 7 5 3 9 4 1 3 1 4 2 
3.15e+05 ; 7.471e-16 ; True ; 6 34 38 49 66 94 97 103 129 169 170 188 212 226 230 242 246 267 272 300 301 316 321 328 363 367  ; 4 1 5 2 1 3 10 4 3 11 1 2 2 2 2 2 
3.15e+05 ; 1.712e-15 ; True ; 12 29 30 38 83 92 94 192 222 238 246 247 255 257 269 272 275 291 297 300 338 359 363 368 376 391  ; 4 2 4 1 1 2 8 4 3 6 3 2 3 1 3 3 
3.49e+05 ; 1.738e-15 ; True ; 38 53 79 94 103 108 118 150 184 204 262 269 275 292 304 307 308 316 326 338 343 349 358 363 376 383 386  ; 5 4 2 3 2 1 3 3 1 8 2 1 5 2 7 2 
3.65e+05 ; 2.102e-15 ; True ; 0 4 21 38 53 54 81 94 117 141 150 159 164 167 190 192 212 213 260 269 275 300 307 312 332 363 380 382  ; 6 2 4 2 1 2 4 3 2 9 2 2 3 1 5 3 
3.71e+05 ; 2.854e-15 ; True ; 13 23 33 59 64 94 97 129 150 152 205 239 257 260 269 272 287 300 302 308 316 318 334 340 341 349 357 363  ; 4 2 2 2 2 2 7 4 2 9 2 2 4 1 4 3 
3.99e+05 ; 2.889e-15 ; True ; 5 38 53 59 66 82 94 106 122 161 184 192 198 215 235 252 269 286 290 300 303 304 305 347 362 366 383 384 390  ; 6 2 4 3 3 2 4 4 5 10 1 1 2 2 2 2 
4.27e+05 ; 2.926e-15 ; True ; 3 50 62 68 76 81 94 103 108 127 137 144 159 206 214 215 221 236 246 253 267 300 321 325 328 338 341 347 383 391  ; 3 2 3 1 2 2 8 4 3 8 3 2 4 3 3 1 
4.3e+05 ; 3.795e-15 ; True ; 1 7 9 38 56 66 72 81 83 97 101 125 126 129 144 150 152 159 168 184 221 226 235 247 284 316 341 366 370 383  ; 4 2 5 1 1 3 7 6 3 11 3 2 4 2 3 1 
4.33e+05 ; 3.946e-15 ; True ; 6 38 41 49 51 80 81 85 92 94 111 116 138 169 192 241 244 305 314 316 337 338 341 343 344 347 376 379 383 395  ; 5 2 5 2 4 1 9 4 3 8 2 1 4 1 2 4 
4.91e+05 ; 4.904e-15 ; True ; 38 57 64 83 92 125 127 156 189 192 198 204 235 257 269 275 279 292 293 305 306 327 331 333 338 340 347 349 363 376 385 392  ; 4 2 5 3 3 2 4 6 2 11 1 1 4 1 4 4 
4.95e+05 ; 5.576e-15 ; True ; 66 72 81 108 113 114 136 141 155 159 189 192 206 224 226 249 256 269 280 293 300 305 310 316 338 341 359 367 371 379 385 388  ; 4 2 3 3 2 2 6 5 1 6 2 3 6 1 5 2 

RUN 2:
Optimum Distance: 0

Optimal Team: 
Required Skills: 6 8 9 11 13 23 26 30 31 34 42 43 47 49 50 55 
Distance; Skill Score; isValid; Team; Skill Counts
6.4e+04 ; 3.389e-20 ; True ; 6 23 59 103 143 152 161 191 196 214 269 300  ; 1 1 2 1 1 1 2 1 2 2 1 1 1 1 1 1 
6.6e+04 ; 9.577e-20 ; True ; 52 53 118 165 191 192 224 261 300 368 383 391  ; 1 1 1 1 1 1 2 1 2 2 1 1 2 1 3 1 
7.5e+04 ; 1.24e-19 ; True ; 59 81 93 94 103 191 192 260 268 275 330 337 366  ; 2 2 1 2 1 2 4 1 1 1 1 1 1 1 1 1 
7.6e+04 ; 4.046e-19 ; True ; 26 49 86 94 137 191 214 275 283 300 321 329 391  ; 2 1 1 1 1 2 3 2 1 3 2 1 1 1 2 1 
7.7e+04 ; 2.457e-18 ; True ; 49 72 92 94 104 138 152 190 197 242 316 383 391  ; 2 1 2 1 3 2 4 1 2 5 1 1 1 1 3 1 
1.05e+05 ; 4.524e-18 ; True ; 35 94 95 108 125 150 183 216 257 316 339 341 362 369 383  ; 4 1 1 1 1 1 5 3 2 5 3 1 4 1 1 1 
1.19e+05 ; 5.166e-18 ; True ; 5 39 66 79 81 97 112 191 192 215 271 275 308 313 341 373  ; 2 1 3 1 1 1 6 1 1 5 2 1 2 1 4 3 
1.2e+05 ; 9.813e-18 ; True ; 38 41 97 148 192 204 249 256 266 267 275 295 353 368 383 391  ; 2 1 1 2 1 1 3 2 2 5 2 1 2 1 4 3 
1.35e+05 ; 1.278e-17 ; True ; 12 25 38 54 94 143 168 184 192 198 204 257 262 338 339 383 391  ; 6 1 2 1 1 1 4 3 2 4 2 1 2 1 4 1 
1.35e+05 ; 1.673e-17 ; True ; 39 49 52 72 92 94 104 143 152 190 197 218 242 250 316 383 391  ; 3 1 2 2 3 2 6 1 1 6 2 1 1 1 3 2 
1.35e+05 ; 2.497e-17 ; True ; 38 42 49 66 78 247 255 275 299 300 304 306 307 340 341 387 388  ; 4 1 2 3 1 1 7 4 1 6 2 1 4 1 1 2 
1.36e+05 ; 5.671e-17 ; True ; 38 42 49 56 66 78 255 275 300 304 306 307 340 341 387 388 391  ; 4 1 2 3 1 1 6 5 1 7 1 1 4 2 2 2 
1.53e+05 ; 6.98e-17 ; True ; 66 70 94 184 192 202 206 251 255 300 334 338 341 357 367 376 383 391  ; 5 1 2 2 2 1 5 4 2 5 2 1 2 2 2 1 
1.7e+05 ; 1.733e-16 ; True ; 38 41 53 81 94 97 175 192 234 249 267 275 279 295 309 353 368 383 391  ; 3 2 2 3 1 1 6 3 2 4 2 1 2 1 5 3 
2.28e+05 ; 2.121e-16 ; True ; 2 8 49 54 76 89 94 97 140 141 150 191 221 240 278 288 300 329 338 340 371 391  ; 3 2 3 1 2 2 6 2 1 5 2 1 3 2 4 2 
2.28e+05 ; 3.645e-16 ; True ; 38 41 53 66 81 97 143 148 154 175 192 197 199 234 267 275 279 295 309 353 383 391  ; 3 2 3 2 2 1 5 3 2 7 1 1 2 2 5 3 
2.7e+05 ; 4.061e-16 ; True ; 30 38 81 88 94 95 156 163 166 176 181 188 191 226 260 269 275 314 326 338 347 383 384 391  ; 3 2 4 1 2 2 7 6 1 5 3 1 3 2 3 1 
2.93e+05 ; 6.219e-16 ; True ; 5 54 73 81 94 189 197 230 267 269 273 275 289 301 305 307 308 316 323 339 349 363 376 388 391  ; 2 2 3 3 4 3 2 5 2 10 1 1 3 1 3 2 
2.99e+05 ; 9.874e-16 ; True ; 38 85 94 103 106 150 162 163 171 182 191 192 214 255 256 300 301 306 315 316 349 374 383 387 395  ; 5 1 2 3 1 2 7 4 2 7 3 1 2 2 3 4 
3.49e+05 ; 1.128e-15 ; True ; 25 49 72 82 97 103 116 133 143 159 161 170 207 219 260 275 276 300 301 330 341 344 347 356 376 381 383  ; 5 1 3 2 4 1 9 2 4 8 2 2 3 2 3 1 
3.51e+05 ; 1.636e-15 ; True ; 5 78 139 150 158 173 175 184 191 206 224 251 255 266 269 300 316 321 329 334 338 341 357 367 376 383 391  ; 3 2 3 3 2 1 4 3 3 9 2 1 6 2 3 2 
3.73e+05 ; 2.796e-15 ; True ; 38 85 94 103 106 113 136 150 162 163 171 191 192 214 247 255 256 269 300 301 315 316 329 335 349 374 383 395  ; 5 1 2 3 1 2 6 4 2 7 4 1 3 2 4 5 
4.04e+05 ; 3.422e-15 ; True ; 5 19 43 62 66 81 88 98 120 139 163 173 184 191 206 235 255 269 300 316 334 335 338 341 357 376 383 387 391  ; 4 2 4 4 2 2 5 4 3 7 1 2 4 2 3 1 
4.59e+05 ; 5.834e-15 ; True ; 19 27 49 58 60 66 86 92 94 97 103 108 115 140 141 156 184 190 215 241 253 262 275 297 300 319 335 338 341 345 383  ; 3 2 4 2 3 1 9 4 3 10 3 1 5 2 4 2 
4.63e+05 ; 2.747e-14 ; True ; 81 92 94 103 108 158 159 183 189 192 197 204 221 230 234 235 242 267 269 296 314 315 316 317 341 362 368 372 383 386 395  ; 5 2 3 2 3 5 4 3 3 6 3 2 4 1 3 5 

RUN 3:
Optimum Distance: 0

Optimal Team: 
Required Skills: 6 8 9 11 13 23 26 30 31 34 42 43 47 49 50 55 
Distance; Skill Score; isValid; Team; Skill Counts
4.5e+04 ; 1.298e-19 ; True ; 38 49 50 65 66 72 83 315 338 380  ; 1 1 2 1 1 1 3 1 1 5 1 1 2 1 2 1 
5.4e+04 ; 1.663e-19 ; True ; 38 66 72 142 143 183 197 221 268 340 388  ; 2 1 2 1 1 1 3 3 1 4 1 1 1 1 1 1 
5.5e+04 ; 5.146e-19 ; True ; 38 49 50 66 81 83 144 315 318 338 380  ; 2 1 2 1 1 1 2 2 1 5 1 1 3 1 2 1 
6.5e+04 ; 5.977e-19 ; True ; 14 66 72 138 216 269 316 376 383 385 388 389  ; 1 1 2 1 2 1 4 2 2 5 1 2 1 1 1 1 
7.8e+04 ; 7.502e-19 ; True ; 14 66 72 184 189 216 237 269 316 376 378 383 388  ; 1 1 2 2 3 1 3 2 1 5 1 2 1 1 1 1 
7.8e+04 ; 1.144e-18 ; True ; 3 38 46 49 66 72 142 143 183 221 340 376 388  ; 2 1 3 1 2 1 4 3 1 5 1 1 1 1 2 1 
8.9e+04 ; 1.188e-18 ; True ; 38 66 94 96 153 185 198 216 239 257 269 305 316 347  ; 3 1 2 1 1 1 4 1 1 5 1 1 2 2 3 1 
8.9e+04 ; 2.558e-18 ; True ; 38 66 94 153 216 239 240 269 338 339 372 375 376 388  ; 3 1 3 1 2 2 5 1 1 5 1 1 2 1 2 1 
9e+04 ; 2.574e-18 ; True ; 66 84 161 191 211 257 269 272 275 301 310 341 383 386  ; 4 1 2 2 1 1 3 2 3 6 1 1 2 1 1 1 
9.1e+04 ; 5.277e-18 ; True ; 14 66 72 138 140 184 189 216 237 269 316 341 383 388  ; 2 1 1 2 2 1 5 2 2 7 2 2 2 1 1 1 
1.03e+05 ; 1.318e-17 ; True ; 38 66 94 153 185 216 239 269 275 279 316 347 372 376 388  ; 2 2 3 2 1 2 4 1 1 5 1 1 3 2 3 1 
1.18e+05 ; 1.879e-17 ; True ; 38 66 94 105 133 153 185 216 240 269 279 316 372 376 388 394  ; 2 1 3 2 2 2 5 2 2 5 1 1 2 1 3 1 
1.51e+05 ; 2.066e-17 ; True ; 5 37 82 94 97 112 143 214 215 300 303 312 316 341 362 365 383 391  ; 5 1 1 1 2 1 8 2 3 7 3 1 3 1 2 1 
1.67e+05 ; 2.817e-17 ; True ; 38 65 66 79 94 110 153 185 216 239 269 275 279 316 318 347 348 372 376  ; 2 2 3 2 1 1 4 1 1 7 2 1 5 2 4 1 
1.69e+05 ; 3.349e-17 ; True ; 3 23 38 40 49 53 78 92 94 106 165 271 289 293 300 308 383 390 391  ; 2 1 3 3 3 1 5 2 2 6 1 1 2 1 5 1 
1.71e+05 ; 3.4e-17 ; True ; 38 59 94 102 103 129 177 183 189 192 205 230 275 286 300 316 349 355 372  ; 4 3 4 1 1 2 3 2 2 4 1 1 3 1 3 1 
1.85e+05 ; 7.053e-17 ; True ; 17 34 38 49 91 94 107 150 207 223 258 269 272 295 333 338 341 349 350 376  ; 3 1 3 3 2 1 8 2 1 3 2 1 4 1 2 3 
1.86e+05 ; 9.865e-17 ; True ; 5 49 59 84 94 95 181 202 207 240 246 248 266 269 287 300 307 341 353 391  ; 3 1 2 3 2 2 8 2 2 6 3 1 3 1 1 2 
1.89e+05 ; 1.052e-16 ; True ; 38 70 92 94 97 172 174 181 191 193 197 229 257 290 300 329 337 338 347 383  ; 3 1 5 1 2 2 4 2 3 5 2 1 2 1 3 2 
2.25e+05 ; 1.463e-16 ; True ; 38 66 79 94 108 116 186 233 234 242 272 289 290 315 316 334 335 344 353 361 366 383  ; 4 1 5 2 1 2 5 4 2 8 2 1 3 1 3 1 
2.27e+05 ; 1.593e-16 ; True ; 14 33 38 42 49 68 81 86 94 128 148 150 170 175 192 206 217 267 275 308 341 358  ; 6 1 2 3 1 2 6 3 1 5 4 1 3 1 5 1 
2.28e+05 ; 1.962e-16 ; True ; 38 59 66 79 94 108 129 149 186 210 233 242 289 300 315 316 334 335 344 361 366 383  ; 5 2 4 1 1 2 4 4 3 8 2 1 3 1 3 1 
2.3e+05 ; 2.179e-16 ; True ; 38 49 81 92 97 136 172 174 181 191 193 215 229 257 275 286 290 300 329 340 347 383  ; 2 1 6 1 3 1 6 4 3 7 1 2 2 1 3 3 
2.46e+05 ; 2.662e-16 ; True ; 4 38 92 97 170 172 191 193 212 229 234 240 257 264 275 287 290 300 329 337 338 347 383  ; 3 2 5 1 2 2 6 2 4 9 1 1 3 1 3 2 
2.7e+05 ; 2.98e-16 ; True ; 1 38 39 74 92 94 101 143 144 179 182 191 268 296 300 316 340 345 349 374 376 377 379 391  ; 4 1 4 2 1 2 7 3 1 7 3 1 4 1 3 3 
2.73e+05 ; 3.611e-16 ; True ; 4 14 30 49 60 66 83 108 192 204 216 228 253 255 257 262 269 275 319 353 358 383 389 391  ; 3 1 2 3 2 1 7 3 3 9 1 2 2 2 4 2 
2.93e+05 ; 5.396e-16 ; True ; 38 92 93 97 169 170 172 193 196 212 214 229 234 240 242 257 275 287 290 300 337 338 347 380 383  ; 4 2 4 1 2 2 7 3 4 8 1 1 4 1 3 2 
2.97e+05 ; 8.855e-16 ; True ; 16 38 49 54 79 94 97 135 150 162 165 184 226 242 273 300 306 316 321 324 333 345 355 363 383  ; 3 1 2 3 2 2 9 6 2 6 2 1 4 1 3 3 
2.99e+05 ; 9.092e-16 ; True ; 16 30 38 49 54 79 94 132 135 150 162 165 184 191 226 242 255 289 300 316 317 321 333 345 383  ; 4 1 4 3 2 3 7 5 2 6 2 1 2 1 3 2 
3.2e+05 ; 1.002e-15 ; True ; 20 28 49 58 83 94 96 103 124 180 183 197 207 224 242 269 272 300 309 338 353 356 363 368 376 391  ; 2 1 2 3 3 3 7 2 2 7 2 2 4 2 2 2 
3.46e+05 ; 1.015e-15 ; True ; 34 71 79 80 92 125 150 180 182 185 242 248 269 275 279 300 305 315 328 338 341 346 364 369 383 385 389  ; 4 2 3 2 2 1 6 2 3 11 3 1 5 1 2 4 
3.72e+05 ; 1.337e-15 ; True ; 38 44 49 81 91 97 107 130 142 179 191 212 238 249 275 283 310 329 341 349 351 364 368 371 374 383 390 391  ; 6 1 4 3 2 1 8 2 3 8 3 1 4 1 5 2 
3.74e+05 ; 1.692e-15 ; True ; 49 53 66 77 78 83 94 101 107 108 110 147 182 186 189 202 203 204 212 235 241 269 281 328 349 369 380 383  ; 3 1 3 4 3 3 8 2 3 7 3 1 3 1 3 2 
3.74e+05 ; 1.766e-15 ; True ; 43 57 66 78 79 85 94 102 107 110 148 150 166 173 216 233 242 249 257 267 269 279 284 289 316 367 383 386  ; 3 1 2 3 1 3 6 6 3 6 3 1 4 2 2 3 
3.75e+05 ; 3.496e-15 ; True ; 38 54 72 81 86 94 95 118 148 150 153 158 165 174 177 187 192 214 215 260 275 300 301 323 330 341 356 383  ; 5 1 4 2 3 2 9 4 2 9 3 3 3 1 5 1 
4.25e+05 ; 4.013e-15 ; True ; 3 38 41 45 48 49 59 81 82 83 91 103 170 173 183 191 233 236 272 303 311 316 317 326 329 341 345 371 383 387  ; 6 2 4 2 2 2 7 5 2 6 2 2 5 1 5 1 
4.29e+05 ; 4.845e-15 ; True ; 6 17 43 49 57 61 66 78 79 81 92 93 94 102 115 150 166 173 216 223 233 236 242 249 269 310 316 367 383 386  ; 4 1 5 3 2 2 7 6 3 6 2 2 3 2 2 2 
4.31e+05 ; 9.753e-15 ; True ; 41 49 53 79 81 83 103 135 136 193 196 206 242 271 275 276 282 284 290 300 329 341 356 363 368 376 377 380 383 395  ; 3 2 2 3 3 2 6 4 3 7 6 2 3 1 4 2 

RUN 4:
Optimum Distance: 0

Optimal Team: 
Required Skills: 6 8 9 11 13 23 26 30 31 34 42 43 47 49 50 55 
Distance; Skill Score; isValid; Team; Skill Counts
6.2e+04 ; 2.029e-19 ; True ; 81 148 153 161 191 197 210 218 269 316 341 391  ; 2 1 1 2 1 2 1 1 1 4 1 1 2 1 2 1 
6.5e+04 ; 1.768e-18 ; True ; 5 38 58 72 94 103 189 192 275 279 340 391  ; 3 1 1 1 1 1 4 1 1 5 1 1 3 2 3 2 
9e+04 ; 2.242e-18 ; True ; 34 35 46 66 94 112 170 191 192 204 278 301 338 383  ; 3 1 3 1 1 2 4 2 1 5 1 1 2 1 1 2 
9.1e+04 ; 2.528e-18 ; True ; 23 38 81 85 94 134 147 153 218 257 300 338 359 391  ; 3 1 1 1 1 1 2 3 2 3 1 2 3 1 3 1 
1.02e+05 ; 2.761e-18 ; True ; 23 35 38 49 59 81 94 100 199 226 246 248 341 366 391  ; 3 1 1 1 2 1 6 2 1 5 2 1 3 1 2 1 
1.03e+05 ; 7.177e-18 ; True ; 14 30 33 49 66 72 79 94 164 307 316 330 357 372 383  ; 3 1 2 1 2 1 5 3 2 5 3 1 1 1 2 1 
1.18e+05 ; 7.196e-18 ; True ; 5 14 49 53 66 81 83 97 99 133 147 181 316 339 347 349  ; 2 2 2 2 1 1 3 2 3 4 1 1 1 2 3 1 
1.18e+05 ; 1.377e-17 ; True ; 16 38 49 58 70 83 94 124 126 143 213 257 272 275 329 391  ; 3 1 2 1 1 2 6 1 2 4 3 1 3 1 4 1 
1.19e+05 ; 1.856e-17 ; True ; 23 38 81 94 135 147 207 218 257 268 300 329 335 338 359 391  ; 3 1 2 2 1 1 2 4 2 2 2 2 3 1 3 1 
1.33e+05 ; 2.114e-17 ; True ; 7 38 49 54 79 94 97 113 118 284 287 300 315 316 321 347 363  ; 3 1 2 1 1 2 5 1 1 6 3 1 3 1 4 3 
1.34e+05 ; 4.042e-17 ; True ; 5 38 41 49 92 94 97 103 204 248 269 287 316 329 349 364 368  ; 2 1 2 3 1 2 6 1 1 4 3 1 3 1 4 3 
1.5e+05 ; 4.371e-17 ; True ; 5 11 14 38 41 92 94 97 103 204 269 287 305 316 349 364 368 385  ; 3 1 3 2 1 2 6 1 1 6 3 1 2 1 4 3 
1.67e+05 ; 5.633e-17 ; True ; 35 49 66 83 89 94 104 108 113 121 143 182 194 257 272 275 378 387 395  ; 3 1 2 2 1 2 7 2 2 4 3 1 3 1 2 2 
1.86e+05 ; 7.354e-17 ; True ; 19 28 33 81 92 94 103 150 173 176 201 205 269 272 284 338 341 356 376 383  ; 3 1 3 1 2 1 5 2 1 4 3 2 3 2 2 2 
1.87e+05 ; 8.552e-17 ; True ; 5 38 58 72 94 103 129 165 182 189 192 275 279 289 299 333 340 368 371 391  ; 3 1 4 2 1 1 7 2 1 6 3 1 3 2 3 2 
1.88e+05 ; 1.363e-16 ; True ; 38 42 94 103 125 139 156 159 161 192 216 229 236 247 274 338 361 376 383 391  ; 3 1 4 1 2 2 4 2 2 6 3 1 3 2 3 1 
2.28e+05 ; 1.399e-16 ; True ; 3 10 38 49 59 66 83 94 95 96 116 180 212 236 238 262 279 300 307 338 356 357  ; 3 2 4 2 1 2 6 3 3 4 2 1 2 1 3 1 
2.3e+05 ; 1.403e-16 ; True ; 26 38 48 53 116 190 191 197 199 216 221 225 230 236 293 295 300 301 341 383 387 391  ; 3 2 4 2 2 2 5 2 2 6 1 2 2 1 3 1 
2.46e+05 ; 1.926e-16 ; True ; 38 56 94 102 150 156 196 197 216 227 242 254 269 275 287 310 319 325 329 331 338 347 383  ; 4 2 2 1 2 3 4 3 1 9 3 1 4 2 2 1 
2.48e+05 ; 2.293e-16 ; True ; 49 66 94 105 112 117 141 143 145 200 204 241 267 269 275 277 300 317 331 340 380 388 391  ; 2 1 3 3 1 2 5 2 2 9 3 2 1 2 4 2 
2.49e+05 ; 4.332e-16 ; True ; 38 42 65 81 94 103 156 159 161 192 198 216 229 236 245 247 267 338 360 376 377 383 391  ; 4 1 4 1 2 2 3 3 3 7 3 2 2 2 3 1 
2.52e+05 ; 4.337e-16 ; True ; 38 66 97 191 201 204 215 228 235 256 272 279 284 307 314 316 322 340 382 383 385 387 388  ; 2 1 4 2 2 3 6 4 1 9 2 2 3 1 2 3 
2.52e+05 ; 6.836e-16 ; True ; 38 49 72 81 95 156 159 161 168 177 235 275 300 305 306 317 321 338 340 346 347 368 385  ; 2 2 2 1 2 2 6 4 2 7 3 3 3 1 2 3 
2.95e+05 ; 7.542e-16 ; True ; 17 30 59 64 66 81 83 94 124 178 181 186 228 272 279 283 308 316 341 345 353 368 376 383 384  ; 3 2 4 3 2 2 6 5 3 8 3 2 2 1 1 1 
2.96e+05 ; 1.223e-15 ; True ; 81 94 97 133 142 144 159 162 189 193 228 249 273 275 319 328 329 338 341 342 346 353 374 383 391  ; 4 2 2 2 2 2 6 3 3 8 3 1 4 1 3 2 
3.46e+05 ; 1.595e-15 ; True ; 7 35 43 66 78 94 104 160 162 165 166 181 216 218 227 249 278 300 316 328 341 355 371 376 383 391 395  ; 3 1 5 3 2 1 8 2 3 8 2 2 4 2 3 2 
3.47e+05 ; 1.841e-15 ; True ; 59 68 72 86 103 142 144 159 162 165 191 202 218 238 269 272 275 288 298 307 341 343 347 376 383 387 391  ; 3 2 3 4 2 2 5 5 2 6 2 2 2 3 1 2 
4e+05 ; 2.052e-15 ; True ; 5 59 62 94 95 104 125 126 144 191 195 199 242 268 269 272 275 286 304 305 316 329 350 356 359 367 372 376 391  ; 4 3 5 2 2 3 6 3 2 9 3 1 3 1 4 1 
4.01e+05 ; 2.449e-15 ; True ; 51 63 68 72 86 103 142 144 159 165 173 177 190 191 230 238 257 269 272 275 298 307 341 343 347 376 383 387 391  ; 2 1 5 3 2 3 5 5 3 7 2 2 3 3 1 2 
4.02e+05 ; 3.426e-15 ; True ; 38 66 85 108 143 150 160 165 186 191 212 216 218 234 250 252 253 257 260 316 318 325 329 336 338 376 377 388 395  ; 2 2 5 3 2 2 6 3 3 7 2 1 5 2 3 2 
4.57e+05 ; 6.243e-15 ; True ; 21 31 59 66 74 83 92 94 95 128 129 134 142 175 186 202 213 215 224 225 269 278 279 300 338 339 340 353 365 380 383  ; 2 2 4 4 2 2 8 4 4 9 3 1 4 1 3 3 

RUN 5:
Optimum Distance: 0

Optimal Team: 
Required Skills: 6 8 9 11 13 23 26 30 31 34 42 43 47 49 50 55 
Distance; Skill Score; isValid; Team; Skill Counts
5.4e+04 ; 7.039e-20 ; True ; 42 66 72 103 108 143 159 276 315 316 383  ; 1 1 1 1 1 1 3 1 1 5 1 1 2 2 1 1 
5.4e+04 ; 1.597e-19 ; True ; 79 94 98 103 149 191 216 269 275 383 386  ; 2 1 1 1 1 2 2 2 1 3 2 1 1 1 1 1 
5.5e+04 ; 4.695e-19 ; True ; 38 72 83 94 169 206 222 307 338 376 391  ; 2 1 2 1 1 2 4 1 1 3 1 1 2 1 2 1 
6.6e+04 ; 8.964e-19 ; True ; 35 72 79 125 191 215 338 341 362 383 391 393  ; 1 1 2 1 2 1 4 1 1 6 2 1 3 1 2 1 
7.7e+04 ; 2.539e-18 ; True ; 35 72 79 94 98 109 125 191 215 269 338 383 391  ; 1 1 2 1 2 2 5 1 1 5 2 1 2 1 2 2 
1.04e+05 ; 3.43e-18 ; True ; 35 66 72 79 93 94 98 109 125 149 191 269 338 383 386  ; 2 1 3 1 1 2 5 2 1 5 2 1 2 1 1 2 
1.14e+05 ; 5.366e-18 ; True ; 0 14 66 94 97 100 142 161 166 206 216 272 303 316 378 383  ; 3 1 1 1 1 1 5 2 3 6 2 2 2 1 2 1 
1.18e+05 ; 7.591e-18 ; True ; 2 23 38 49 61 71 94 191 204 264 275 280 300 307 367 391  ; 2 1 3 1 2 2 6 2 1 6 1 2 2 1 2 1 
1.33e+05 ; 8.121e-18 ; True ; 28 38 76 80 81 94 103 242 269 277 299 316 340 353 355 363 376  ; 3 1 2 2 1 2 6 3 1 7 1 1 3 1 1 2 
1.35e+05 ; 1.163e-17 ; True ; 38 94 112 159 189 192 204 218 238 243 267 281 307 328 338 340 391  ; 3 1 4 1 1 2 4 2 1 5 1 1 2 1 3 3 
1.35e+05 ; 2.031e-17 ; True ; 30 38 53 81 94 126 235 239 269 284 295 300 343 347 369 383 391  ; 3 1 2 1 1 2 2 3 2 4 2 2 1 2 2 2 
1.51e+05 ; 2.058e-17 ; True ; 34 38 41 95 97 103 117 143 148 240 241 249 300 316 321 347 365 366  ; 2 1 2 2 1 1 6 2 2 7 2 1 2 2 2 2 
1.52e+05 ; 3.148e-17 ; True ; 38 49 55 69 72 94 112 155 215 241 252 260 267 307 338 340 380 391  ; 2 1 3 1 3 1 7 3 1 7 2 1 2 1 4 2 
1.52e+05 ; 5.164e-17 ; True ; 8 14 17 38 43 49 65 66 83 94 100 191 204 275 284 321 387 391  ; 2 1 3 2 1 3 4 1 2 6 3 1 2 2 4 1 
1.7e+05 ; 6.137e-17 ; True ; 22 38 72 92 94 104 107 120 125 133 145 165 184 260 275 341 343 383 391  ; 3 1 3 2 2 1 6 1 2 10 2 1 4 1 3 2 
1.87e+05 ; 1.319e-16 ; True ; 2 38 49 61 71 94 95 145 159 191 204 221 264 275 280 300 307 367 383 391  ; 2 2 3 1 2 3 7 3 2 7 2 2 2 1 2 1 
2.08e+05 ; 2.388e-16 ; True ; 38 56 59 66 84 94 108 110 159 191 204 214 215 248 267 269 275 295 333 353 391  ; 3 2 3 2 1 3 4 3 1 6 1 1 5 2 3 2 
2.28e+05 ; 2.619e-16 ; True ; 14 56 79 103 109 179 189 235 238 242 265 269 300 307 312 316 322 341 372 376 380 383  ; 3 1 2 1 3 2 3 3 3 7 4 1 3 1 3 2 
2.52e+05 ; 2.884e-16 ; True ; 49 94 97 108 123 125 133 150 190 255 257 260 271 275 288 300 314 320 321 341 367 376 382  ; 4 1 3 2 3 1 9 2 3 7 2 1 5 1 2 2 
2.73e+05 ; 4.254e-16 ; True ; 6 14 79 103 109 150 162 179 189 238 242 265 269 275 300 307 316 322 341 372 378 380 383 389  ; 3 2 2 1 2 1 5 2 3 8 4 1 4 2 3 2 
2.75e+05 ; 4.689e-16 ; True ; 38 56 66 84 94 108 110 159 183 191 192 208 214 215 248 269 275 295 300 321 353 355 373 391  ; 4 1 3 2 1 3 6 3 1 8 1 1 5 2 4 4 
2.96e+05 ; 9.396e-16 ; True ; 14 47 88 94 104 108 117 124 150 155 160 182 184 192 197 240 259 272 275 316 321 328 330 383 388  ; 2 2 2 2 3 2 8 2 2 10 3 1 3 1 5 3 
3.23e+05 ; 1.304e-15 ; True ; 8 24 38 51 54 66 83 94 155 172 177 191 192 206 222 269 300 310 316 334 341 350 377 381 383 391  ; 5 1 6 2 1 3 6 2 3 9 2 1 3 2 4 2 
3.72e+05 ; 1.359e-15 ; True ; 6 10 14 63 73 79 103 150 189 203 238 242 262 265 269 275 287 300 307 316 318 322 341 356 378 380 383 389  ; 3 2 2 1 2 2 5 4 2 11 4 1 4 2 4 2 
3.73e+05 ; 3.567e-15 ; True ; 1 24 38 57 66 83 94 155 172 191 192 206 267 269 270 300 310 316 318 321 334 341 350 361 377 381 383 391  ; 5 1 4 2 1 3 7 3 4 11 2 1 4 2 4 3 
3.74e+05 ; 5.728e-15 ; True ; 38 41 57 66 83 94 155 172 190 192 206 207 267 269 300 301 310 316 321 334 341 350 360 361 371 377 383 391  ; 5 1 6 3 1 2 6 4 4 9 2 1 4 2 4 3 
4.6e+05 ; 8.545e-15 ; True ; 38 60 61 65 66 85 110 130 148 160 166 182 187 202 216 218 234 242 260 269 271 274 316 335 340 341 349 366 369 380 383  ; 6 1 4 4 2 2 7 7 3 8 3 1 4 1 3 3 

RUN 6:
Optimum Distance: 0

Optimal Team: 
Required Skills: 6 8 9 11 13 23 26 30 31 34 42 43 47 49 50 55 
Distance; Skill Score; isValid; Team; Skill Counts
4.5e+04 ; 1.771e-20 ; True ; 10 38 49 53 115 124 182 216 230 347  ; 1 1 1 1 1 1 4 1 1 3 1 1 1 1 1 1 
5.4e+04 ; 5.081e-20 ; True ; 32 35 81 94 146 225 268 316 381 383 391  ; 1 1 2 1 1 1 4 2 1 2 1 1 1 1 1 1 
5.4e+04 ; 2.84e-19 ; True ; 1 66 191 211 289 300 301 307 338 341 383  ; 1 1 3 1 1 1 2 2 2 6 1 1 2 1 1 1 
6.5e+04 ; 3.864e-19 ; True ; 1 66 191 211 236 300 301 307 334 338 341 383  ; 1 1 3 1 1 1 2 3 2 5 1 1 2 1 1 1 
7.6e+04 ; 6.083e-19 ; True ; 16 23 38 66 94 162 169 204 221 300 321 349 388  ; 2 1 2 1 1 2 5 1 1 4 1 2 1 1 2 1 
7.7e+04 ; 6.569e-19 ; True ; 1 59 81 94 107 150 211 236 301 334 338 341 383  ; 2 2 1 1 1 1 3 3 1 4 2 1 2 1 1 1 
7.7e+04 ; 1.546e-18 ; True ; 31 38 94 206 207 216 221 260 300 335 340 391 395  ; 2 1 2 1 1 1 5 2 1 2 1 2 2 1 2 2 
1.04e+05 ; 3.486e-18 ; True ; 31 38 94 98 101 103 207 216 221 259 267 300 340 349 383  ; 2 1 2 1 1 1 5 2 3 5 1 2 2 1 2 1 
1.04e+05 ; 4.615e-18 ; True ; 38 59 79 81 97 126 133 140 149 242 260 290 347 353 383  ; 3 1 3 1 2 1 4 3 2 5 1 1 1 1 3 1 
1.05e+05 ; 1.924e-17 ; True ; 14 167 192 204 206 230 290 300 316 329 341 367 376 383 391  ; 2 1 2 1 2 1 3 2 2 5 3 2 2 1 4 1 
1.36e+05 ; 2.099e-17 ; True ; 38 42 76 83 126 136 170 206 221 255 263 269 272 341 383 388 391  ; 5 1 2 3 1 2 6 2 2 4 1 1 3 1 2 1 
1.5e+05 ; 4.309e-17 ; True ; 3 66 78 81 92 163 191 202 221 260 264 267 300 305 341 347 349 383  ; 2 1 3 1 3 1 5 3 3 6 1 2 2 2 2 1 
1.87e+05 ; 4.748e-17 ; True ; 3 66 78 81 92 149 163 184 191 221 256 260 264 267 295 300 347 349 368 383  ; 1 1 3 2 2 1 4 3 3 4 2 2 1 2 2 2 
1.88e+05 ; 7.775e-17 ; True ; 42 57 92 105 125 135 150 162 170 182 191 204 234 275 290 300 341 383 388 391  ; 2 1 5 1 1 2 4 3 2 6 2 2 3 2 1 2 
1.88e+05 ; 9.262e-17 ; True ; 39 59 66 72 92 94 107 140 166 175 249 257 268 305 315 316 340 341 353 380  ; 3 2 2 3 1 1 4 3 1 9 3 1 2 1 2 5 
2.04e+05 ; 1.206e-16 ; True ; 34 66 92 94 108 114 156 193 216 225 230 240 269 272 274 298 316 338 355 362 383  ; 2 2 3 2 2 2 6 3 1 6 2 2 3 1 1 2 
2.07e+05 ; 2.139e-16 ; True ; 38 96 97 103 142 148 150 184 189 198 204 206 236 253 275 300 305 307 335 341 383  ; 3 1 2 2 3 1 4 3 3 6 1 2 3 2 2 2 
2.27e+05 ; 3.086e-16 ; True ; 33 45 57 94 156 192 198 206 212 238 275 279 283 300 341 345 347 349 353 360 383 388  ; 5 1 3 4 1 2 3 4 3 5 3 1 2 1 2 2 
2.29e+05 ; 4.157e-16 ; True ; 5 14 33 45 49 57 69 94 184 192 198 206 221 238 275 279 300 341 345 347 349 388  ; 4 2 2 5 1 2 5 3 2 4 3 1 2 1 3 2 
2.94e+05 ; 8.761e-16 ; True ; 49 53 59 79 94 136 138 144 150 166 173 212 215 216 221 235 236 269 271 272 316 356 376 380 395  ; 2 4 2 3 3 2 6 2 2 2 3 2 2 1 3 2 
3.2e+05 ; 1.159e-15 ; True ; 14 38 48 58 61 81 83 108 133 152 158 160 186 196 269 276 300 308 320 338 340 341 344 349 376 391  ; 4 1 4 3 1 1 5 2 4 4 2 2 6 1 7 2 
3.49e+05 ; 1.482e-15 ; True ; 8 60 65 66 83 84 94 108 127 137 143 185 200 204 205 206 221 242 260 269 275 285 288 300 306 316 383  ; 6 3 2 2 2 3 8 3 3 8 2 2 3 1 2 1 
3.76e+05 ; 1.796e-15 ; True ; 23 45 72 76 79 86 88 94 103 112 130 137 141 142 192 206 210 260 273 275 283 300 316 321 347 363 376 381  ; 5 2 4 1 3 1 5 2 2 9 2 2 4 2 3 3 
3.76e+05 ; 1.813e-15 ; True ; 14 17 49 58 78 81 83 92 94 102 109 110 130 184 190 192 197 206 227 231 242 264 266 290 300 325 338 391  ; 4 1 3 3 2 3 7 2 3 6 2 2 4 1 3 2 
4.02e+05 ; 2.283e-15 ; True ; 0 31 38 48 49 79 80 107 115 130 181 185 188 192 206 207 229 238 256 269 278 287 300 334 338 347 365 383 391  ; 5 1 4 3 2 1 4 2 4 7 2 1 4 2 5 3 
4.03e+05 ; 6.853e-15 ; True ; 0 14 17 49 58 78 81 83 92 94 102 103 130 184 190 192 197 206 216 217 231 242 264 290 300 338 344 360 391  ; 6 1 4 3 2 3 6 2 3 6 2 3 3 2 3 2 
4.62e+05 ; 6.941e-15 ; True ; 41 49 81 125 141 149 159 168 190 192 197 228 234 244 260 261 271 282 287 300 318 326 338 340 341 353 363 368 369 383 391  ; 3 1 4 3 4 2 6 7 2 9 2 2 5 1 4 2 
4.92e+05 ; 8.077e-15 ; True ; 14 17 23 35 49 58 78 81 92 94 103 115 130 184 190 192 197 216 217 231 236 242 264 288 290 300 321 338 344 360 366 391  ; 6 1 5 2 3 2 7 1 4 8 2 3 3 2 3 4 

RUN 7:
Optimum Distance: 0

Optimal Team: 
Required Skills: 6 8 9 11 13 23 26 30 31 34 42 43 47 49 50 55 
Distance; Skill Score; isValid; Team; Skill Counts
4.5e+04 ; 6.578e-21 ; True ; 39 86 94 204 229 316 353 372 376 391  ; 1 1 1 1 1 1 1 1 1 3 1 1 1 1 1 1 
5.4e+04 ; 2.193e-19 ; True ; 38 39 94 204 316 333 353 372 376 381 391  ; 2 1 3 1 1 1 2 1 1 3 1 1 2 1 2 1 
6.5e+04 ; 5.214e-19 ; True ; 66 82 92 94 160 197 199 279 300 316 380 383  ; 2 1 2 1 2 1 2 1 3 4 2 1 1 1 1 1 
6.5e+04 ; 5.922e-19 ; True ; 10 83 94 192 216 303 316 334 353 372 376 391  ; 2 1 1 1 1 2 2 2 2 3 1 1 2 1 2 1 
6.5e+04 ; 6.799e-19 ; True ; 10 45 72 83 94 192 316 353 363 372 376 391  ; 2 1 1 1 1 2 2 2 2 4 1 1 1 1 2 2 
7.6e+04 ; 9.103e-19 ; True ; 38 72 85 94 142 221 254 256 307 330 347 362 383  ; 2 1 2 1 1 1 4 2 2 3 2 1 1 1 1 2 
7.7e+04 ; 9.888e-19 ; True ; 66 82 92 94 160 197 199 274 279 300 316 380 383  ; 2 1 2 1 2 1 2 2 3 4 2 1 1 1 1 1 
7.8e+04 ; 1.282e-18 ; True ; 51 66 81 92 102 115 211 216 230 269 338 341 383  ; 1 1 2 1 1 1 3 3 2 4 1 2 2 1 1 2 
8.9e+04 ; 1.437e-18 ; True ; 10 77 94 123 192 216 242 300 303 316 334 353 376 391  ; 3 1 1 1 1 2 3 2 1 6 1 2 2 1 2 1 
8.9e+04 ; 2.3e-18 ; True ; 38 44 48 49 66 79 83 92 212 213 221 272 307 337  ; 3 1 3 2 1 1 3 1 2 3 1 1 1 1 3 2 
1.01e+05 ; 2.302e-18 ; True ; 8 66 82 92 94 117 148 160 197 272 300 316 348 380 383  ; 2 1 2 1 2 2 2 1 3 6 2 2 1 1 1 1 
1.02e+05 ; 6.867e-18 ; True ; 23 38 39 94 204 269 300 306 311 316 333 353 359 372 391  ; 3 1 1 2 1 1 3 3 2 4 1 2 2 1 2 2 
1.03e+05 ; 7.926e-18 ; True ; 38 39 94 204 215 242 245 269 300 316 317 333 353 359 391  ; 3 1 1 2 1 2 3 2 1 6 1 2 2 1 3 2 
1.2e+05 ; 3.243e-17 ; True ; 49 53 149 192 207 230 242 248 274 279 300 303 328 341 383 391  ; 3 1 2 2 2 2 4 3 2 6 1 1 4 1 2 1 
1.5e+05 ; 5.571e-17 ; True ; 7 38 81 83 94 97 103 149 171 194 269 275 294 297 341 342 366 383  ; 4 1 2 1 1 2 6 3 3 6 2 1 3 1 2 2 
1.7e+05 ; 5.776e-17 ; True ; 14 23 39 94 115 204 269 300 311 316 318 328 333 353 359 372 376 391 395  ; 2 1 2 2 2 1 3 2 3 5 2 2 2 1 2 3 
1.87e+05 ; 6.862e-17 ; True ; 35 49 59 66 72 94 138 143 210 212 225 228 247 257 316 328 340 380 388 395  ; 3 2 3 1 1 2 7 3 3 6 4 1 1 1 1 3 
1.88e+05 ; 7.993e-17 ; True ; 23 35 38 73 82 83 93 156 217 221 261 272 289 290 301 338 341 380 383 391  ; 3 2 3 1 2 1 5 2 2 7 3 1 4 1 3 1 
1.89e+05 ; 1.072e-16 ; True ; 23 66 72 81 94 151 173 186 192 193 202 252 256 267 287 337 338 340 376 380  ; 3 1 2 2 2 2 3 4 1 6 3 2 2 1 2 2 
2.07e+05 ; 1.138e-16 ; True ; 12 27 38 56 59 66 94 129 134 175 181 216 262 263 269 272 275 301 346 383 388  ; 3 2 4 2 1 2 6 3 1 8 1 2 3 1 2 2 
2.1e+05 ; 1.466e-16 ; True ; 14 35 49 53 68 117 150 174 191 192 207 213 216 257 260 264 287 318 329 376 383  ; 1 1 3 2 4 2 5 2 2 6 3 1 2 1 4 2 
2.27e+05 ; 2.057e-16 ; True ; 83 114 150 164 181 189 204 236 242 269 275 279 306 311 321 329 331 338 341 362 371 383  ; 4 2 4 3 2 2 3 2 2 7 2 1 3 1 1 2 
2.48e+05 ; 4.957e-16 ; True ; 0 5 32 38 86 134 152 172 175 182 192 260 269 290 300 307 316 329 338 341 345 347 388  ; 4 2 3 1 1 1 6 4 2 5 3 1 5 1 5 3 
2.72e+05 ; 5.542e-16 ; True ; 21 53 66 92 94 99 100 138 148 191 201 211 216 254 256 260 269 316 338 358 359 382 383 391  ; 2 3 5 1 2 3 3 3 2 6 2 1 3 2 2 2 
2.97e+05 ; 7.781e-16 ; True ; 6 29 38 39 59 83 108 142 162 184 187 240 242 259 269 300 337 341 347 353 359 368 382 388 391  ; 4 1 2 4 1 3 5 2 3 8 2 1 4 2 3 2 
3.2e+05 ; 7.816e-16 ; True ; 3 38 45 66 92 94 97 143 168 188 204 226 242 247 260 269 282 300 303 313 338 345 352 353 363 371  ; 4 1 4 2 1 2 7 4 1 9 3 2 3 1 3 4 
3.2e+05 ; 1.036e-15 ; True ; 38 66 72 90 94 97 136 163 166 191 193 202 211 247 254 256 269 272 278 306 338 366 383 390 391 392  ; 4 1 4 1 1 2 11 4 2 5 3 2 3 2 4 2 
3.22e+05 ; 1.247e-15 ; True ; 0 26 38 81 83 94 97 102 109 226 228 242 261 264 267 275 284 292 300 301 307 327 338 357 376 391  ; 5 2 3 1 1 3 5 4 3 7 2 2 4 1 3 2 
3.76e+05 ; 4.326e-15 ; True ; 14 33 58 66 83 94 97 150 151 160 164 189 192 204 221 254 265 269 296 302 316 329 337 340 349 355 371 388  ; 3 2 4 3 1 3 4 2 2 6 3 1 4 2 5 4 
4.03e+05 ; 5.186e-15 ; True ; 84 92 95 101 103 104 107 108 114 160 163 173 191 206 210 215 216 217 249 275 287 303 338 340 341 345 366 383 391  ; 4 2 3 2 2 2 7 3 3 10 2 1 6 2 3 3 
4.81e+05 ; 8.621e-15 ; True ; 3 41 58 66 76 80 94 120 136 138 141 156 192 199 227 235 236 242 257 260 271 272 289 300 316 337 340 341 350 380 385 391  ; 5 1 3 2 1 3 7 3 4 8 4 2 4 2 5 2 

RUN 8:
Optimum Distance: 0

Optimal Team: 
Required Skills: 6 8 9 11 13 23 26 30 31 34 42 43 47 49 50 55 
Distance; Skill Score; isValid; Team; Skill Counts
6.5e+04 ; 1.356e-19 ; True ; 35 50 66 213 216 218 242 308 338 341 354 383  ; 2 1 1 1 1 1 3 1 1 6 1 1 2 1 2 1 
6.6e+04 ; 1.764e-19 ; True ; 121 130 156 207 216 242 249 267 275 307 383 391  ; 2 1 1 1 1 1 2 2 2 4 1 1 2 1 1 1 
6.6e+04 ; 1.867e-18 ; True ; 38 81 161 206 307 338 341 346 370 383 388 391  ; 2 1 1 1 1 1 2 4 2 5 1 1 3 1 2 2 
9e+04 ; 2.39e-18 ; True ; 38 51 94 123 216 226 228 230 269 316 337 346 347 383  ; 2 1 2 2 1 2 5 2 1 5 1 1 2 1 1 2 
9.1e+04 ; 4.055e-18 ; True ; 14 38 81 92 161 236 279 287 307 338 342 346 383 391  ; 1 1 3 1 1 1 3 3 2 5 1 1 2 1 3 3 
1.04e+05 ; 4.679e-18 ; True ; 10 13 14 38 49 78 81 142 172 198 235 275 307 383 391  ; 2 1 1 1 2 1 6 4 2 4 1 1 3 1 3 1 
1.05e+05 ; 1.414e-17 ; True ; 32 38 42 81 92 161 206 236 338 339 341 346 383 388 391  ; 3 1 4 2 1 1 2 3 2 5 1 1 3 1 2 2 
1.36e+05 ; 4.418e-17 ; True ; 15 32 38 66 81 94 124 134 165 256 300 306 338 355 383 388 395  ; 2 1 4 1 1 2 5 4 2 5 2 2 3 1 1 2 
1.52e+05 ; 6.024e-17 ; True ; 38 49 84 94 106 127 156 226 256 264 300 302 329 337 338 340 347 383  ; 3 1 2 2 2 1 5 4 2 4 4 1 3 1 2 1 
1.89e+05 ; 8.56e-17 ; True ; 14 38 73 79 84 92 95 104 125 150 167 188 197 242 257 297 300 316 362 383  ; 3 1 3 1 2 1 5 3 3 8 3 1 3 1 4 1 
2.07e+05 ; 8.89e-17 ; True ; 21 34 37 38 66 68 94 102 104 124 127 216 269 289 291 316 337 347 353 372 383  ; 2 1 5 3 1 1 5 3 2 9 2 1 2 2 2 2 
2.08e+05 ; 1.274e-16 ; True ; 19 25 32 33 49 72 73 82 94 204 261 267 275 304 307 349 356 368 376 383 391  ; 3 1 3 2 3 1 4 3 2 3 2 2 2 1 5 1 
2.1e+05 ; 1.716e-16 ; True ; 17 38 72 78 79 94 95 126 165 185 221 230 234 240 338 340 347 363 383 392 394  ; 2 2 3 1 2 2 6 4 2 9 3 1 3 1 3 1 
2.28e+05 ; 2.455e-16 ; True ; 37 38 66 94 104 124 127 133 149 168 216 269 289 291 316 337 341 347 353 377 383 395  ; 3 1 4 3 1 1 6 3 2 11 2 1 3 2 2 3 
2.5e+05 ; 9.879e-16 ; True ; 38 66 94 104 117 124 127 133 217 269 289 300 307 316 337 341 347 353 372 377 383 386 391  ; 4 1 4 4 1 1 4 2 4 12 2 1 3 3 3 3 
3.23e+05 ; 1.56e-15 ; True ; 14 29 52 66 81 90 94 102 135 138 139 163 165 181 184 192 207 209 216 221 230 275 279 300 347 383  ; 3 2 3 3 1 2 7 3 3 7 2 3 2 2 2 2 
3.46e+05 ; 2.163e-15 ; True ; 10 26 92 137 144 177 184 186 191 192 197 204 212 242 247 275 308 309 312 329 338 341 359 381 383 387 391  ; 5 2 4 3 2 2 3 4 2 5 3 1 3 1 4 2 
3.75e+05 ; 2.942e-15 ; True ; 21 48 49 79 81 89 94 108 135 150 177 179 189 207 221 225 268 269 287 300 335 341 354 362 368 372 380 382  ; 3 1 3 4 2 2 5 3 2 5 5 2 5 1 3 2 
4e+05 ; 4.029e-15 ; True ; 12 14 29 52 66 81 90 92 94 101 102 106 107 138 165 207 209 216 230 241 273 275 279 300 316 347 349 383 391  ; 1 2 4 3 1 2 9 4 3 8 2 3 4 3 3 2 
4.02e+05 ; 4.4e-15 ; True ; 17 66 79 81 86 90 92 97 108 124 134 141 143 159 183 184 204 212 221 230 239 268 278 299 300 341 376 379 383  ; 2 1 3 2 2 2 6 4 4 7 3 3 4 1 4 3 
4.33e+05 ; 5.64e-15 ; True ; 83 120 137 143 144 166 177 184 186 191 192 197 212 233 242 272 275 282 284 309 312 316 318 329 338 341 359 381 383 391  ; 6 3 3 2 2 3 7 4 3 8 4 1 5 1 3 1 
4.62e+05 ; 5.773e-15 ; True ; 63 66 83 94 107 117 143 149 154 168 192 196 207 209 216 229 230 240 243 269 275 279 282 286 316 317 347 376 377 380 391  ; 3 2 4 3 2 3 8 2 1 11 3 1 4 3 4 3 
5.25e+05 ; 6.258e-15 ; True ; 76 81 94 126 133 138 143 161 170 181 183 191 196 204 207 208 209 213 234 275 276 300 301 312 337 338 339 340 346 350 360 383 391  ; 5 2 6 2 1 2 6 4 5 9 2 3 5 1 2 2 

RUN 9:
Optimum Distance: 0

Optimal Team: 
Required Skills: 6 8 9 11 13 23 26 30 31 34 42 43 47 49 50 55 
Distance; Skill Score; isValid; Team; Skill Counts
5.5e+04 ; 6.303e-20 ; True ; 81 94 103 147 161 192 215 255 301 316 360  ; 4 1 1 1 1 1 3 1 1 5 1 1 1 1 1 1 
6.5e+04 ; 1.479e-19 ; True ; 35 42 66 72 94 131 297 300 338 345 356 383  ; 1 1 1 1 1 1 4 2 2 4 1 2 1 1 1 1 
6.5e+04 ; 2.046e-19 ; True ; 17 49 54 66 79 81 94 97 121 152 275 319  ; 1 1 2 1 1 1 5 1 1 3 2 1 1 1 3 1 
6.5e+04 ; 1.765e-18 ; True ; 38 49 94 150 162 221 242 271 300 315 368 383  ; 3 1 1 2 2 2 5 1 2 4 2 1 1 1 1 1 
9e+04 ; 2.421e-18 ; True ; 4 38 66 81 94 97 163 184 207 221 241 262 383 384  ; 3 1 4 1 1 1 5 3 1 7 1 1 2 1 2 1 
1.03e+05 ; 2.468e-18 ; True ; 4 20 38 66 76 94 107 163 186 204 262 271 316 329 383  ; 3 1 2 2 1 1 4 1 1 7 2 1 3 1 2 1 
1.03e+05 ; 3.553e-18 ; True ; 35 65 94 108 156 207 215 275 277 300 314 349 383 384 391  ; 1 1 1 1 2 1 5 3 2 4 2 1 3 1 3 1 
1.03e+05 ; 4.829e-18 ; True ; 27 38 42 43 66 94 238 247 300 321 335 338 359 378 383  ; 3 1 3 1 1 1 3 3 2 4 2 1 2 1 2 1 
1.03e+05 ; 5.218e-18 ; True ; 49 79 94 150 162 207 221 238 242 271 274 300 315 368 383  ; 2 1 2 2 2 2 4 2 2 3 3 1 1 1 1 1 
1.04e+05 ; 9.132e-18 ; True ; 38 49 58 74 94 130 162 177 221 242 300 315 368 383 391  ; 4 1 2 1 2 2 5 1 2 6 2 1 2 1 2 1 
1.18e+05 ; 9.133e-18 ; True ; 4 14 92 94 113 150 152 193 272 275 353 361 372 376 383 388  ; 2 1 2 1 2 2 6 2 2 4 2 1 2 1 2 1 
1.19e+05 ; 2.449e-17 ; True ; 49 79 94 150 191 207 216 238 242 271 274 275 315 347 368 383  ; 2 1 3 2 2 3 4 2 1 4 3 1 2 2 1 1 
1.48e+05 ; 2.494e-17 ; True ; 34 38 92 94 133 137 171 211 240 267 269 272 275 289 387 388 391 394  ; 2 1 3 2 1 2 4 3 2 6 1 1 2 1 3 2 
1.52e+05 ; 2.606e-17 ; True ; 12 23 94 139 155 164 216 228 255 295 316 337 340 341 376 383 387 391  ; 4 1 2 2 3 1 5 2 1 7 2 1 2 1 2 2 
1.66e+05 ; 3.938e-17 ; True ; 4 38 46 66 81 94 97 119 163 207 221 241 262 269 271 318 329 383 384  ; 3 1 4 2 1 1 5 3 1 10 2 1 3 1 3 2 
1.67e+05 ; 6.595e-17 ; True ; 34 38 41 54 72 83 94 171 184 197 263 269 273 275 308 312 360 383 391  ; 4 1 3 2 2 2 4 3 2 6 1 1 3 1 3 1 
1.85e+05 ; 9.308e-17 ; True ; 34 38 41 54 72 83 92 94 101 171 183 197 269 273 275 308 312 360 383 391  ; 3 1 4 1 2 2 5 4 2 6 1 1 3 1 3 2 
1.87e+05 ; 1.615e-16 ; True ; 34 38 39 49 66 83 84 97 121 156 204 228 256 275 283 317 333 341 346 383  ; 4 1 3 1 2 1 6 3 2 5 3 1 3 1 3 3 
2.25e+05 ; 4.192e-16 ; True ; 5 33 66 94 126 152 168 205 211 216 218 240 269 271 316 327 338 347 372 380 383 388  ; 2 2 3 3 2 2 4 3 3 6 2 1 2 2 3 1 
2.46e+05 ; 4.587e-16 ; True ; 5 33 44 66 86 94 126 152 205 211 216 218 247 269 271 288 316 338 347 372 380 383 388  ; 4 2 3 3 1 2 3 3 3 5 3 1 2 2 3 1 
2.47e+05 ; 5.058e-16 ; True ; 8 15 18 34 90 94 150 163 192 204 235 269 272 306 328 338 341 347 349 360 383 387 391  ; 4 1 3 3 1 2 8 3 1 6 2 2 2 3 3 2 
2.5e+05 ; 5.784e-16 ; True ; 15 18 40 80 90 94 140 150 163 192 204 207 240 269 272 328 338 341 349 360 383 387 391  ; 5 1 4 3 2 1 9 1 2 8 2 2 3 2 3 2 
2.91e+05 ; 6.282e-16 ; True ; 35 44 58 59 66 81 85 94 97 153 166 170 175 194 207 216 230 249 257 276 298 316 329 375 383  ; 3 2 3 1 1 2 7 4 2 7 2 2 3 1 4 3 
2.97e+05 ; 9.567e-16 ; True ; 38 39 49 66 70 84 106 121 156 183 191 216 228 248 256 275 300 317 333 341 346 365 371 383 391  ; 3 1 5 1 2 1 7 4 2 7 3 2 4 2 3 2 
3.2e+05 ; 2.174e-15 ; True ; 3 16 34 44 54 81 83 92 94 95 97 113 132 192 194 195 197 206 275 300 307 316 329 347 349 371  ; 3 2 4 2 1 2 5 3 2 4 3 2 3 1 5 4 
3.74e+05 ; 3.053e-15 ; True ; 14 33 37 66 81 94 95 103 137 142 156 165 187 193 194 272 282 302 305 315 317 328 338 341 349 362 383 388  ; 4 1 4 3 2 2 8 3 2 8 5 2 3 2 3 1 
4.02e+05 ; 5.681e-15 ; True ; 38 49 68 94 106 107 108 116 140 168 182 193 212 214 241 246 252 260 269 275 279 286 295 300 306 316 368 376 391  ; 4 2 4 3 3 1 10 6 2 5 4 1 4 1 3 3 
4.58e+05 ; 7.092e-15 ; True ; 33 38 45 49 84 91 94 97 102 106 121 156 172 183 191 216 220 228 248 256 267 272 275 279 317 333 341 346 357 383 391  ; 5 1 4 2 2 2 12 5 2 5 4 2 4 1 4 3 
4.9e+05 ; 8.085e-15 ; True ; 10 38 49 56 66 72 76 81 92 103 107 122 127 154 169 205 221 230 242 257 263 272 275 279 315 335 336 338 349 370 372 380  ; 4 3 4 3 1 2 7 5 2 12 1 3 4 2 3 3 

RUN 10:
Optimum Distance: 0

Optimal Team: 
Required Skills: 6 8 9 11 13 23 26 30 31 34 42 43 47 49 50 55 
Distance; Skill Score; isValid; Team; Skill Counts
5.4e+04 ; 4.762e-20 ; True ; 66 107 110 235 272 308 316 337 341 383 390  ; 1 1 1 1 1 1 3 1 1 4 1 1 3 1 1 1 
6.3e+04 ; 4.538e-19 ; True ; 44 66 94 177 218 269 273 300 316 325 326 383  ; 2 1 2 2 1 1 3 1 2 4 1 1 2 1 1 1 
7.5e+04 ; 1.169e-18 ; True ; 66 85 94 117 177 215 269 273 300 316 325 326 383  ; 1 1 2 2 2 1 4 1 2 5 1 1 2 1 1 2 
7.7e+04 ; 1.348e-18 ; True ; 19 38 44 80 89 94 221 252 269 300 353 376 391  ; 3 1 2 2 1 1 2 2 2 4 1 1 1 1 3 1 
8.9e+04 ; 1.875e-18 ; True ; 3 42 53 66 81 97 144 191 197 267 293 338 341 376  ; 2 2 3 1 2 1 2 2 1 2 1 1 2 1 3 1 
1.03e+05 ; 2.076e-18 ; True ; 3 6 81 94 124 189 248 315 316 328 349 378 383 391 393  ; 2 1 2 1 2 1 2 2 1 6 1 1 2 1 3 2 
1.03e+05 ; 3.171e-18 ; True ; 14 79 96 124 149 170 184 224 242 275 300 376 383 390 391  ; 2 1 1 1 2 1 4 2 2 5 2 1 2 1 3 1 
1.05e+05 ; 5.758e-18 ; True ; 14 84 124 148 149 165 184 224 275 300 341 364 376 383 391  ; 2 1 1 2 2 1 4 2 2 4 2 1 3 1 2 1 
1.16e+05 ; 2.022e-17 ; True ; 38 53 58 79 83 94 135 166 269 272 285 316 358 363 376 391  ; 3 2 2 1 1 2 4 2 1 3 2 1 3 1 3 2 
1.34e+05 ; 2.406e-17 ; True ; 14 16 38 54 66 90 94 146 186 272 275 280 300 338 340 370 383  ; 2 2 3 1 1 1 8 2 2 7 2 2 3 1 2 1 
1.67e+05 ; 3.581e-17 ; True ; 34 36 52 58 72 81 83 94 152 215 269 279 298 328 338 341 347 358 383  ; 3 1 1 2 2 2 8 3 2 7 2 2 3 1 1 1 
1.68e+05 ; 3.736e-17 ; True ; 34 52 54 58 72 81 83 94 150 192 269 279 298 320 325 338 341 358 383  ; 4 1 1 2 1 2 5 3 2 6 2 2 3 1 1 2 
1.69e+05 ; 5.625e-17 ; True ; 35 38 81 83 99 150 177 240 261 269 275 279 287 289 307 325 341 356 366  ; 2 1 3 2 1 2 6 3 2 6 1 1 4 1 2 3 
1.7e+05 ; 5.794e-17 ; True ; 49 77 84 88 97 182 198 216 254 256 257 268 275 287 315 316 328 383 391  ; 2 2 3 2 2 1 6 2 2 7 2 1 2 1 2 2 
1.7e+05 ; 9.085e-17 ; True ; 17 27 49 66 72 79 83 108 181 213 221 275 277 279 310 340 341 383 384  ; 2 2 2 2 2 1 6 3 3 7 2 1 3 1 3 1 
1.9e+05 ; 9.978e-17 ; True ; 38 68 72 80 81 103 115 130 148 230 249 257 262 269 275 316 358 362 383 391  ; 3 2 1 3 1 2 2 3 4 8 1 2 3 2 2 1 
2.08e+05 ; 2.489e-16 ; True ; 20 23 38 39 53 94 97 103 108 177 216 263 286 312 335 338 349 366 383 387 391  ; 4 2 3 2 2 1 4 2 2 4 1 1 3 2 5 2 
2.52e+05 ; 2.959e-16 ; True ; 44 56 59 66 79 81 94 97 108 117 127 134 175 215 269 292 306 338 346 354 381 383 387  ; 2 2 3 3 2 1 5 4 1 9 2 1 3 1 4 3 
2.72e+05 ; 3e-16 ; True ; 5 49 76 92 94 117 129 140 150 185 237 238 240 275 284 296 300 307 335 363 372 376 380 387  ; 2 1 4 3 3 1 4 3 3 7 3 1 3 1 2 2 
2.74e+05 ; 4.394e-16 ; True ; 14 23 38 65 66 95 103 158 160 164 185 190 222 230 249 269 275 295 300 324 353 358 383 385  ; 4 1 4 3 2 1 3 2 3 9 2 1 3 2 3 2 
2.96e+05 ; 5.117e-16 ; True ; 3 23 66 78 80 81 94 95 115 117 123 143 144 156 172 221 223 268 269 275 287 309 367 383 391  ; 3 2 1 3 2 2 8 4 3 9 4 1 2 2 2 1 
3e+05 ; 8.525e-16 ; True ; 38 49 84 92 94 111 115 117 181 184 191 198 216 228 232 240 252 300 307 316 337 357 358 388 391  ; 6 1 5 4 2 3 7 3 2 5 1 2 2 1 2 2 
3.23e+05 ; 8.952e-16 ; True ; 32 38 59 66 81 94 124 140 149 156 166 247 255 257 268 271 296 300 305 311 317 321 340 369 385 391  ; 7 1 3 2 1 1 4 5 2 7 3 2 2 2 3 3 
3.48e+05 ; 9.254e-16 ; True ; 21 38 62 66 68 78 103 128 140 152 157 160 161 184 186 204 208 230 267 275 307 344 368 383 388 391 395  ; 3 1 3 2 1 2 6 4 4 10 2 1 3 3 3 2 
3.49e+05 ; 1.118e-15 ; True ; 15 22 23 24 38 53 66 83 92 97 103 113 177 216 263 286 313 329 335 337 338 339 340 366 383 385 387  ; 4 2 6 2 2 1 5 3 3 8 1 1 3 2 3 3 
3.73e+05 ; 1.175e-15 ; True ; 66 94 116 134 147 175 192 211 215 216 225 234 239 240 254 257 262 269 272 275 284 287 300 342 346 364 387 388  ; 3 1 3 2 2 3 7 3 2 9 2 3 2 1 3 3 
3.73e+05 ; 1.935e-15 ; True ; 3 14 19 41 49 50 59 81 83 99 117 129 148 192 199 204 235 240 273 280 300 320 338 341 347 365 376 380  ; 2 2 2 2 3 3 7 3 2 8 3 3 3 1 5 1 
3.75e+05 ; 3.925e-15 ; True ; 14 34 49 66 73 94 104 124 163 175 176 192 204 225 247 255 275 283 287 297 300 304 316 333 375 376 383 391  ; 6 2 2 1 3 2 9 4 2 7 3 2 2 2 5 2 
4.59e+05 ; 4.179e-15 ; True ; 10 14 42 49 66 73 76 94 104 120 124 163 175 176 192 204 225 247 267 275 283 300 304 316 332 333 362 375 378 383 391  ; 6 2 1 3 2 1 8 4 3 7 3 2 3 2 5 2 
4.89e+05 ; 8.591e-15 ; True ; 24 51 59 66 72 81 83 86 94 97 102 112 171 173 186 192 198 199 207 208 236 240 242 247 260 281 288 301 329 338 350 383  ; 5 2 4 2 3 3 8 4 2 11 3 2 3 1 3 2 

