m: 18
Instance: 1
Algorithm: MOSA
Iteration: 900
Population Size: 100
RUN 1:
Optimum Distance: 0

Optimal Team: 
Required Skills: 1 6 8 9 14 19 20 26 31 38 39 40 42 46 50 55 56 57 
Distance; Skill Score; isValid; Team; Skill Counts
4.5e+04 ; 7.405e-22 ; True ; 58 118 152 163 220 437 501 508 558 596  ; 2 2 1 1 2 1 2 2 1 1 1 1 1 1 3 1 2 2 
5.5e+04 ; 2.464e-21 ; True ; 55 60 94 152 163 192 205 220 247 407 436  ; 3 1 1 2 2 1 1 2 1 2 1 1 1 2 2 2 2 2 
6.6e+04 ; 2.553e-21 ; True ; 55 60 94 140 152 163 192 220 407 436 510 545  ; 3 1 1 3 2 1 1 2 1 1 1 1 1 2 2 2 2 3 
7.6e+04 ; 4.752e-20 ; True ; 58 87 94 132 147 150 152 163 220 367 470 546 590  ; 4 2 1 3 2 1 3 3 1 2 1 1 2 2 3 1 2 2 
1.01e+05 ; 1.85e-19 ; True ; 58 87 94 96 130 150 152 153 161 163 179 220 359 546 590  ; 4 3 1 3 3 1 3 5 1 2 2 1 1 2 3 1 2 3 
1.34e+05 ; 1.943e-19 ; True ; 54 55 58 60 94 152 163 192 205 220 358 407 436 441 518 553 555  ; 4 2 1 4 2 1 2 4 1 2 1 1 1 4 3 3 2 3 
1.51e+05 ; 4.358e-19 ; True ; 58 72 87 94 130 152 153 161 163 179 220 285 286 359 451 543 546 590  ; 6 4 1 2 3 1 2 5 1 3 2 1 1 2 3 2 2 4 
1.65e+05 ; 8.93e-19 ; True ; 5 58 94 96 130 150 152 153 163 179 220 330 359 384 398 465 546 568 590  ; 5 3 2 3 4 1 3 4 1 2 2 1 1 2 3 1 3 5 
1.89e+05 ; 1.178e-18 ; True ; 23 29 31 52 58 60 180 224 228 245 246 254 275 305 341 455 465 570 576 594  ; 8 4 1 6 2 1 3 4 1 2 1 2 2 3 3 1 2 4 
1.98e+05 ; 1.275e-18 ; True ; 0 7 8 51 58 133 152 161 199 245 290 406 407 448 452 456 463 545 555 587 594  ; 6 5 1 2 3 1 3 5 2 3 2 2 1 4 3 1 1 3 
2.07e+05 ; 2.56e-18 ; True ; 7 58 94 96 130 152 153 158 163 193 220 221 234 288 330 359 435 465 473 553 590  ; 5 3 2 4 4 1 2 3 1 3 3 2 1 3 3 1 2 5 
2.26e+05 ; 4.104e-18 ; True ; 7 58 121 152 163 175 176 178 186 202 250 382 403 415 430 455 465 495 498 537 545 573  ; 9 4 1 3 4 1 1 3 3 3 2 3 2 2 3 1 3 4 
2.3e+05 ; 4.912e-18 ; True ; 58 72 117 194 195 211 222 224 232 245 249 302 305 324 399 416 472 494 507 508 558 594  ; 6 4 1 2 2 1 5 5 2 3 2 3 1 2 3 2 3 3 
2.5e+05 ; 5.518e-18 ; True ; 7 39 49 50 70 94 138 152 153 163 220 266 291 320 330 359 367 407 435 508 522 524 590  ; 7 3 3 2 4 1 3 3 1 2 3 1 2 2 3 2 3 7 
2.71e+05 ; 7.101e-18 ; True ; 7 29 33 58 129 137 175 216 303 367 379 382 387 403 407 415 459 472 494 510 523 570 594 598  ; 6 2 1 2 3 1 4 6 3 2 2 2 2 3 3 2 2 6 
2.72e+05 ; 9.101e-18 ; True ; 7 15 58 113 133 134 144 147 152 175 191 221 245 253 257 290 406 407 433 464 500 509 555 594  ; 4 4 1 3 5 1 3 4 1 5 2 3 1 4 3 1 4 5 
2.96e+05 ; 1.098e-17 ; True ; 13 36 58 106 129 150 157 168 175 208 220 271 332 333 381 384 407 414 432 476 508 511 516 537 545  ; 7 3 2 4 1 1 3 5 1 3 3 2 3 2 5 2 2 6 
2.98e+05 ; 2.512e-17 ; True ; 58 60 94 125 131 142 163 221 224 240 245 263 273 305 328 382 411 451 462 465 466 490 565 573 594  ; 7 3 1 3 5 1 4 4 1 3 2 3 3 2 6 2 2 6 
3.77e+05 ; 3.367e-17 ; True ; 21 58 101 107 152 157 163 179 192 209 226 247 249 256 282 297 305 320 379 394 415 438 450 508 511 527 572 575  ; 9 5 1 4 2 1 4 11 2 5 3 1 2 2 5 1 4 7 
3.78e+05 ; 4.48e-17 ; True ; 39 58 72 117 155 194 195 211 222 224 232 249 287 302 305 324 350 399 416 465 472 493 494 507 508 522 558 594  ; 8 4 2 3 2 1 5 6 2 3 2 3 2 2 3 2 3 5 
4.27e+05 ; 5.02e-17 ; True ; 7 37 58 87 107 134 140 175 207 213 219 220 223 229 236 267 272 291 303 323 344 347 348 447 472 490 518 577 592 594  ; 6 3 1 4 3 1 5 6 2 3 2 4 1 4 7 3 1 9 
4.32e+05 ; 5.104e-17 ; True ; 49 58 74 80 141 150 152 163 187 194 215 221 224 232 287 289 302 335 382 422 438 461 465 484 490 495 498 507 582 594  ; 13 4 1 3 4 1 3 8 1 7 3 2 3 2 5 1 5 4 
4.54e+05 ; 5.758e-17 ; True ; 56 105 151 152 175 188 193 205 207 261 262 268 279 282 287 291 310 320 382 388 393 407 415 428 431 434 441 468 472 534 538  ; 8 5 1 4 3 2 4 7 2 2 3 3 1 2 2 4 3 4 
4.56e+05 ; 6.213e-17 ; True ; 6 7 10 39 91 94 105 116 129 150 161 163 188 220 224 232 297 305 313 343 360 363 388 389 451 476 484 494 507 537 564  ; 8 2 1 5 4 1 2 6 2 4 3 3 2 3 4 2 3 8 
4.57e+05 ; 9.048e-17 ; True ; 7 37 58 87 140 175 181 207 213 219 220 223 236 272 278 291 303 323 344 347 348 367 447 450 472 481 490 511 518 577 594  ; 8 4 1 4 4 1 5 9 2 2 1 4 3 4 8 2 1 9 
5.24e+05 ; 1.02e-16 ; True ; 29 58 89 113 161 163 176 180 192 222 246 250 251 259 261 292 319 331 351 375 378 380 381 407 414 435 443 457 464 521 531 576 594  ; 9 5 1 3 4 1 3 7 2 4 5 1 2 6 4 1 4 7 
5.25e+05 ; 1.488e-16 ; True ; 7 12 78 80 87 89 105 120 123 126 131 133 140 152 163 175 233 243 295 297 320 375 387 394 405 407 415 436 442 453 472 507 521  ; 6 2 2 4 5 2 6 6 2 7 3 3 1 3 2 1 4 7 
5.46e+05 ; 1.569e-16 ; True ; 7 150 152 155 204 205 220 221 233 245 247 254 259 269 271 276 291 298 318 322 352 356 362 393 422 429 433 442 465 472 479 490 535 537  ; 7 3 1 5 3 2 2 5 2 5 3 3 4 1 5 5 2 5 
5.52e+05 ; 3.196e-16 ; True ; 75 98 105 143 152 168 175 188 194 220 222 223 232 236 237 243 247 277 278 291 308 349 352 403 427 430 438 445 488 508 511 564 594 596  ; 9 4 1 6 5 1 3 5 2 4 3 3 2 3 6 2 3 8 

RUN 2:
Optimum Distance: 0

Optimal Team: 
Required Skills: 1 6 8 9 14 19 20 26 31 38 39 40 42 46 50 55 56 57 
Distance; Skill Score; isValid; Team; Skill Counts
5.5e+04 ; 4.81e-22 ; True ; 54 133 192 207 214 220 231 295 381 465 594  ; 2 1 1 1 1 1 2 3 1 1 2 1 1 2 2 1 1 3 
6.5e+04 ; 8.679e-22 ; True ; 7 29 153 175 220 263 292 371 437 508 510 538  ; 2 1 1 1 2 1 1 3 1 2 2 2 1 1 2 1 1 3 
6.5e+04 ; 8.83e-22 ; True ; 33 54 93 133 192 207 220 295 381 441 465 594  ; 2 1 1 1 1 1 2 4 2 1 2 1 1 2 2 1 1 2 
6.6e+04 ; 9.998e-22 ; True ; 51 99 132 141 150 220 224 263 465 522 537 594  ; 4 1 1 1 1 1 2 2 1 2 2 2 1 1 2 1 1 3 
7.4e+04 ; 1.63e-21 ; True ; 7 95 160 205 208 224 232 233 305 415 422 508 533  ; 6 1 1 2 2 1 1 3 1 2 1 2 1 1 2 1 1 3 
7.6e+04 ; 1.79e-21 ; True ; 7 42 58 86 171 186 294 407 415 422 489 490 523  ; 5 1 1 3 2 1 2 3 1 1 1 1 1 2 2 1 1 2 
7.7e+04 ; 4.549e-20 ; True ; 7 23 27 58 83 163 243 245 311 435 490 508 594  ; 4 1 1 3 3 1 3 2 1 1 4 1 1 3 4 1 1 5 
1.04e+05 ; 6.802e-20 ; True ; 23 27 58 132 148 152 163 257 311 375 385 435 504 508 594  ; 5 2 1 2 3 1 2 4 1 1 3 1 1 2 3 1 3 3 
1.05e+05 ; 2.569e-19 ; True ; 7 23 27 58 65 152 163 165 211 246 375 423 507 508 594  ; 5 2 1 2 5 1 2 3 2 2 2 1 1 3 3 1 2 4 
1.19e+05 ; 3.77e-19 ; True ; 7 23 27 58 65 152 163 200 211 311 375 435 504 507 508 594  ; 5 2 1 2 5 1 2 3 2 2 3 1 1 3 3 1 2 4 
1.5e+05 ; 6.19e-19 ; True ; 4 17 58 91 94 147 163 199 224 248 313 375 483 490 506 538 594 596  ; 5 2 1 2 2 1 3 4 1 2 3 2 2 2 5 1 2 4 
1.68e+05 ; 1.876e-18 ; True ; 7 23 27 58 65 130 152 163 169 175 200 220 283 435 504 507 508 527 594  ; 5 2 1 3 5 1 2 4 2 2 3 1 1 3 5 1 3 6 
1.71e+05 ; 2.671e-18 ; True ; 7 23 27 58 83 87 91 152 163 189 211 261 311 318 375 385 395 435 594  ; 6 3 2 3 4 1 2 5 1 3 4 1 1 4 3 1 2 5 
1.9e+05 ; 8.11e-18 ; True ; 58 63 106 132 133 135 138 152 163 224 245 253 256 310 430 472 508 522 567 594  ; 4 5 1 2 4 1 3 5 1 3 3 2 3 2 3 1 4 6 
2.95e+05 ; 1.018e-17 ; True ; 7 47 58 87 105 106 132 157 175 197 210 232 245 262 263 275 308 381 410 468 487 490 509 537 577  ; 7 3 1 4 4 1 1 7 3 2 3 2 3 3 4 1 2 5 
2.99e+05 ; 2.021e-17 ; True ; 58 63 106 132 133 135 138 152 155 163 224 245 253 256 310 336 395 430 472 483 497 508 522 567 594  ; 7 5 1 2 4 1 3 7 1 4 3 2 4 2 3 1 4 6 
3.24e+05 ; 4.265e-17 ; True ; 38 58 63 106 127 133 135 138 152 163 202 224 244 245 253 256 310 313 430 472 508 510 522 538 567 594  ; 4 5 1 3 4 1 3 5 1 4 4 2 3 2 3 2 4 10 
3.47e+05 ; 4.789e-17 ; True ; 7 42 58 73 110 130 152 157 178 184 220 305 311 338 350 393 402 405 407 414 441 457 545 551 582 586 594  ; 9 5 1 3 4 1 4 8 3 5 2 2 1 3 4 2 2 5 
4.05e+05 ; 5.733e-17 ; True ; 21 54 58 91 115 116 139 175 200 208 261 292 298 329 333 363 375 377 379 399 403 407 415 420 435 512 534 550 594  ; 7 5 2 3 3 2 5 8 1 2 4 1 3 3 3 2 2 4 
4.19e+05 ; 8.018e-17 ; True ; 1 7 37 52 73 89 150 152 155 160 181 213 214 220 224 231 241 261 286 293 305 362 399 407 436 533 545 573 586 594  ; 3 4 1 4 6 1 5 6 3 4 1 2 5 4 4 1 2 9 
4.26e+05 ; 8.784e-17 ; True ; 7 58 87 108 152 153 157 163 165 190 210 220 225 228 240 271 276 297 326 359 418 445 447 487 496 498 512 532 540 594  ; 12 5 1 3 5 1 3 6 1 4 4 2 2 3 5 2 3 6 
4.63e+05 ; 9.547e-17 ; True ; 29 38 98 116 133 157 176 192 196 207 220 245 248 267 319 343 391 406 407 435 436 441 447 457 472 486 512 514 528 576 594  ; 7 2 1 2 3 2 4 6 2 5 4 4 2 3 6 4 1 3 
5.21e+05 ; 1.032e-16 ; True ; 104 129 152 161 182 189 205 207 220 222 223 224 236 249 262 288 297 338 375 382 472 474 480 489 499 508 525 530 552 568 591 594 595  ; 6 4 1 3 5 2 3 10 2 3 2 3 2 2 3 2 4 6 
5.27e+05 ; 1.536e-16 ; True ; 7 30 58 95 133 151 167 175 179 191 196 220 243 270 291 299 321 332 344 347 348 380 381 385 392 436 437 472 508 557 567 573 577  ; 8 4 1 4 4 1 4 7 3 4 2 3 2 3 4 2 3 4 
5.88e+05 ; 1.949e-16 ; True ; 54 76 87 94 134 135 141 145 152 163 172 200 213 250 276 291 292 337 345 375 387 390 437 443 454 484 508 524 532 538 570 575 590 591 594  ; 9 4 2 2 5 1 3 6 1 5 3 4 2 3 3 3 4 6 
6.19e+05 ; 3.903e-16 ; True ; 5 7 42 50 58 91 110 152 157 162 178 184 200 205 208 220 230 283 304 305 311 350 359 393 400 405 406 414 417 419 441 452 457 467 582 594  ; 11 7 1 4 6 1 3 7 3 5 3 3 1 3 5 3 2 8 
6.26e+05 ; 4.331e-16 ; True ; 33 52 57 58 66 83 127 145 152 153 172 180 197 208 220 244 245 270 288 291 292 294 295 330 351 363 377 381 382 403 416 423 472 481 519 594  ; 7 4 1 3 4 2 4 5 2 6 4 3 2 3 5 2 3 5 

RUN 3:
Optimum Distance: 0

Optimal Team: 
Required Skills: 1 6 8 9 14 19 20 26 31 38 39 40 42 46 50 55 56 57 
Distance; Skill Score; isValid; Team; Skill Counts
4.4e+04 ; 2.207e-22 ; True ; 105 152 165 207 220 258 357 441 465 594  ; 1 1 1 1 3 1 2 1 1 2 1 1 1 2 2 1 1 2 
5.3e+04 ; 1.315e-21 ; True ; 105 152 165 224 245 258 423 441 458 465 594  ; 3 2 1 1 3 1 1 2 1 1 1 1 2 2 1 1 2 3 
6.6e+04 ; 2.688e-21 ; True ; 7 141 152 153 205 287 377 407 457 526 534 594  ; 5 2 1 1 3 1 3 1 1 3 2 1 1 2 1 1 1 2 
7.4e+04 ; 3.103e-21 ; True ; 12 58 59 60 132 152 163 220 244 314 508 537 598  ; 3 2 1 1 2 1 1 2 1 2 2 1 1 1 4 1 2 3 
7.5e+04 ; 4.889e-21 ; True ; 141 152 215 220 238 247 305 310 371 393 407 465 594  ; 6 1 2 1 2 1 3 1 1 4 1 2 1 1 2 1 2 2 
7.7e+04 ; 5.447e-21 ; True ; 7 134 141 152 153 159 287 407 457 489 498 526 594  ; 5 2 1 1 3 1 2 2 1 4 2 1 1 2 1 1 1 3 
8.8e+04 ; 6.437e-20 ; True ; 7 134 152 153 175 232 282 287 407 457 483 540 550 594  ; 4 2 1 1 3 1 2 5 1 3 2 1 2 2 3 1 2 2 
1.18e+05 ; 7.763e-20 ; True ; 105 144 150 152 163 168 222 259 291 317 335 415 423 430 508 568  ; 6 2 1 3 4 1 1 2 1 2 2 2 1 1 3 2 3 2 
1.31e+05 ; 1.356e-19 ; True ; 7 58 106 150 163 210 213 249 287 305 404 447 462 476 493 508 513  ; 5 3 1 3 4 1 3 3 1 1 2 2 1 3 2 1 1 5 
1.48e+05 ; 1.923e-19 ; True ; 7 23 31 42 58 155 175 202 220 227 296 407 444 472 523 542 573 592  ; 5 1 1 4 2 1 3 4 1 2 1 3 2 2 3 1 2 4 
1.5e+05 ; 2.397e-19 ; True ; 7 23 31 42 58 155 175 192 210 220 227 296 344 407 422 472 573 592  ; 6 1 1 6 2 1 3 6 1 2 1 3 2 3 3 1 1 3 
1.51e+05 ; 4.513e-19 ; True ; 6 7 32 58 105 116 172 175 287 311 375 407 416 442 463 485 580 594  ; 5 1 1 3 3 2 3 4 1 3 1 2 1 4 3 1 2 5 
1.7e+05 ; 1.732e-18 ; True ; 7 31 33 58 64 155 163 175 192 201 220 296 407 422 465 472 536 573 595  ; 6 1 2 5 3 1 3 5 2 1 1 3 2 3 4 1 2 4 
1.88e+05 ; 2.131e-18 ; True ; 89 110 152 175 207 245 280 289 291 305 330 381 382 422 436 444 485 509 535 594  ; 4 3 1 3 3 1 3 4 1 3 1 4 2 2 2 1 7 4 
1.89e+05 ; 2.773e-18 ; True ; 52 67 110 152 220 280 289 291 305 381 382 422 436 444 463 485 508 509 535 594  ; 6 3 1 3 3 1 2 3 1 3 1 3 2 2 3 2 6 4 
2.06e+05 ; 2.816e-18 ; True ; 6 7 58 105 116 172 175 240 274 311 375 393 407 416 442 463 485 509 550 580 594  ; 8 2 1 3 4 1 3 4 1 3 1 2 2 4 3 2 2 6 
2.07e+05 ; 6.838e-18 ; True ; 29 89 110 152 175 207 213 245 246 276 280 289 291 305 381 407 422 436 485 535 594  ; 5 2 1 3 3 1 4 6 1 3 1 4 4 2 3 1 6 4 
2.96e+05 ; 2.476e-17 ; True ; 7 54 77 87 112 134 152 163 175 220 234 262 271 308 358 407 415 452 465 515 528 543 568 576 594  ; 6 2 3 3 8 2 2 5 1 2 2 3 1 2 4 2 5 3 
3.2e+05 ; 4.544e-17 ; True ; 7 56 58 69 128 157 163 261 271 305 309 340 359 375 379 407 424 429 495 513 538 550 558 578 594 596  ; 7 7 1 4 4 1 5 6 2 3 3 1 1 4 4 2 2 9 
4.31e+05 ; 5.731e-17 ; True ; 7 58 67 132 157 163 180 261 264 271 303 331 340 356 359 375 379 381 407 423 424 466 495 513 551 557 576 578 594 596  ; 7 7 1 2 5 1 4 6 2 4 2 1 1 5 5 2 4 8 
4.56e+05 ; 6.725e-17 ; True ; 1 58 81 97 157 163 175 187 216 220 262 305 311 318 330 369 381 396 406 407 428 439 453 455 470 489 533 537 543 545 594  ; 8 4 2 4 3 1 4 7 1 7 3 5 1 2 5 1 3 6 
4.58e+05 ; 8.044e-17 ; True ; 1 43 50 58 71 83 119 133 134 152 155 163 176 214 243 250 261 290 313 348 401 407 415 419 435 452 478 490 528 576 585  ; 9 7 1 4 4 1 3 5 2 3 4 1 3 2 4 2 3 10 
4.9e+05 ; 1.553e-16 ; True ; 42 56 58 72 77 117 129 152 178 192 219 224 225 252 261 290 291 307 315 330 375 381 413 435 441 444 452 515 548 555 556 594  ; 10 7 1 4 3 1 2 8 1 5 2 2 3 5 4 3 4 5 
5.2e+05 ; 3.031e-16 ; True ; 30 42 51 58 66 110 135 152 157 175 220 234 246 261 287 293 300 347 387 392 407 425 426 437 465 520 537 552 557 564 568 573 590  ; 9 3 2 5 4 2 4 6 1 4 2 4 2 3 5 1 5 7 
5.86e+05 ; 5.358e-16 ; True ; 2 11 23 29 53 62 78 79 105 112 116 141 152 163 220 272 278 287 290 298 310 325 390 391 407 418 454 472 523 539 558 564 580 593 594  ; 8 3 1 4 6 2 5 7 2 6 3 4 3 2 5 1 3 7 

RUN 4:
Optimum Distance: 0

Optimal Team: 
Required Skills: 1 6 8 9 14 19 20 26 31 38 39 40 42 46 50 55 56 57 
Distance; Skill Score; isValid; Team; Skill Counts
5.5e+04 ; 3.931e-23 ; True ; 67 106 123 175 277 292 415 461 508 510 594  ; 3 1 1 1 2 1 1 1 1 1 1 1 1 1 1 1 1 4 
5.5e+04 ; 6.244e-22 ; True ; 58 152 223 245 266 330 422 462 463 538 577  ; 5 2 1 2 2 1 1 3 1 1 1 1 1 2 1 1 1 2 
6.5e+04 ; 7.255e-22 ; True ; 58 152 223 245 325 357 394 422 463 465 538 577  ; 6 2 1 2 1 1 2 2 1 3 1 1 1 2 1 1 1 1 
6.6e+04 ; 1.833e-21 ; True ; 20 58 152 171 206 220 222 391 436 472 508 552  ; 2 2 1 1 1 1 2 3 2 1 2 1 1 2 2 1 1 3 
7.8e+04 ; 4.39e-21 ; True ; 58 140 175 179 233 270 367 415 475 508 510 519 594  ; 4 1 1 3 2 1 2 2 1 1 2 1 1 2 3 1 1 3 
7.8e+04 ; 5.424e-21 ; True ; 20 36 58 152 171 220 222 330 391 436 472 511 555  ; 2 3 1 1 1 1 2 4 2 1 1 1 2 3 3 1 1 2 
8.9e+04 ; 2.182e-20 ; True ; 7 46 58 111 133 150 220 224 330 367 383 430 486 588  ; 5 3 1 3 1 1 2 5 1 1 1 2 2 2 2 1 1 4 
9.1e+04 ; 6.183e-20 ; True ; 50 58 91 141 152 163 179 259 287 290 305 450 472 515  ; 4 2 1 4 2 1 3 3 1 3 2 4 1 1 2 1 2 1 
1.2e+05 ; 6.938e-20 ; True ; 54 58 106 150 163 382 407 415 422 423 472 488 490 495 561 578  ; 6 2 1 3 1 1 4 3 1 1 1 3 2 1 3 3 1 4 
1.3e+05 ; 1.23e-19 ; True ; 1 23 52 58 123 150 152 157 210 245 258 318 377 407 462 496 511  ; 6 4 1 4 2 1 4 5 1 3 1 1 2 1 2 2 1 2 
1.33e+05 ; 1.817e-19 ; True ; 7 60 91 111 175 220 225 254 291 298 303 305 462 488 490 573 594  ; 3 3 1 2 3 1 2 3 1 1 1 3 2 2 5 2 1 6 
1.5e+05 ; 3.73e-19 ; True ; 87 105 116 133 140 152 153 157 175 220 247 279 380 385 486 533 594 597  ; 5 2 1 3 3 1 1 5 1 5 3 1 2 2 4 1 2 3 
1.68e+05 ; 6.524e-19 ; True ; 7 34 60 111 175 206 220 225 254 291 298 305 417 462 483 490 508 573 594  ; 5 3 1 2 3 1 3 3 1 2 1 3 2 2 5 2 1 6 
1.86e+05 ; 6.754e-19 ; True ; 35 58 86 100 103 116 150 153 163 172 200 220 304 359 415 457 480 508 510 543  ; 6 4 1 2 2 2 2 3 1 3 2 2 1 1 4 2 3 3 
1.87e+05 ; 6.912e-19 ; True ; 7 38 52 69 152 196 208 220 224 263 269 273 305 334 393 447 465 466 505 594  ; 7 3 1 3 4 1 2 3 1 1 2 3 2 2 3 1 2 8 
1.89e+05 ; 7.51e-19 ; True ; 7 60 78 91 111 175 217 220 254 291 303 305 359 462 465 488 490 569 573 594  ; 4 2 2 2 4 1 3 4 1 1 1 3 2 2 5 2 1 8 
2.06e+05 ; 1.88e-18 ; True ; 7 58 79 84 87 105 116 140 153 175 220 279 380 385 451 486 508 533 537 594 597  ; 7 2 2 4 3 1 3 3 1 4 3 2 1 4 4 1 1 3 
2.08e+05 ; 2.272e-18 ; True ; 7 39 53 58 87 134 152 153 196 215 220 261 305 375 383 410 475 511 514 517 568  ; 7 4 1 2 4 2 2 6 1 2 2 1 2 3 2 2 2 6 
2.27e+05 ; 3.31e-18 ; True ; 7 58 79 84 105 116 140 153 175 201 220 279 308 385 440 472 486 508 533 537 594 597  ; 5 3 1 4 3 1 4 4 1 4 3 3 1 4 4 1 1 4 
2.29e+05 ; 9.492e-18 ; True ; 35 45 50 58 111 144 152 163 165 214 259 287 290 305 342 407 418 438 472 495 515 594  ; 9 2 1 4 3 1 6 4 1 5 3 5 1 2 3 2 2 3 
2.5e+05 ; 1.069e-17 ; True ; 50 58 91 141 163 179 224 261 268 291 305 324 348 375 385 407 422 443 538 549 563 590 596  ; 8 4 2 4 1 1 5 5 1 3 2 4 1 4 3 2 2 4 
2.71e+05 ; 1.24e-17 ; True ; 7 58 134 152 153 175 179 184 215 220 259 305 330 334 349 375 383 410 438 511 514 515 517 568  ; 7 3 1 3 3 2 2 8 2 4 2 2 2 2 2 2 3 4 
2.97e+05 ; 1.431e-17 ; True ; 7 38 39 58 125 134 152 173 179 215 220 261 305 375 410 438 465 476 511 514 515 517 586 588 594  ; 5 5 1 3 3 2 3 6 2 3 1 2 2 5 3 2 1 8 
2.97e+05 ; 3.121e-17 ; True ; 10 23 58 87 89 100 105 110 176 205 224 228 232 254 278 287 291 299 381 441 534 537 558 567 594  ; 11 5 1 4 4 1 2 4 2 3 2 2 2 3 4 2 3 5 
3.46e+05 ; 3.682e-17 ; True ; 7 12 34 88 115 139 152 157 169 196 220 233 262 263 266 280 305 351 375 379 400 407 430 431 463 490 594  ; 7 2 1 3 4 2 4 5 1 6 4 2 2 2 5 2 2 5 
3.71e+05 ; 7.457e-17 ; True ; 52 58 70 101 134 145 152 153 157 163 168 170 185 187 204 207 220 224 305 324 391 407 415 445 457 515 550 556  ; 10 4 1 4 2 2 4 6 1 7 2 5 3 1 5 2 3 4 
4.23e+05 ; 7.972e-17 ; True ; 6 12 16 23 58 78 90 116 160 210 233 237 247 291 311 359 375 379 407 420 422 431 470 472 506 510 534 568 583 594  ; 11 4 1 4 4 1 6 3 1 3 4 3 2 2 5 3 2 8 
4.29e+05 ; 9.068e-17 ; True ; 6 7 14 15 27 56 58 59 87 100 117 122 160 169 175 193 220 278 283 298 407 414 416 437 457 472 511 530 545 594  ; 7 5 2 3 4 1 5 7 2 5 3 4 1 3 3 1 2 9 
4.61e+05 ; 1.009e-16 ; True ; 10 32 98 105 106 152 153 208 224 231 234 245 246 264 291 305 327 330 420 435 436 464 476 492 514 549 551 558 564 576 594  ; 8 4 1 3 4 1 2 3 2 5 3 2 4 4 2 3 4 9 
4.91e+05 ; 1.123e-16 ; True ; 10 32 49 106 153 154 178 220 224 246 264 291 305 327 330 415 420 435 436 464 472 476 491 494 514 521 549 551 558 564 576 594  ; 9 3 1 2 2 2 3 4 2 4 3 3 3 3 3 4 3 9 
4.94e+05 ; 1.37e-16 ; True ; 38 55 58 78 105 134 149 152 163 167 168 186 194 206 214 220 224 230 258 295 329 337 377 407 430 431 433 463 509 529 558 574  ; 5 5 1 4 4 1 3 4 2 5 3 2 2 2 5 3 4 7 
5.48e+05 ; 2.393e-16 ; True ; 6 9 16 23 58 78 90 116 160 247 291 292 311 359 375 407 420 422 431 463 470 472 506 510 516 523 534 535 558 564 568 583 588 594  ; 11 4 1 6 5 1 5 3 2 4 3 3 2 2 4 4 2 9 
5.58e+05 ; 2.503e-16 ; True ; 12 30 50 58 106 144 152 160 163 186 207 223 224 230 247 248 249 275 296 358 379 387 403 407 415 432 463 488 498 527 545 565 594 598  ; 7 5 1 4 6 1 4 6 2 5 3 1 3 3 4 2 4 10 
5.89e+05 ; 2.812e-16 ; True ; 33 52 58 78 101 106 134 145 152 153 157 163 170 176 185 187 203 224 225 238 251 271 305 391 403 407 415 418 446 457 463 472 506 515 596  ; 12 5 1 4 4 1 6 6 2 8 2 3 3 1 3 5 3 5 
6.17e+05 ; 2.906e-16 ; True ; 14 16 23 58 78 90 116 160 179 210 233 237 247 279 291 307 311 359 375 379 395 420 422 431 470 472 508 510 528 534 541 546 551 568 583 594  ; 12 5 1 4 5 1 4 4 2 4 5 3 2 2 5 3 2 7 
6.29e+05 ; 4.602e-16 ; True ; 41 52 57 58 66 83 87 89 100 105 123 127 155 157 165 223 234 244 305 314 367 415 435 441 443 444 454 489 500 511 513 538 551 565 568 590  ; 11 4 1 5 3 1 3 6 2 4 3 5 3 5 4 3 2 5 

RUN 5:
Optimum Distance: 0

Optimal Team: 
Required Skills: 1 6 8 9 14 19 20 26 31 38 39 40 42 46 50 55 56 57 
Distance; Skill Score; isValid; Team; Skill Counts
7.7e+04 ; 2.657e-21 ; True ; 23 60 224 243 246 249 292 352 375 387 407 521 594  ; 3 3 1 3 2 1 3 3 1 2 1 1 1 1 1 1 1 2 
9e+04 ; 4.754e-20 ; True ; 33 58 60 83 85 91 105 186 224 233 245 470 472 594  ; 2 2 1 2 2 1 3 3 1 1 3 1 1 3 3 3 1 3 
1.04e+05 ; 1.491e-19 ; True ; 140 152 157 175 247 263 305 343 375 381 418 465 509 515 594  ; 4 2 1 3 3 1 3 6 1 3 1 2 2 1 2 1 3 2 
1.17e+05 ; 1.798e-19 ; True ; 23 58 243 246 249 261 276 292 293 375 381 407 463 521 538 594  ; 4 4 1 4 2 1 4 5 1 1 2 1 2 3 2 1 1 4 
1.28e+05 ; 2.683e-19 ; True ; 4 75 116 150 152 153 175 247 361 393 415 447 475 481 508 567 594  ; 6 2 1 2 4 1 2 2 1 2 3 2 2 1 4 2 2 2 
1.68e+05 ; 3.419e-19 ; True ; 8 46 132 152 175 191 192 219 287 291 305 357 395 407 440 445 483 579 594  ; 6 3 1 3 2 1 3 6 1 4 1 3 1 2 2 1 2 4 
1.7e+05 ; 7.664e-19 ; True ; 5 29 115 116 152 171 220 261 305 342 359 391 451 452 465 534 568 590 594  ; 5 3 1 2 4 1 3 5 1 2 1 1 3 3 5 1 2 4 
1.71e+05 ; 1.966e-18 ; True ; 25 50 105 110 123 152 205 220 224 233 305 359 362 407 418 435 445 483 527  ; 6 3 1 3 4 1 3 4 1 3 2 2 2 1 3 2 3 3 
2.28e+05 ; 3.262e-18 ; True ; 7 38 71 83 103 152 192 237 240 291 305 330 415 429 464 472 490 494 497 512 535 594  ; 10 2 1 4 3 1 4 3 1 1 2 2 2 3 3 2 4 5 
2.68e+05 ; 3.699e-18 ; True ; 7 19 23 45 58 133 150 155 174 175 213 214 217 220 230 320 359 399 443 499 508 511 553 576  ; 6 4 1 4 4 1 5 6 2 1 2 1 2 4 2 1 2 8 
2.68e+05 ; 3.806e-18 ; True ; 7 14 23 90 150 163 175 202 212 220 225 252 267 280 298 330 343 353 407 424 430 511 518 594  ; 5 3 2 4 4 1 4 3 1 2 3 2 1 2 4 1 2 10 
2.75e+05 ; 7.252e-18 ; True ; 31 58 79 83 85 91 175 179 224 233 241 254 305 312 351 365 376 415 472 490 505 510 579 594  ; 5 3 1 4 1 1 4 5 1 2 3 3 3 2 5 2 2 8 
3.45e+05 ; 7.805e-18 ; True ; 20 23 50 58 85 108 150 152 160 175 197 213 220 234 262 328 382 404 420 446 450 465 480 487 503 552 594  ; 5 2 1 5 7 1 3 6 1 3 4 2 2 2 3 1 2 7 
3.46e+05 ; 1.193e-17 ; True ; 46 107 133 150 154 177 192 214 224 232 246 262 277 324 375 381 390 393 407 446 465 479 508 509 570 587 594  ; 11 3 3 3 4 1 3 5 2 2 3 1 2 2 2 2 2 8 
3.48e+05 ; 2.195e-17 ; True ; 23 29 56 109 132 141 152 153 156 157 224 228 231 237 282 290 305 313 357 407 415 418 465 495 496 553 594  ; 16 3 2 3 2 1 5 7 2 7 2 3 3 1 4 1 2 4 
3.71e+05 ; 2.63e-17 ; True ; 58 68 84 87 108 132 135 145 150 152 161 200 206 207 233 235 291 324 375 395 436 462 470 501 543 550 576 594  ; 6 3 1 2 4 1 5 7 2 3 2 2 2 3 5 2 2 6 
3.72e+05 ; 4.496e-17 ; True ; 58 60 68 87 108 132 145 150 152 161 200 206 207 214 233 235 276 291 324 375 411 436 470 525 545 550 576 594  ; 7 3 1 2 3 1 4 7 4 2 2 2 3 3 5 3 2 4 
4.28e+05 ; 5.011e-17 ; True ; 7 20 68 105 116 120 150 152 158 192 194 196 210 224 245 257 259 305 307 361 430 471 506 508 509 511 518 554 555 560  ; 9 4 1 5 4 1 3 5 1 3 4 2 4 4 2 1 4 7 
4.32e+05 ; 5.019e-17 ; True ; 3 29 44 53 58 72 76 79 111 150 160 178 203 207 224 246 311 375 407 410 435 454 458 462 507 516 555 576 590 594  ; 10 3 1 2 5 1 6 6 1 2 2 4 2 4 3 3 3 6 
4.57e+05 ; 7.303e-17 ; True ; 12 44 58 61 100 110 128 139 150 201 204 220 222 233 241 292 297 330 345 379 417 438 472 490 508 523 540 573 576 582 594  ; 8 4 2 2 3 1 4 7 1 3 3 2 3 2 6 2 4 5 
4.91e+05 ; 8.538e-17 ; True ; 7 21 58 60 102 156 168 175 217 224 234 245 256 261 281 319 335 349 379 381 403 430 441 445 478 480 508 514 571 572 587 594  ; 7 4 1 3 3 1 3 7 2 3 2 4 2 4 3 2 4 9 
4.92e+05 ; 1.281e-16 ; True ; 12 44 58 61 110 150 160 192 194 196 201 204 220 222 223 233 241 315 379 382 417 438 472 473 490 508 511 523 552 576 582 594  ; 9 4 1 3 3 1 4 7 2 2 5 1 3 4 5 2 4 9 
5.21e+05 ; 1.934e-16 ; True ; 12 79 84 152 157 162 175 179 193 224 233 240 241 246 261 277 298 305 325 362 415 430 436 507 508 511 532 558 570 587 593 594 595  ; 10 6 1 4 4 1 3 7 3 5 2 3 4 3 3 1 3 7 
6.21e+05 ; 2.628e-16 ; True ; 126 131 177 179 189 205 207 214 224 225 232 240 245 246 261 272 291 292 304 305 310 313 327 332 353 368 407 438 454 490 509 518 521 535 568 594  ; 11 7 1 3 5 1 6 7 4 3 1 4 2 2 4 2 4 6 
6.22e+05 ; 2.633e-16 ; True ; 7 105 116 150 152 158 184 192 194 196 210 218 224 245 257 259 305 313 361 409 422 430 451 462 471 473 487 506 508 509 511 518 540 554 560 587  ; 11 4 1 6 5 1 3 8 2 6 3 3 4 3 1 2 4 8 

RUN 6:
Optimum Distance: 0

Optimal Team: 
Required Skills: 1 6 8 9 14 19 20 26 31 38 39 40 42 46 50 55 56 57 
Distance; Skill Score; isValid; Team; Skill Counts
4.3e+04 ; 5.368e-22 ; True ; 7 110 150 220 324 359 508 516 573 594  ; 3 1 1 1 3 1 2 1 1 1 1 1 1 2 3 1 1 3 
5.4e+04 ; 1.842e-21 ; True ; 7 20 110 150 220 282 324 330 511 516 594  ; 4 1 1 1 2 1 2 2 1 1 2 1 1 2 3 1 1 4 
6.6e+04 ; 2.104e-21 ; True ; 55 58 91 105 220 224 302 400 422 441 463 464  ; 4 2 1 3 1 1 1 3 1 1 1 1 1 2 2 1 2 3 
7.8e+04 ; 8.418e-21 ; True ; 58 91 115 155 175 205 220 246 400 426 435 484 594  ; 2 1 1 2 1 1 2 4 1 3 2 1 1 2 3 2 1 3 
8.8e+04 ; 9.997e-21 ; True ; 7 31 48 86 150 155 196 220 305 359 407 498 511 534  ; 5 2 1 4 2 1 3 4 1 2 1 1 2 1 1 1 1 3 
1.02e+05 ; 1.929e-20 ; True ; 3 58 91 116 153 157 224 325 330 375 410 441 447 515 594  ; 5 2 2 1 1 1 2 5 1 3 2 1 2 2 4 1 1 1 
1.03e+05 ; 3.742e-20 ; True ; 7 58 91 105 129 219 220 224 345 400 414 422 463 464 501  ; 4 3 1 3 2 1 1 5 1 3 1 1 1 3 2 1 2 4 
1.17e+05 ; 5.77e-20 ; True ; 7 81 150 152 192 203 212 220 324 330 412 457 516 557 573 594  ; 3 2 1 2 4 1 2 2 1 4 1 1 2 3 3 1 1 5 
1.18e+05 ; 7.34e-20 ; True ; 7 31 67 87 105 134 152 163 173 245 305 379 409 422 445 587  ; 3 2 1 4 4 1 1 4 1 3 1 4 1 2 1 1 3 3 
1.34e+05 ; 1.173e-19 ; True ; 29 58 94 103 128 179 192 211 219 220 316 330 367 390 472 498 594  ; 7 2 1 3 1 1 3 5 1 3 1 2 2 3 4 1 1 2 
1.47e+05 ; 6.424e-19 ; True ; 7 23 50 58 152 157 175 186 197 215 350 359 393 394 407 415 420 562  ; 7 3 1 5 3 1 3 4 1 2 1 1 2 2 2 3 2 3 
1.51e+05 ; 8.167e-19 ; True ; 58 70 87 92 168 186 224 234 246 261 305 339 367 375 431 441 584 594  ; 6 3 1 3 2 1 3 3 2 2 2 2 2 3 3 1 1 5 
2.07e+05 ; 8.94e-19 ; True ; 7 54 58 62 91 105 106 109 175 219 220 230 231 359 400 422 447 472 516 541 566  ; 4 3 1 4 4 1 2 4 1 4 1 4 1 3 2 2 1 7 
2.07e+05 ; 9.691e-19 ; True ; 39 58 72 100 192 233 247 262 291 292 362 381 383 407 415 451 457 464 498 509 538  ; 8 5 1 2 4 1 2 3 1 4 2 1 1 2 3 3 2 4 
2.1e+05 ; 1.572e-18 ; True ; 81 105 133 135 150 163 247 290 291 324 329 330 365 375 381 462 472 545 554 573 578  ; 4 3 1 3 3 1 2 2 2 2 2 3 2 1 3 3 2 7 
2.29e+05 ; 2.085e-18 ; True ; 7 21 58 72 73 141 150 152 177 188 234 256 271 287 302 312 373 379 404 420 508 519  ; 7 3 1 4 2 1 3 5 1 2 3 2 2 2 2 2 2 5 
2.3e+05 ; 2.639e-18 ; True ; 58 92 98 117 123 151 157 192 220 224 243 275 276 311 313 368 381 444 508 514 570 594  ; 7 2 1 4 2 1 3 6 2 2 1 1 3 3 4 2 3 3 
2.48e+05 ; 2.99e-18 ; True ; 7 15 22 58 91 97 105 143 150 184 195 197 224 245 267 387 414 419 445 466 476 511 594  ; 4 5 1 3 3 1 3 5 1 3 3 1 2 5 4 1 1 10 
2.49e+05 ; 3.781e-18 ; True ; 3 41 105 130 150 152 158 175 228 247 302 307 325 350 359 379 407 415 427 428 445 545 594  ; 5 5 1 4 4 1 3 6 2 3 2 2 1 2 2 1 3 4 
2.5e+05 ; 4.579e-18 ; True ; 10 58 106 125 132 152 187 219 223 244 245 322 374 397 407 430 437 443 472 508 528 568 594  ; 5 4 2 2 4 1 5 4 1 3 1 3 2 4 2 1 2 5 
2.7e+05 ; 4.736e-18 ; True ; 41 42 84 96 150 152 153 163 214 255 261 278 287 352 407 444 463 472 479 486 511 535 574 596  ; 4 3 1 2 4 1 4 5 1 4 2 2 2 1 2 4 4 5 
2.74e+05 ; 7.989e-18 ; True ; 7 35 37 42 87 105 116 152 157 165 175 179 261 305 372 375 400 408 419 463 533 552 565 568  ; 6 3 1 3 5 1 1 4 2 5 1 3 2 3 2 3 3 8 
2.95e+05 ; 1.157e-17 ; True ; 7 16 48 58 94 105 125 163 168 201 214 221 227 276 287 305 308 319 360 407 472 489 490 528 550  ; 7 3 1 5 4 1 4 5 2 4 1 3 3 3 4 1 1 5 
3.18e+05 ; 1.571e-17 ; True ; 5 8 14 23 58 87 152 163 187 202 222 247 287 288 301 394 414 416 430 472 500 521 551 555 557 573  ; 6 3 1 4 3 1 3 4 2 6 3 3 2 2 3 1 3 4 
3.2e+05 ; 2.105e-17 ; True ; 13 21 52 64 91 152 189 197 203 234 260 272 287 295 305 322 452 457 472 490 511 535 545 555 590 594  ; 4 4 1 3 3 1 5 5 1 5 3 4 3 3 3 1 2 4 
3.21e+05 ; 2.133e-17 ; True ; 25 44 87 94 99 143 150 163 175 178 207 219 224 241 243 247 261 375 428 457 490 525 526 558 586 594  ; 6 5 1 4 2 1 4 5 2 3 2 3 3 2 3 1 3 9 
3.48e+05 ; 2.198e-17 ; True ; 4 40 87 94 99 143 145 163 175 205 207 224 241 243 247 253 261 415 428 483 490 496 510 558 569 586 594  ; 7 3 1 3 2 1 3 5 2 3 2 3 3 2 4 2 3 9 
3.77e+05 ; 2.973e-17 ; True ; 27 29 58 61 70 91 105 163 186 200 207 247 266 289 291 305 316 324 333 375 399 438 525 545 549 568 583 590  ; 6 2 1 3 3 1 5 6 3 5 2 3 1 3 4 2 3 4 
3.92e+05 ; 3.874e-17 ; True ; 3 7 60 72 116 152 155 157 175 179 201 210 220 238 245 294 316 322 368 379 414 437 465 482 511 512 518 546 594  ; 6 3 1 1 3 2 2 10 2 3 3 2 4 2 4 3 3 8 
3.97e+05 ; 5.722e-17 ; True ; 2 7 21 25 29 58 62 79 91 116 150 160 163 194 199 243 287 290 291 302 310 352 391 416 473 521 563 564 591  ; 3 3 1 6 4 1 4 7 2 2 3 2 2 2 5 2 4 7 
4.01e+05 ; 5.767e-17 ; True ; 13 91 105 115 116 125 155 163 175 189 224 247 250 287 310 402 422 436 462 474 480 482 504 506 510 514 524 575 594  ; 4 4 1 5 4 1 2 7 1 4 2 3 3 3 3 2 5 7 
4.03e+05 ; 1.568e-16 ; True ; 7 58 63 83 91 111 124 133 136 139 150 153 160 163 179 218 224 243 257 264 287 375 407 422 449 450 472 512 523  ; 10 3 2 4 4 2 5 4 2 4 5 3 1 2 2 2 3 7 
5.22e+05 ; 2.641e-16 ; True ; 7 13 21 37 58 84 110 131 133 152 177 181 189 220 222 237 290 298 305 321 330 360 377 393 407 443 449 484 526 567 573 574 596  ; 12 6 2 5 3 1 7 5 2 3 2 3 2 3 4 2 2 6 
5.58e+05 ; 3.976e-16 ; True ; 41 58 88 97 99 102 107 132 152 157 163 175 179 197 214 220 222 224 242 243 258 305 396 407 416 419 423 436 445 478 521 523 548 580  ; 8 4 1 5 2 1 4 6 4 6 4 5 2 2 5 1 5 7 

RUN 7:
Optimum Distance: 0

Optimal Team: 
Required Skills: 1 6 8 9 14 19 20 26 31 38 39 40 42 46 50 55 56 57 
Distance; Skill Score; isValid; Team; Skill Counts
4.4e+04 ; 6.573e-23 ; True ; 152 177 245 256 393 407 454 549 577 594  ; 5 1 1 1 2 1 2 1 1 1 1 1 1 1 1 1 1 2 
4.5e+04 ; 8.785e-22 ; True ; 58 224 246 287 298 319 322 465 472 594  ; 4 3 1 1 1 1 3 2 1 1 1 1 1 2 2 1 1 2 
5.5e+04 ; 2.122e-21 ; True ; 27 58 63 224 246 287 319 465 472 564 594  ; 4 2 1 2 1 1 3 3 1 1 1 1 1 2 2 1 1 3 
7.6e+04 ; 2.276e-21 ; True ; 86 140 152 208 214 238 261 329 407 415 416 472 594  ; 3 2 1 1 2 1 3 2 1 1 1 1 1 2 1 1 3 4 
8.9e+04 ; 4.598e-21 ; True ; 3 7 18 94 150 190 224 245 264 285 424 508 594 597  ; 5 2 1 3 2 1 3 2 1 2 1 1 1 2 1 1 1 3 
8.9e+04 ; 1.195e-20 ; True ; 86 140 152 208 214 233 238 261 407 415 416 438 472 594  ; 3 2 1 1 2 1 3 3 1 1 2 1 1 2 2 1 3 4 
8.9e+04 ; 2.697e-20 ; True ; 58 67 87 152 157 162 163 220 247 270 305 393 496 506  ; 7 2 1 2 2 1 3 3 1 4 1 1 1 1 4 2 2 1 
9.1e+04 ; 4.204e-20 ; True ; 7 94 152 155 261 302 352 415 465 472 478 487 496 594  ; 5 2 1 2 3 1 2 4 1 1 2 2 2 3 1 1 1 5 
1.17e+05 ; 3.675e-19 ; True ; 58 87 96 152 157 163 220 247 270 275 302 305 393 437 496 506  ; 6 2 1 3 2 1 4 5 1 3 2 2 1 1 4 2 2 2 
1.3e+05 ; 4.362e-19 ; True ; 58 87 96 152 163 233 247 270 291 302 305 306 375 393 437 496 559  ; 7 3 1 2 2 1 3 5 1 3 3 2 1 1 4 2 2 2 
1.51e+05 ; 9.778e-19 ; True ; 7 95 110 126 152 163 259 291 298 305 375 387 459 476 508 537 558 594  ; 6 3 1 1 4 1 2 4 2 2 4 2 1 3 3 1 3 3 
1.67e+05 ; 1.166e-18 ; True ; 7 91 110 126 152 163 204 214 291 298 305 375 387 455 459 476 537 558 594  ; 6 4 1 1 4 1 2 3 3 2 3 2 1 3 3 1 3 3 
1.68e+05 ; 1.651e-18 ; True ; 2 60 116 123 152 158 163 181 254 261 287 305 379 437 459 465 491 511 594  ; 4 4 1 1 3 1 3 7 1 2 2 2 3 2 4 1 3 7 
2.02e+05 ; 1.737e-18 ; True ; 2 31 86 116 123 152 158 163 165 181 254 261 277 287 305 315 379 459 465 511 594  ; 5 4 1 2 3 1 2 8 1 2 2 1 3 2 4 1 4 7 
2.09e+05 ; 6.634e-18 ; True ; 55 58 63 69 74 152 155 157 195 220 271 305 306 434 435 455 465 472 558 568 594  ; 6 5 1 3 3 1 4 5 1 2 2 2 2 2 4 3 2 3 
2.73e+05 ; 1.423e-17 ; True ; 58 83 106 145 163 175 192 221 330 375 393 419 424 429 436 437 445 460 488 513 558 568 573 594  ; 6 3 1 4 3 1 4 4 1 2 3 3 2 4 4 1 3 6 
3e+05 ; 1.774e-17 ; True ; 23 40 58 69 123 157 163 168 175 200 213 224 264 285 291 320 345 347 375 397 433 465 472 493 537  ; 9 5 1 4 2 1 3 6 2 4 2 3 1 1 6 3 3 4 
3.46e+05 ; 2.361e-17 ; True ; 8 46 58 83 101 112 132 152 163 242 267 278 304 305 322 359 375 379 382 393 407 423 465 470 472 542 592  ; 9 5 2 2 4 1 4 5 2 4 2 4 1 1 3 2 3 6 
3.68e+05 ; 7.047e-17 ; True ; 9 46 82 150 152 155 163 196 198 201 214 224 233 245 254 261 270 278 320 326 375 406 407 437 451 465 470 594  ; 4 3 2 2 4 2 5 5 1 3 4 2 3 2 3 2 3 8 
3.77e+05 ; 9.853e-17 ; True ; 55 58 63 69 74 105 152 155 157 168 169 195 220 271 305 306 318 433 434 435 455 462 465 472 489 558 568 594  ; 7 5 1 5 5 1 4 7 1 4 2 2 2 3 6 3 2 5 
4.6e+05 ; 1.333e-16 ; True ; 41 58 77 100 114 116 131 152 154 163 167 190 192 224 244 247 259 287 310 355 381 388 393 451 474 475 490 508 511 567 577  ; 9 6 1 3 4 1 2 5 2 2 2 3 6 2 5 2 5 6 
4.61e+05 ; 1.558e-16 ; True ; 7 33 58 92 118 128 150 161 163 168 228 287 298 305 324 330 343 381 394 401 415 420 429 442 464 472 503 521 525 537 544  ; 9 3 1 4 3 2 5 5 2 5 2 5 2 2 3 2 3 7 
4.89e+05 ; 2.335e-16 ; True ; 7 38 54 57 58 83 141 146 152 194 200 216 224 234 252 256 278 284 287 332 339 345 406 407 444 447 463 511 534 573 578 594  ; 9 5 1 4 5 1 3 7 2 2 2 4 4 3 3 2 4 8 
5.88e+05 ; 7.98e-16 ; True ; 23 58 69 71 94 128 157 163 196 201 224 233 238 241 246 266 267 285 291 330 385 387 401 414 415 455 472 490 500 507 508 537 545 566 590  ; 12 6 2 3 3 1 3 5 2 6 5 3 3 2 7 3 2 9 

RUN 8:
Optimum Distance: 0

Optimal Team: 
Required Skills: 1 6 8 9 14 19 20 26 31 38 39 40 42 46 50 55 56 57 
Distance; Skill Score; isValid; Team; Skill Counts
6.5e+04 ; 7.035e-22 ; True ; 94 133 152 175 186 220 262 263 313 407 467 555  ; 2 2 1 2 3 1 1 4 1 1 1 2 1 1 1 1 2 1 
7.7e+04 ; 8.223e-22 ; True ; 7 139 140 207 224 228 232 249 287 295 407 435 490  ; 4 3 1 1 1 1 2 3 1 1 1 1 2 1 2 1 1 2 
7.7e+04 ; 2.826e-21 ; True ; 7 52 54 58 72 244 415 444 465 509 552 561 573  ; 4 2 1 2 2 1 1 3 1 1 1 1 1 2 2 2 1 3 
9e+04 ; 1.184e-20 ; True ; 29 150 175 196 213 224 253 272 281 287 484 508 545 594  ; 3 1 1 2 2 1 3 4 1 2 2 1 2 1 2 1 2 2 
1.03e+05 ; 3.515e-19 ; True ; 54 118 152 163 220 224 237 305 367 407 472 489 511 545 590  ; 6 3 1 2 2 1 5 5 1 1 1 2 4 1 2 2 3 3 
1.34e+05 ; 5.833e-19 ; True ; 54 118 152 162 163 175 220 224 237 247 330 367 472 489 511 545 590  ; 5 3 1 2 2 1 3 6 2 1 1 2 4 1 2 2 4 3 
1.52e+05 ; 6.342e-19 ; True ; 33 58 155 175 207 250 305 354 379 407 415 429 462 510 526 528 594 598  ; 7 3 1 4 3 1 5 5 1 2 1 3 1 2 2 1 2 5 
1.52e+05 ; 6.471e-19 ; True ; 58 116 156 245 250 262 268 297 305 313 339 407 430 462 510 537 590 594  ; 5 2 1 4 3 1 5 4 1 2 2 3 1 3 3 1 1 4 
1.68e+05 ; 1.157e-18 ; True ; 7 40 58 73 76 99 133 152 175 186 220 257 262 263 407 422 467 494 594  ; 3 3 1 3 5 1 3 6 1 1 2 2 1 3 3 1 4 6 
1.7e+05 ; 1.851e-18 ; True ; 33 58 115 116 156 175 250 297 305 354 388 407 415 429 462 510 528 537 594  ; 7 3 1 4 3 1 4 5 1 3 2 3 1 2 3 1 2 4 
2.05e+05 ; 7.531e-18 ; True ; 7 58 76 94 99 133 152 175 186 204 220 250 262 263 313 359 407 422 467 494 594  ; 5 5 1 4 6 1 3 5 2 1 2 3 1 3 3 1 3 7 
2.26e+05 ; 2.033e-17 ; True ; 7 58 94 99 115 116 133 134 152 175 204 220 223 237 250 262 263 313 407 462 494 594  ; 6 4 1 3 5 1 4 7 2 2 2 2 2 4 4 1 2 7 
2.49e+05 ; 2.902e-17 ; True ; 7 58 94 99 116 117 133 134 152 175 220 223 250 262 313 321 407 412 462 496 560 590 594  ; 6 4 1 3 5 1 4 5 2 3 2 2 2 5 4 1 2 7 
3.75e+05 ; 4.75e-17 ; True ; 7 44 60 94 115 163 175 201 241 245 261 291 326 343 344 370 394 397 407 414 415 472 475 487 537 557 584 594  ; 8 2 1 2 4 2 4 7 1 6 4 4 1 3 3 3 2 7 
4.02e+05 ; 1.169e-16 ; True ; 7 31 60 78 87 100 136 152 175 179 220 262 275 277 278 291 351 416 422 435 437 465 477 516 550 558 581 582 594  ; 6 3 2 4 6 1 2 4 3 3 2 4 2 2 3 3 3 7 
5.25e+05 ; 4.552e-16 ; True ; 14 22 29 47 58 102 108 114 123 133 153 163 192 202 214 222 224 246 270 275 279 287 291 374 403 406 407 445 472 524 531 564 594  ; 8 4 1 4 3 1 4 6 4 3 5 3 2 3 5 2 3 10 

RUN 9:
Optimum Distance: 0

Optimal Team: 
Required Skills: 1 6 8 9 14 19 20 26 31 38 39 40 42 46 50 55 56 57 
Distance; Skill Score; isValid; Team; Skill Counts
4.3e+04 ; 5.151e-22 ; True ; 7 152 163 190 200 375 407 472 484 498  ; 3 1 1 1 3 1 2 1 2 2 1 1 1 1 1 1 2 2 
5.4e+04 ; 1.209e-21 ; True ; 7 33 52 152 163 200 287 375 407 472 484  ; 2 1 1 1 3 2 2 1 3 1 1 2 1 1 1 1 2 2 
7.6e+04 ; 1.333e-21 ; True ; 108 132 163 175 217 220 224 250 375 387 393 508 590  ; 3 2 1 1 1 2 2 2 1 1 1 1 1 1 2 1 3 3 
7.6e+04 ; 4.468e-21 ; True ; 6 87 91 152 174 233 247 261 287 293 305 472 494  ; 3 2 2 2 1 1 2 3 1 2 1 2 1 2 1 1 1 3 
9e+04 ; 2.798e-20 ; True ; 7 33 52 58 163 165 200 287 375 403 407 484 499 511  ; 4 2 1 2 3 2 2 3 3 1 1 1 1 2 2 1 1 4 
1.02e+05 ; 4.793e-20 ; True ; 27 58 87 152 163 211 246 375 391 394 430 435 455 458 555  ; 3 3 1 2 2 1 2 3 2 2 2 1 1 2 2 1 2 3 
1.18e+05 ; 5.37e-20 ; True ; 27 58 87 152 163 200 211 246 375 391 430 435 436 455 458 555  ; 3 3 1 2 2 1 1 3 3 2 2 1 1 3 2 1 2 3 
1.31e+05 ; 7.465e-20 ; True ; 5 27 58 118 152 163 211 246 258 292 375 394 430 435 455 465 555  ; 3 4 1 2 3 1 2 3 1 3 2 1 1 2 2 1 2 4 
1.35e+05 ; 2.189e-19 ; True ; 7 36 58 94 128 165 224 237 322 330 379 392 415 454 503 525 594  ; 8 3 1 2 2 1 3 4 1 2 1 2 1 3 3 1 3 3 
1.68e+05 ; 3.029e-19 ; True ; 7 23 60 64 65 77 141 161 163 177 224 226 232 249 327 373 407 415 594  ; 9 2 1 2 4 1 3 5 1 2 2 2 1 2 3 1 2 3 
1.68e+05 ; 3.106e-19 ; True ; 3 13 58 94 105 152 214 249 283 292 352 375 442 465 510 534 560 573 594  ; 4 5 1 5 4 1 2 4 1 2 1 1 2 3 3 1 1 4 
1.69e+05 ; 3.965e-19 ; True ; 20 27 58 59 87 141 152 163 211 246 251 391 394 415 430 435 455 458 555  ; 6 3 1 2 2 1 2 3 2 4 3 2 1 2 2 1 2 4 
1.7e+05 ; 7.243e-19 ; True ; 7 36 58 94 128 224 237 270 314 317 322 330 341 379 392 415 454 472 594  ; 7 3 1 2 2 1 4 4 1 3 1 3 1 3 4 1 3 3 
1.88e+05 ; 7.712e-19 ; True ; 14 58 60 133 155 173 218 278 287 303 357 371 381 407 418 422 441 448 509 594  ; 5 4 1 2 3 1 4 5 1 3 3 2 2 2 2 1 1 4 
2.04e+05 ; 8.63e-19 ; True ; 7 20 86 152 158 165 219 220 229 243 245 266 275 305 357 377 385 398 407 423 594  ; 5 2 1 3 3 2 5 3 1 4 2 2 1 2 2 1 2 4 
2.07e+05 ; 1.641e-18 ; True ; 54 58 68 94 130 152 175 188 192 246 250 271 276 359 375 394 407 421 556 568 578  ; 5 5 1 6 3 1 3 7 1 2 1 2 2 2 2 1 3 4 
2.08e+05 ; 1.69e-18 ; True ; 45 58 87 105 142 144 152 163 164 179 197 201 249 352 375 414 419 470 472 535 573  ; 3 4 1 3 3 1 2 5 1 2 3 2 2 2 3 1 3 7 
2.08e+05 ; 2.162e-18 ; True ; 58 105 119 144 152 178 226 245 249 292 375 391 414 472 499 508 510 534 535 560 594  ; 5 4 1 3 4 2 3 7 1 2 2 1 1 3 2 2 2 5 
2.24e+05 ; 6.618e-18 ; True ; 7 23 34 91 101 133 149 150 152 163 173 175 179 205 212 232 248 258 354 375 380 594  ; 4 2 1 3 5 1 3 6 2 3 3 2 1 2 3 2 3 5 
2.75e+05 ; 1.551e-17 ; True ; 14 58 86 87 152 153 168 172 205 207 220 224 234 285 328 339 355 375 435 472 476 558 564 589  ; 5 4 1 3 2 2 4 3 1 4 3 3 2 2 3 3 3 2 
3.21e+05 ; 1.847e-17 ; True ; 7 29 65 157 175 197 220 224 247 280 302 305 314 331 359 381 394 397 427 443 456 465 472 547 566 598  ; 6 3 1 2 2 1 3 6 2 4 2 3 3 2 4 2 3 7 
3.23e+05 ; 2.077e-17 ; True ; 45 58 87 105 144 152 163 178 201 226 249 283 292 352 375 391 414 419 428 470 472 510 535 560 573 594  ; 4 6 1 3 5 1 3 6 1 3 3 1 2 3 4 2 3 9 
3.44e+05 ; 3.177e-17 ; True ; 2 6 7 12 89 114 163 192 233 268 270 290 322 379 407 415 435 445 452 508 511 542 550 556 577 586 594  ; 11 2 2 3 3 1 2 7 2 4 4 3 2 3 4 1 2 8 
3.76e+05 ; 4.012e-17 ; True ; 152 169 192 195 247 254 255 261 291 305 317 330 335 336 339 381 382 386 414 415 434 472 489 511 538 563 585 594  ; 8 5 1 4 2 1 4 9 2 3 3 2 3 3 2 2 2 7 
3.99e+05 ; 6.978e-17 ; True ; 7 29 65 92 157 175 188 197 210 220 224 247 253 302 305 314 331 334 359 394 427 428 429 435 443 465 472 566 598  ; 9 3 1 3 3 1 3 5 2 5 5 3 2 2 4 3 2 6 
4.27e+05 ; 1.239e-16 ; True ; 7 33 54 58 94 107 157 175 196 213 224 225 236 245 292 305 308 313 323 345 354 362 391 403 423 435 448 508 511 536  ; 10 7 1 4 5 1 2 7 4 2 3 4 2 2 3 3 2 4 
4.9e+05 ; 2.267e-16 ; True ; 48 58 93 98 104 110 141 150 152 168 175 200 214 224 234 245 282 302 323 358 359 393 404 407 416 435 451 459 513 535 538 573  ; 8 5 1 4 3 1 3 10 2 3 3 3 3 1 4 4 6 6 
6.22e+05 ; 2.522e-16 ; True ; 7 87 132 140 150 152 165 169 175 208 225 230 235 237 255 287 329 362 381 389 394 401 405 438 443 452 472 476 512 520 521 529 533 550 578 594  ; 7 4 1 3 4 1 5 5 2 6 2 3 3 4 3 3 3 5 
6.24e+05 ; 5.849e-16 ; True ; 133 136 143 152 169 175 192 195 204 245 247 250 255 261 291 305 317 324 330 335 336 339 345 381 382 386 406 434 472 511 538 554 563 573 585 594  ; 10 7 1 4 3 1 4 10 2 3 3 5 4 3 3 2 3 9 

RUN 10:
Optimum Distance: 0

Optimal Team: 
Required Skills: 1 6 8 9 14 19 20 26 31 38 39 40 42 46 50 55 56 57 
Distance; Skill Score; isValid; Team; Skill Counts
5.4e+04 ; 2.208e-22 ; True ; 7 71 75 179 185 220 305 330 379 510 511  ; 3 2 1 1 1 1 1 2 2 2 1 1 1 1 1 1 1 3 
6.5e+04 ; 9.045e-22 ; True ; 2 7 21 30 91 150 152 282 305 331 375 582  ; 2 2 1 2 3 1 2 2 1 2 1 1 1 1 1 1 1 3 
6.6e+04 ; 1.819e-21 ; True ; 58 235 290 303 309 381 407 415 457 510 545 594  ; 4 2 1 2 1 1 3 2 1 1 1 1 1 2 2 1 1 4 
7.6e+04 ; 3.816e-21 ; True ; 7 10 152 175 287 330 339 360 415 431 542 594 596  ; 2 1 1 2 3 2 1 2 1 1 2 2 1 2 1 1 2 3 
7.7e+04 ; 4.916e-21 ; True ; 7 94 163 239 287 291 295 396 407 550 565 575 594  ; 3 1 1 2 3 1 2 1 1 2 2 1 1 2 3 1 1 5 
8.7e+04 ; 2.781e-20 ; True ; 2 7 58 87 150 152 160 173 220 351 367 431 471 509  ; 3 3 1 2 4 1 2 3 1 2 1 1 2 2 2 1 1 4 
1.01e+05 ; 4.342e-20 ; True ; 7 9 14 58 87 150 152 160 173 220 322 351 407 471 509  ; 3 3 2 3 4 1 3 2 1 2 1 1 1 2 2 1 1 4 
1.17e+05 ; 9.63e-20 ; True ; 7 58 87 152 160 183 192 205 220 230 272 305 351 367 471 507  ; 5 2 1 3 4 1 3 5 1 2 1 1 2 3 2 1 1 3 
1.32e+05 ; 2.563e-19 ; True ; 7 13 58 146 150 152 220 257 330 422 436 467 520 534 543 594 596  ; 3 3 1 4 4 1 3 3 1 1 1 1 1 4 4 2 2 3 
1.33e+05 ; 2.957e-19 ; True ; 60 94 103 112 163 214 220 260 291 305 336 372 407 511 535 539 594  ; 5 2 1 2 2 1 3 5 1 2 2 2 1 1 4 2 3 4 
1.34e+05 ; 7.399e-19 ; True ; 7 13 23 58 100 150 152 220 231 257 407 422 474 520 543 594 596  ; 5 3 1 4 3 1 4 3 1 1 1 3 1 3 4 2 2 3 
1.5e+05 ; 8.346e-19 ; True ; 33 105 150 152 153 157 173 175 192 220 330 336 389 405 453 515 582 594  ; 5 2 1 4 3 1 2 6 1 3 2 2 1 3 3 2 2 2 
1.85e+05 ; 8.59e-19 ; True ; 7 87 175 192 218 233 325 347 375 382 406 420 428 435 437 448 453 576 594 596  ; 5 2 1 3 3 1 2 3 2 2 3 3 1 3 2 2 2 2 
1.86e+05 ; 1.348e-18 ; True ; 33 105 150 152 153 157 173 175 192 228 314 322 330 336 375 389 405 515 582 594  ; 5 3 1 4 3 1 2 5 1 4 2 2 1 3 3 2 2 2 
2.04e+05 ; 1.357e-18 ; True ; 72 98 152 153 175 255 272 291 305 313 361 375 382 405 407 411 445 527 561 594 596  ; 6 2 1 2 2 1 4 4 2 5 2 3 1 1 3 3 2 3 
2.05e+05 ; 2.248e-18 ; True ; 7 15 42 52 82 89 150 220 224 245 267 305 379 407 437 438 498 511 537 580 596  ; 7 3 1 3 2 2 4 4 1 7 1 4 2 1 2 2 2 3 
2.23e+05 ; 5.199e-18 ; True ; 7 33 152 155 175 198 213 220 225 245 282 295 302 305 328 364 436 472 508 534 552 576  ; 6 2 1 3 5 2 2 4 2 3 2 3 2 2 2 1 3 4 
2.7e+05 ; 7.907e-18 ; True ; 7 42 89 150 168 188 220 224 245 259 267 283 305 379 407 437 438 492 498 507 511 545 580 596  ; 7 3 1 2 3 2 4 4 2 7 2 2 2 1 3 2 2 4 
2.99e+05 ; 1.196e-17 ; True ; 36 38 58 74 86 89 152 175 222 224 246 272 274 282 305 330 415 438 453 481 483 534 568 594 596  ; 10 3 1 5 3 1 4 7 2 4 1 2 2 2 5 1 5 2 
3.18e+05 ; 1.212e-17 ; True ; 2 105 106 116 150 163 195 224 230 253 285 290 291 294 305 344 391 411 415 437 443 453 508 533 534 586  ; 11 4 1 5 2 1 3 4 1 5 2 3 3 2 3 2 2 4 
3.22e+05 ; 4.603e-17 ; True ; 7 82 126 134 141 152 188 220 221 222 224 243 291 302 324 326 375 386 407 414 434 512 556 576 582 594  ; 11 4 1 2 4 2 3 5 2 3 4 2 2 2 3 2 3 5 
3.74e+05 ; 5.971e-17 ; True ; 1 35 58 91 98 123 133 152 227 245 305 334 363 367 377 378 393 414 445 447 462 472 490 509 545 551 569 594  ; 8 6 1 3 4 1 5 7 2 2 3 5 3 2 3 2 1 6 
3.94e+05 ; 1.097e-16 ; True ; 7 33 106 152 163 175 198 213 220 225 235 245 259 282 295 302 305 328 347 370 409 436 472 508 510 534 552 574 576  ; 5 2 1 4 6 2 2 4 2 4 4 4 2 2 3 2 4 8 
4.51e+05 ; 3.324e-16 ; True ; 7 13 29 93 110 116 128 152 163 166 170 175 232 271 291 303 309 339 360 375 382 393 407 414 451 464 480 506 508 537 594  ; 7 3 2 3 4 1 3 9 2 2 4 2 3 2 6 3 5 7 

