m: 20
Instance: 1
Algorithm: MOSA
Iteration: 1000
Population Size: 100
RUN 1:
Optimum Distance: 0

Optimal Team: 
Required Skills: 0 5 10 13 15 19 20 24 26 30 34 35 36 38 39 40 41 42 55 56 
Distance; Skill Score; isValid; Team; Skill Counts
6.4e+04 ; 1.432e-24 ; True ; 5 36 152 238 325 348 370 376 409 487 576 633  ; 2 1 1 1 1 1 1 1 3 3 4 2 3 1 1 1 1 1 1 1 
7.6e+04 ; 5.79e-24 ; True ; 5 36 216 236 238 255 295 325 348 370 487 499 576  ; 2 1 1 1 1 1 1 3 3 2 5 2 3 1 1 1 1 2 1 1 
7.6e+04 ; 6.521e-24 ; True ; 5 36 216 236 238 295 325 348 370 376 487 576 633  ; 2 1 1 1 1 1 1 2 4 3 4 2 3 1 1 1 1 2 1 1 
8.9e+04 ; 1.512e-23 ; True ; 5 9 36 70 216 238 255 273 325 370 444 487 499 576  ; 2 1 2 1 1 1 1 4 2 2 7 2 2 2 2 1 1 1 1 1 
1.05e+05 ; 1.586e-23 ; True ; 5 163 201 238 256 284 286 343 383 396 409 506 512 564 629  ; 3 1 2 1 1 1 2 2 3 1 5 2 1 1 2 1 2 2 1 1 
1.18e+05 ; 2.575e-23 ; True ; 5 36 74 86 216 236 238 255 295 322 370 487 499 558 576 622  ; 3 1 2 1 1 1 1 3 4 4 5 2 1 1 2 1 1 2 1 1 
1.18e+05 ; 3.036e-23 ; True ; 5 17 36 71 77 157 243 268 308 355 386 409 424 457 506 576  ; 3 1 4 2 1 1 1 3 4 1 7 2 1 1 2 1 2 1 1 1 
1.35e+05 ; 5.127e-23 ; True ; 5 31 36 45 89 128 157 169 251 309 341 352 409 460 500 506 523  ; 4 2 2 1 1 1 2 3 3 1 5 2 2 1 1 2 2 1 1 1 
1.48e+05 ; 1.359e-22 ; True ; 5 12 36 63 88 148 150 163 220 236 303 358 359 360 412 449 473 528  ; 5 1 1 2 1 1 2 4 3 2 4 3 1 3 1 1 1 2 1 2 
1.51e+05 ; 5.146e-22 ; True ; 5 36 50 77 177 206 236 242 308 323 355 371 399 411 457 487 506 576  ; 4 2 4 1 1 1 1 3 3 2 5 3 2 2 1 1 2 1 2 2 
1.65e+05 ; 1.737e-21 ; True ; 5 44 101 103 201 238 261 262 268 289 311 316 325 352 435 466 469 527 576  ; 3 1 2 1 2 1 2 3 3 2 5 2 2 3 3 3 1 1 2 2 
2.03e+05 ; 6.024e-21 ; True ; 5 44 101 103 201 238 261 262 268 289 319 325 328 352 386 435 457 466 469 491 576  ; 4 1 2 1 3 1 2 3 4 2 7 2 3 2 3 4 2 1 1 2 
2.73e+05 ; 9.576e-21 ; True ; 5 9 47 91 102 152 157 236 240 252 311 325 334 343 356 433 466 467 514 525 526 533 604 629  ; 3 2 2 1 2 1 2 3 3 2 5 2 3 3 3 3 1 2 2 2 
3.19e+05 ; 2.045e-20 ; True ; 5 12 29 50 112 171 183 217 219 245 256 260 262 275 317 369 374 394 400 449 455 466 485 507 542 628  ; 3 2 2 1 1 1 3 4 6 2 6 2 2 2 2 2 3 2 2 4 
3.19e+05 ; 5.329e-20 ; True ; 5 7 26 36 73 93 148 150 153 163 169 188 206 218 227 237 268 306 369 379 409 471 542 598 626 635  ; 6 2 3 1 2 1 2 5 3 2 7 2 4 4 2 1 2 2 2 4 
3.69e+05 ; 5.541e-20 ; True ; 5 44 96 139 145 148 160 206 256 262 316 325 334 339 344 355 427 442 449 457 482 506 542 554 576 582 607 632  ; 7 2 4 1 1 1 4 4 8 1 8 2 4 3 1 3 2 3 2 2 
3.75e+05 ; 6.935e-20 ; True ; 5 14 58 76 79 83 119 121 238 289 322 343 360 409 410 416 430 449 456 461 487 492 494 497 533 558 601 629  ; 4 2 4 3 2 1 4 5 9 4 7 2 3 3 3 1 1 1 2 1 
4e+05 ; 1.987e-19 ; True ; 5 44 96 103 121 132 134 159 160 206 221 262 268 292 313 315 322 325 337 397 416 438 443 449 474 542 572 576 592  ; 5 3 3 1 2 1 3 7 9 2 8 2 6 4 3 3 2 1 2 1 
4.63e+05 ; 2.028e-19 ; True ; 5 78 79 97 124 131 159 175 198 205 221 223 249 251 252 268 275 280 310 317 343 371 386 409 417 480 502 516 526 568 637  ; 5 4 4 2 2 1 3 6 5 2 6 2 5 2 2 2 3 1 1 3 
4.88e+05 ; 2.799e-19 ; True ; 5 28 49 50 78 94 112 150 153 170 216 226 266 271 280 289 295 296 304 325 343 348 372 419 427 439 495 497 527 541 615 635  ; 3 2 4 1 3 1 1 4 8 3 9 3 5 6 2 2 2 2 3 2 
5.24e+05 ; 4.991e-19 ; True ; 5 19 45 111 112 126 154 155 166 178 234 253 262 295 325 335 357 360 386 395 400 404 412 442 450 461 490 506 538 548 576 612 629  ; 7 3 4 2 1 1 3 5 7 4 10 1 3 4 3 3 4 2 1 2 
5.51e+05 ; 5.835e-19 ; True ; 4 5 9 26 73 86 139 157 210 211 221 242 246 285 308 333 343 349 361 367 378 407 412 444 449 469 477 506 518 523 533 576 599 610  ; 7 2 5 2 1 1 4 5 6 3 10 2 4 3 3 3 2 2 1 3 
5.54e+05 ; 7.682e-19 ; True ; 5 8 29 48 55 114 121 123 129 150 184 200 221 236 238 242 243 256 280 291 316 385 458 462 484 488 506 522 526 555 564 610 612 622  ; 7 3 4 2 2 1 4 4 7 3 7 1 3 4 1 3 2 4 2 3 
6.16e+05 ; 7.811e-19 ; True ; 5 17 19 25 51 68 72 112 146 150 156 175 183 206 225 236 268 291 306 321 383 401 415 455 487 499 502 507 510 514 516 566 575 576 598 599  ; 6 3 5 1 2 1 3 4 7 2 9 2 4 3 5 3 2 2 1 4 
6.21e+05 ; 8.065e-19 ; True ; 5 29 45 49 110 138 150 169 172 199 211 219 250 260 273 304 310 314 325 335 360 367 402 406 412 450 465 470 471 484 485 530 564 582 586 633  ; 3 4 6 1 2 1 2 5 6 2 7 2 3 5 3 3 2 3 2 3 
6.21e+05 ; 1.229e-18 ; True ; 5 17 19 25 51 68 72 88 112 146 150 155 175 183 206 236 255 268 291 306 321 383 391 401 415 430 487 502 507 510 514 516 541 575 576 599  ; 6 3 4 1 2 1 1 7 7 4 9 2 4 4 4 3 2 2 2 4 
6.24e+05 ; 1.279e-18 ; True ; 21 25 36 106 133 150 152 156 203 216 225 236 242 270 275 301 357 386 399 405 440 453 457 466 470 498 506 521 527 536 562 576 598 620 622 635  ; 5 2 3 2 2 1 5 3 7 3 5 2 4 4 5 2 1 3 3 3 
6.58e+05 ; 3.667e-18 ; True ; 5 25 36 41 92 106 113 150 152 156 203 210 225 236 242 270 289 301 329 357 386 398 399 405 440 453 466 470 495 498 506 527 536 598 620 622 635  ; 5 2 5 2 2 1 5 5 6 2 6 3 4 4 3 3 2 3 3 2 
7.71e+05 ; 4.679e-18 ; True ; 5 39 52 78 89 101 126 145 146 205 236 242 245 255 256 308 310 312 319 328 343 376 399 413 428 440 470 473 485 492 506 530 559 590 594 597 598 604 624 637  ; 4 5 5 2 3 1 3 6 6 4 7 5 4 5 3 2 2 2 1 2 
7.71e+05 ; 8.272e-18 ; True ; 5 36 134 135 150 165 169 183 232 236 242 250 256 260 271 280 284 285 291 300 302 326 343 355 404 405 418 443 447 449 461 466 476 509 517 548 582 597 600 628  ; 9 3 5 2 1 1 5 9 10 2 10 3 5 6 3 3 2 2 2 3 

RUN 2:
Optimum Distance: 0

Optimal Team: 
Required Skills: 0 5 10 13 15 19 20 24 26 30 34 35 36 38 39 40 41 42 55 56 
Distance; Skill Score; isValid; Team; Skill Counts
8.8e+04 ; 8.119e-25 ; True ; 5 124 169 308 325 330 398 409 413 436 472 506 586 599  ; 2 1 1 1 1 1 2 1 3 1 5 1 1 1 1 2 2 1 1 1 
1.02e+05 ; 1.679e-24 ; True ; 5 74 114 129 150 167 170 232 302 444 466 475 489 573 599  ; 4 2 1 1 1 1 1 2 4 1 2 1 2 1 1 1 1 1 1 2 
1.02e+05 ; 1.921e-24 ; True ; 5 150 163 189 207 262 283 324 386 404 433 460 463 506 587  ; 5 2 1 1 1 1 1 2 5 1 4 1 1 1 1 1 2 1 1 1 
1.05e+05 ; 4.628e-24 ; True ; 5 78 124 149 150 169 308 325 330 409 413 436 506 588 599  ; 2 1 1 1 1 1 2 1 3 1 5 1 1 1 2 2 3 1 1 2 
1.16e+05 ; 7.433e-24 ; True ; 5 93 124 169 296 325 330 386 398 409 413 436 472 506 532 586  ; 2 1 1 1 1 1 2 1 4 2 6 1 2 2 1 2 2 1 1 1 
1.33e+05 ; 6.099e-23 ; True ; 5 17 20 114 129 141 153 170 232 238 397 444 485 489 541 573 621  ; 1 3 2 1 1 1 1 3 4 2 3 2 3 1 2 1 2 1 1 2 
1.35e+05 ; 6.888e-23 ; True ; 1 5 36 63 89 94 150 152 169 180 221 241 327 444 501 541 546  ; 4 1 2 1 2 1 1 4 5 2 6 2 1 3 1 1 1 1 1 2 
1.36e+05 ; 7.696e-23 ; True ; 5 78 124 140 150 169 170 282 308 325 330 342 409 436 443 485 506  ; 1 1 1 1 2 1 2 3 3 1 6 2 1 2 3 2 3 1 1 2 
1.52e+05 ; 8.393e-23 ; True ; 5 78 124 131 140 169 236 282 308 325 330 342 436 443 451 485 506 553  ; 1 1 1 1 1 1 3 5 2 1 6 2 3 2 3 2 3 1 1 1 
1.66e+05 ; 1.344e-22 ; True ; 5 18 29 55 60 140 148 150 221 236 294 319 334 345 386 442 561 608 631  ; 5 2 2 1 1 1 2 3 5 1 6 1 2 1 1 2 1 1 2 3 
1.68e+05 ; 5.423e-22 ; True ; 5 24 50 59 113 152 153 233 249 263 317 341 386 439 444 485 506 542 634  ; 1 2 4 2 1 1 2 3 4 1 6 2 3 4 2 3 1 1 1 1 
1.85e+05 ; 9.87e-22 ; True ; 1 5 36 56 148 193 219 221 236 237 245 293 305 328 365 386 449 541 542 568  ; 5 1 1 2 1 1 3 7 7 3 8 2 3 2 1 1 1 1 3 1 
2.06e+05 ; 1.134e-21 ; True ; 5 14 24 50 59 108 113 152 153 195 249 263 318 386 439 444 485 506 542 561 634  ; 2 2 4 2 1 1 2 3 4 1 8 2 4 3 2 3 1 1 1 1 
2.28e+05 ; 1.204e-21 ; True ; 5 63 69 81 89 142 151 153 169 180 203 221 238 310 341 375 386 409 439 509 586 629  ; 5 2 5 1 1 1 2 1 5 1 3 1 3 3 3 3 1 2 1 3 
2.31e+05 ; 1.23e-21 ; True ; 5 9 14 58 78 105 145 169 180 303 325 338 344 354 444 479 487 514 523 530 541 607  ; 5 2 2 1 2 1 1 2 4 3 6 1 3 2 3 1 2 2 2 1 
2.46e+05 ; 1.754e-21 ; True ; 49 56 83 216 221 258 291 304 315 343 386 400 409 433 439 440 461 466 486 542 548 573 612  ; 3 1 2 3 2 2 3 2 7 2 7 1 4 3 1 3 1 1 1 1 
2.48e+05 ; 3.538e-21 ; True ; 5 25 111 144 187 232 236 245 256 325 343 345 352 410 453 459 466 474 493 530 546 604 633  ; 3 2 3 1 1 1 3 3 4 3 6 2 3 3 2 3 1 2 1 1 
2.52e+05 ; 3.689e-21 ; True ; 12 28 36 59 69 84 112 146 159 262 264 295 303 304 339 399 404 410 461 505 539 575 576  ; 5 2 1 2 1 2 2 4 5 1 6 3 2 2 2 3 1 2 2 1 
2.71e+05 ; 6.587e-21 ; True ; 8 9 54 59 61 153 170 183 238 301 303 310 411 419 444 457 462 505 506 509 576 589 612 633  ; 3 2 1 2 1 1 2 3 4 4 7 2 2 2 4 3 1 1 2 3 
2.71e+05 ; 1.936e-20 ; True ; 5 18 29 36 141 150 153 177 183 221 242 262 293 360 361 371 411 428 506 541 572 590 612 616  ; 5 3 3 2 2 1 2 5 5 2 7 2 1 1 3 4 1 1 2 3 
2.95e+05 ; 1.968e-19 ; True ; 5 18 29 36 96 141 150 153 157 159 177 183 221 242 262 268 285 293 360 411 428 506 541 612 616  ; 6 3 3 2 2 1 2 5 7 2 7 2 1 3 3 4 1 2 3 3 
4e+05 ; 3.062e-19 ; True ; 5 18 29 36 76 96 150 153 157 159 181 183 216 221 237 242 262 268 285 293 348 360 394 411 428 506 518 612 624  ; 5 3 3 3 3 1 2 5 8 1 7 2 2 5 3 3 1 2 2 3 
4.84e+05 ; 6.749e-19 ; True ; 3 20 29 38 147 150 167 213 221 236 238 251 283 300 316 322 325 364 371 386 399 415 444 446 449 457 470 506 541 610 629 631  ; 7 1 3 2 2 2 5 5 10 2 9 1 5 2 2 3 2 3 2 3 
5.52e+05 ; 6.783e-19 ; True ; 5 7 206 225 236 245 263 268 293 322 325 333 343 367 369 390 412 413 417 424 425 458 461 473 474 490 506 537 548 576 581 583 630 637  ; 3 3 4 1 2 1 3 6 6 6 7 3 5 3 4 3 1 1 2 3 
5.52e+05 ; 1.267e-18 ; True ; 3 20 29 50 65 147 167 205 213 221 236 238 251 283 300 317 322 325 364 371 386 399 441 444 446 449 457 470 505 506 541 610 629 631  ; 5 1 4 1 2 2 5 5 10 4 9 2 5 3 2 3 2 2 2 3 
6.17e+05 ; 1.531e-18 ; True ; 5 36 113 138 148 163 221 299 310 325 334 374 379 386 399 406 408 419 428 436 444 457 461 464 465 475 482 507 509 527 530 532 543 573 576 622  ; 8 3 4 2 4 1 4 2 5 3 9 4 5 6 1 6 3 1 1 2 
6.2e+05 ; 2.104e-18 ; True ; 5 9 32 95 202 206 221 249 262 268 299 310 327 340 343 346 348 360 385 390 400 411 413 414 417 436 445 473 506 525 541 577 586 592 599 605  ; 8 4 6 2 3 1 2 6 7 2 8 3 5 2 3 3 2 1 2 3 
6.84e+05 ; 2.42e-18 ; True ; 4 5 12 30 64 101 148 157 163 193 195 199 204 222 229 236 238 245 271 283 284 290 304 363 399 411 420 425 426 439 451 462 485 487 510 554 612 627  ; 7 2 4 2 2 2 2 5 9 5 6 3 2 2 2 3 1 4 4 3 
6.9e+05 ; 3.457e-18 ; True ; 8 18 44 50 69 70 83 89 101 119 150 153 168 175 186 204 209 233 242 250 254 262 303 310 325 329 343 360 371 393 399 404 413 439 466 506 565 637  ; 5 3 4 2 2 1 3 6 5 2 6 3 5 5 4 3 2 2 3 2 
7.28e+05 ; 7.061e-18 ; True ; 5 25 36 65 72 96 97 111 155 169 186 195 216 219 225 236 245 253 257 260 291 315 343 348 352 385 389 409 412 420 485 490 524 554 556 571 612 624 629  ; 7 3 3 4 2 2 3 4 5 4 12 4 4 5 5 2 2 2 1 2 

RUN 3:
Optimum Distance: 0

Optimal Team: 
Required Skills: 0 5 10 13 15 19 20 24 26 30 34 35 36 38 39 40 41 42 55 56 
Distance; Skill Score; isValid; Team; Skill Counts
4.4e+04 ; 4.555e-25 ; True ; 5 36 78 105 238 262 325 487 514 515  ; 2 1 1 1 1 1 1 1 3 1 2 2 1 1 1 1 2 2 1 1 
6.5e+04 ; 1.283e-24 ; True ; 36 39 78 111 163 236 238 449 460 506 545 605  ; 2 1 1 1 1 1 2 4 3 1 5 1 1 2 1 1 1 1 1 1 
6.5e+04 ; 1.599e-24 ; True ; 5 18 20 164 238 325 343 409 436 487 514 570  ; 3 1 1 1 2 1 1 1 3 1 3 2 2 1 1 1 2 1 1 1 
7.7e+04 ; 1.803e-24 ; True ; 7 36 39 78 100 102 111 163 238 409 449 506 605  ; 1 1 1 1 1 1 2 2 3 2 4 1 2 3 1 1 1 1 1 1 
7.7e+04 ; 1.484e-23 ; True ; 5 62 78 98 111 169 262 268 295 416 431 449 541  ; 2 2 3 1 1 1 1 3 4 1 6 1 1 2 2 1 2 1 1 1 
9.1e+04 ; 2.975e-23 ; True ; 5 7 36 78 100 102 163 236 238 449 506 543 592 605  ; 2 1 2 1 1 1 2 4 4 2 4 2 3 1 1 1 2 1 1 1 
1.18e+05 ; 4.7e-23 ; True ; 5 62 71 134 169 262 268 276 295 332 431 449 485 495 506 541  ; 2 1 3 1 1 1 2 3 4 1 8 2 2 2 1 1 1 1 3 1 
1.19e+05 ; 1.058e-22 ; True ; 5 51 62 78 169 262 268 295 332 431 449 485 495 506 541 551  ; 3 1 3 1 1 1 2 3 3 1 8 2 3 1 2 1 2 1 2 1 
1.33e+05 ; 1.241e-22 ; True ; 5 40 74 78 142 304 386 410 412 417 440 456 461 475 506 541 585  ; 3 1 3 1 1 1 3 2 2 1 6 1 4 2 1 3 2 1 2 1 
1.33e+05 ; 1.904e-22 ; True ; 5 110 139 150 163 167 221 236 238 282 343 355 410 466 487 565 636  ; 3 1 4 1 1 1 2 3 4 2 2 2 2 2 1 1 1 2 2 2 
1.41e+05 ; 1.975e-22 ; True ; 5 36 55 106 150 155 169 221 255 262 410 459 461 467 468 469 471 576  ; 6 1 3 1 1 1 3 4 3 1 5 2 1 1 3 3 1 1 1 2 
1.67e+05 ; 2.81e-22 ; True ; 4 5 101 104 180 212 221 236 371 424 430 435 449 456 485 541 542 582 586  ; 3 1 3 1 2 1 2 6 4 2 7 2 2 1 1 1 1 2 1 2 
1.7e+05 ; 7.249e-22 ; True ; 5 28 60 120 169 291 304 323 343 351 397 399 410 449 461 487 529 530 534  ; 3 3 3 1 2 1 3 3 7 1 5 3 5 1 1 1 2 1 1 1 
1.87e+05 ; 1.035e-21 ; True ; 5 22 36 55 59 106 160 169 323 409 410 469 471 482 509 536 547 559 576 607  ; 3 2 4 1 1 1 3 2 4 2 5 2 3 1 4 2 1 1 2 1 
2.03e+05 ; 1.311e-21 ; True ; 5 6 26 134 143 259 262 276 301 305 409 410 415 416 461 535 542 547 554 612 629  ; 3 2 2 2 1 2 2 3 4 2 5 1 4 2 1 2 2 1 2 1 
2.05e+05 ; 2.592e-21 ; True ; 0 5 36 69 111 133 153 172 210 222 268 304 328 341 400 411 449 491 535 554 586  ; 4 2 3 1 2 1 1 3 7 3 6 2 4 2 2 2 2 1 1 1 
2.28e+05 ; 2.8e-21 ; True ; 5 22 24 50 101 150 219 304 343 386 409 416 423 448 457 506 530 568 569 575 585 623  ; 5 2 3 3 1 2 2 1 5 1 5 2 3 2 1 2 2 1 2 2 
2.49e+05 ; 4.525e-21 ; True ; 4 5 28 38 101 104 165 180 183 221 236 249 426 430 433 435 449 456 485 541 542 582 586  ; 5 2 3 1 1 1 3 7 7 2 7 2 2 3 1 2 1 2 1 2 
2.5e+05 ; 1.175e-20 ; True ; 5 69 111 112 124 156 157 169 201 216 252 262 305 318 325 343 383 412 449 525 546 573 592  ; 2 3 4 1 1 1 2 3 6 1 6 2 6 2 2 2 2 2 1 5 
2.92e+05 ; 1.255e-20 ; True ; 2 5 41 105 148 226 239 242 262 289 300 305 325 341 369 440 441 445 455 485 542 575 600 627 629  ; 3 2 4 1 1 1 5 4 4 3 4 2 4 3 2 2 1 2 1 2 
2.98e+05 ; 1.412e-20 ; True ; 5 26 36 110 152 153 205 236 242 275 305 308 325 335 367 379 396 451 466 485 486 540 568 597 633  ; 4 3 3 2 2 1 1 6 3 4 5 3 3 3 2 1 2 1 1 2 
3.22e+05 ; 1.615e-20 ; True ; 5 41 76 78 99 151 168 173 180 183 242 291 307 311 444 453 480 487 502 505 507 526 540 541 611 629  ; 5 3 3 1 1 1 2 4 4 2 6 2 4 1 2 2 3 1 4 2 
3.22e+05 ; 2.401e-20 ; True ; 5 36 61 74 87 111 133 140 157 210 221 268 275 286 300 336 350 370 390 409 449 453 491 506 525 583  ; 5 4 6 1 1 1 3 5 5 2 9 2 4 3 1 5 1 1 2 1 
3.66e+05 ; 3.775e-20 ; True ; 3 5 6 54 106 108 114 122 131 153 159 169 173 206 236 262 273 332 343 347 351 415 452 500 509 530 576 612  ; 6 2 2 2 1 2 2 3 4 4 10 2 4 2 4 1 2 1 2 2 
3.72e+05 ; 5.869e-20 ; True ; 5 36 69 111 133 153 157 199 202 210 222 225 268 304 324 341 380 391 400 407 410 411 449 453 491 535 582 586  ; 4 3 4 1 1 1 2 6 7 3 9 2 3 3 3 2 2 2 2 1 
4.27e+05 ; 7.903e-20 ; True ; 14 15 22 36 44 79 100 115 121 153 201 216 242 292 336 355 403 409 412 429 440 461 481 482 506 559 586 604 622 635  ; 8 2 3 1 2 1 4 4 2 3 5 2 3 4 3 3 1 2 2 2 
4.27e+05 ; 2.011e-19 ; True ; 5 8 11 29 138 150 153 201 217 220 236 271 303 321 322 390 392 399 436 495 498 506 537 542 544 546 553 571 599 634  ; 7 3 3 2 2 1 2 3 4 3 7 3 4 5 3 2 1 3 1 2 
4.33e+05 ; 2.713e-19 ; True ; 5 28 59 61 66 163 182 189 268 272 286 295 304 309 311 325 332 360 412 424 467 506 520 530 538 550 562 573 576 599  ; 4 2 2 1 3 1 3 6 7 2 8 1 4 6 2 3 2 2 3 3 
4.59e+05 ; 4.33e-19 ; True ; 5 13 36 71 105 150 163 169 172 187 189 201 202 219 251 276 291 329 336 371 390 399 435 436 444 455 466 485 506 521 524  ; 6 3 4 2 3 1 3 4 5 3 7 4 2 1 3 1 2 3 3 2 
4.6e+05 ; 5.328e-19 ; True ; 5 20 28 29 41 42 67 76 91 114 138 150 153 169 212 224 262 310 325 328 382 399 421 473 489 493 506 541 547 553 579  ; 3 5 2 1 2 1 2 5 6 2 7 3 4 3 3 5 2 2 3 2 
4.94e+05 ; 7.288e-19 ; True ; 5 7 29 41 131 133 141 150 169 190 204 236 280 301 320 325 343 388 397 399 409 423 435 507 523 530 541 576 582 608 616 628  ; 4 4 2 1 2 2 2 7 8 3 10 3 6 3 3 3 2 2 1 2 
5.51e+05 ; 1.04e-18 ; True ; 5 36 44 65 70 106 111 150 163 169 180 183 202 220 232 236 303 323 349 371 388 390 391 437 445 466 487 510 541 558 561 586 598 613  ; 5 4 5 2 2 1 2 5 6 5 11 3 2 3 3 1 1 2 3 5 
6.2e+05 ; 1.302e-18 ; True ; 5 20 36 44 82 85 92 122 139 153 169 195 211 224 236 242 291 305 318 343 345 358 390 426 461 506 528 531 532 573 583 593 612 613 617 627  ; 4 3 4 3 1 1 3 6 7 4 14 4 6 5 3 2 2 1 1 3 
6.26e+05 ; 1.507e-18 ; True ; 5 27 28 61 66 112 156 163 186 189 236 268 286 295 304 309 311 325 332 333 374 405 412 416 422 424 466 467 505 506 520 530 538 550 562 573  ; 4 2 3 1 3 2 3 5 9 2 9 3 5 5 1 2 2 2 4 4 
6.55e+05 ; 1.547e-18 ; True ; 5 50 64 65 84 89 122 138 148 163 183 187 193 209 226 238 249 250 283 304 307 315 323 340 343 416 453 466 470 478 489 497 498 523 568 617 622  ; 6 4 3 2 2 1 2 5 11 4 5 2 5 5 2 3 1 2 3 3 
6.56e+05 ; 2.859e-18 ; True ; 5 50 64 65 89 126 138 145 148 163 183 193 209 250 283 304 307 315 322 323 343 399 410 416 444 453 454 466 470 478 489 497 498 523 568 617 622  ; 6 3 3 2 2 2 3 5 12 6 5 3 5 4 2 4 1 1 3 2 
6.93e+05 ; 3.395e-18 ; True ; 5 29 59 60 91 150 199 201 215 236 272 278 283 296 301 322 325 326 343 348 357 364 372 378 386 405 424 436 439 444 452 466 480 486 594 597 608 612  ; 8 3 2 3 2 2 3 4 9 4 8 2 5 5 4 4 1 1 2 3 
6.94e+05 ; 3.563e-18 ; True ; 1 5 9 14 29 39 40 58 61 73 136 138 160 169 232 254 255 256 262 302 307 343 352 355 369 370 416 444 451 485 487 502 549 563 566 573 598 617  ; 5 4 3 3 2 2 3 5 5 3 9 3 6 6 2 2 1 2 2 3 
7.3e+05 ; 3.6e-18 ; True ; 5 59 62 64 65 76 84 89 122 138 148 163 183 193 216 226 228 238 249 250 304 307 315 323 340 343 453 466 470 478 489 497 498 523 543 568 611 617 622  ; 6 4 2 2 3 1 3 7 11 4 6 2 6 5 2 3 1 2 3 3 
8.17e+05 ; 3.741e-18 ; True ; 5 105 122 124 152 159 161 176 183 207 211 236 292 298 317 336 353 380 381 390 409 416 423 449 457 487 504 506 525 530 549 568 576 582 597 607 611 617 630 633 636  ; 10 5 4 1 2 2 2 7 5 4 6 1 6 4 2 2 4 3 3 2 

RUN 4:
Optimum Distance: 0

Optimal Team: 
Required Skills: 0 5 10 13 15 19 20 24 26 30 34 35 36 38 39 40 41 42 55 56 
Distance; Skill Score; isValid; Team; Skill Counts
7.7e+04 ; 2.219e-23 ; True ; 5 81 150 182 236 325 355 385 386 390 462 537 541  ; 1 2 3 1 1 1 2 3 3 1 5 1 2 2 1 2 1 1 1 2 
1.32e+05 ; 2.632e-23 ; True ; 5 17 25 139 170 221 324 444 445 461 473 488 492 506 612 622 636  ; 5 2 2 1 2 1 3 1 2 2 3 2 1 1 1 3 1 1 1 1 
1.33e+05 ; 6.614e-23 ; True ; 5 36 148 150 227 246 262 286 289 325 341 355 390 446 462 467 537  ; 3 2 3 1 1 1 3 2 3 1 4 2 3 4 1 1 1 1 1 1 
1.35e+05 ; 1.691e-22 ; True ; 5 81 148 150 227 246 275 289 325 355 386 390 430 444 462 537 541  ; 2 2 3 1 1 1 3 3 3 1 4 1 5 2 1 1 1 1 2 3 
1.49e+05 ; 3.454e-22 ; True ; 5 29 36 107 155 169 262 355 386 390 399 435 466 506 515 547 554 602  ; 4 3 3 2 1 1 1 1 4 1 6 3 3 1 2 2 1 1 3 1 
1.5e+05 ; 5.352e-22 ; True ; 5 59 94 111 134 176 217 236 238 280 287 316 351 461 502 506 612 629  ; 2 3 1 2 1 1 3 4 5 1 8 1 3 3 1 2 2 1 2 1 
1.7e+05 ; 1.101e-21 ; True ; 5 81 148 150 227 246 275 286 289 322 325 355 386 390 430 444 462 537 541  ; 2 2 3 1 1 1 3 3 4 2 4 1 5 3 2 1 1 1 2 3 
2.07e+05 ; 2.956e-21 ; True ; 5 50 59 134 176 217 236 238 280 287 303 316 351 461 465 502 506 608 612 629 637  ; 3 3 2 3 1 1 3 4 5 1 7 1 3 3 1 3 2 1 2 1 
2.25e+05 ; 3.149e-21 ; True ; 5 29 31 36 107 155 158 169 262 329 355 390 399 435 466 506 515 530 547 554 563 602  ; 4 3 3 1 2 1 2 2 4 1 6 3 4 1 2 2 2 1 3 1 
2.26e+05 ; 4.02e-21 ; True ; 5 10 36 49 59 78 91 102 148 163 197 229 239 310 386 404 444 451 491 596 604 610  ; 6 2 4 2 1 1 2 2 4 2 5 2 4 2 1 2 3 1 1 2 
2.28e+05 ; 1.287e-20 ; True ; 5 36 81 148 150 176 182 227 246 275 286 289 320 322 325 386 389 390 444 462 537 541  ; 3 2 3 2 1 1 3 3 4 2 7 2 4 3 2 2 1 1 2 3 
2.97e+05 ; 2.275e-20 ; True ; 5 36 50 56 58 133 150 183 227 245 311 314 363 409 461 484 485 520 558 564 586 599 613 616 622  ; 5 2 4 3 1 1 1 3 6 3 5 3 2 2 2 3 2 2 1 2 
3.2e+05 ; 2.277e-20 ; True ; 5 35 36 50 58 72 133 150 183 227 245 314 325 363 409 422 461 466 484 491 520 558 564 613 616 622  ; 4 2 4 1 1 1 2 3 4 3 6 2 3 3 4 5 2 1 1 2 
3.24e+05 ; 2.92e-20 ; True ; 21 29 36 45 47 101 134 153 156 183 196 236 238 273 291 343 346 357 444 445 449 472 506 564 568 622  ; 3 2 2 2 1 2 4 4 7 3 6 2 3 3 1 2 1 1 2 4 
3.48e+05 ; 3.13e-20 ; True ; 5 25 36 55 106 128 163 183 233 245 325 339 342 363 409 435 438 461 466 477 491 520 525 558 564 595 622  ; 4 2 4 1 2 1 2 4 4 4 3 2 2 5 3 4 2 1 2 1 
3.49e+05 ; 3.968e-20 ; True ; 5 36 49 59 78 91 102 122 153 163 183 189 226 229 240 251 272 305 310 386 444 491 506 509 531 561 604  ; 5 2 4 2 1 1 2 3 5 1 7 2 6 3 2 5 2 1 1 4 
3.76e+05 ; 4.535e-20 ; True ; 5 22 25 36 167 195 223 236 243 247 249 283 303 304 305 321 322 323 353 385 410 470 482 497 506 514 603 629  ; 7 2 5 2 2 2 3 4 6 1 8 3 4 3 3 1 1 1 2 1 
3.99e+05 ; 1.139e-19 ; True ; 3 5 26 41 55 96 111 169 186 230 236 245 273 283 325 328 343 345 409 463 506 509 554 555 586 603 604 606 622  ; 6 2 2 1 1 2 3 4 6 3 9 2 4 4 2 4 2 1 2 2 
4.01e+05 ; 1.209e-19 ; True ; 44 55 78 85 112 150 171 190 206 211 221 232 236 245 268 278 279 329 355 412 453 457 466 473 487 530 585 599 618  ; 5 1 3 1 2 1 2 3 5 3 6 2 5 1 5 2 3 2 3 4 
4.02e+05 ; 1.21e-19 ; True ; 5 7 9 25 28 31 36 44 55 59 85 87 130 153 166 206 241 268 317 346 368 382 409 432 465 506 507 599 630  ; 6 2 2 2 1 1 4 9 8 2 8 3 6 5 2 1 2 1 2 2 
4.24e+05 ; 3.175e-19 ; True ; 5 36 47 163 183 248 254 262 269 319 325 338 361 386 408 412 416 426 459 466 471 486 497 506 525 537 542 564 617 630  ; 7 2 4 3 1 1 5 4 7 3 10 2 3 2 1 3 2 2 3 2 
4.59e+05 ; 3.797e-19 ; True ; 5 13 25 59 70 150 178 183 187 203 242 297 302 325 329 343 369 376 409 415 424 466 506 517 525 530 534 550 556 575 622  ; 5 3 5 1 1 1 4 3 7 2 11 2 3 3 2 4 3 2 2 3 
4.62e+05 ; 4.767e-19 ; True ; 5 6 22 69 70 107 111 112 127 150 163 200 254 282 283 292 315 332 343 385 386 409 451 487 506 541 542 553 598 609 629  ; 5 4 2 2 2 1 4 3 7 3 12 2 4 6 1 1 2 3 4 2 
4.9e+05 ; 8.208e-19 ; True ; 5 22 42 44 55 63 111 122 131 221 236 238 268 270 335 337 354 397 412 418 428 441 450 451 485 491 532 576 611 612 622 629  ; 7 3 5 2 1 1 4 4 7 3 8 3 4 6 2 3 1 4 1 2 
5.87e+05 ; 1.254e-18 ; True ; 2 5 29 40 50 78 109 113 134 138 140 147 148 214 221 237 256 268 322 323 382 409 424 427 449 466 471 485 520 522 561 573 613 619 629  ; 6 2 4 1 2 1 4 3 7 3 8 2 5 7 4 3 2 1 3 3 
5.89e+05 ; 1.567e-18 ; True ; 5 27 36 72 117 124 140 148 150 163 174 195 245 257 270 326 339 367 381 386 391 397 399 409 440 466 480 525 540 559 570 571 579 622 626  ; 11 3 3 2 2 1 3 3 5 4 7 4 4 4 4 1 3 2 2 2 
6.92e+05 ; 2.102e-18 ; True ; 5 27 39 41 60 61 91 124 131 157 170 199 204 219 224 232 242 259 275 304 310 325 330 335 337 370 371 403 407 411 412 455 461 462 509 525 564 612  ; 4 4 6 1 3 1 4 5 5 2 6 2 4 4 1 5 3 2 3 3 
6.96e+05 ; 3.766e-18 ; True ; 9 36 59 75 78 126 143 148 160 209 238 268 270 304 305 309 342 343 345 353 356 403 412 414 419 448 456 491 500 506 512 525 562 566 573 589 612 629  ; 5 2 4 3 2 1 4 6 6 2 12 3 7 3 3 2 2 2 2 4 

RUN 5:
Optimum Distance: 0

Optimal Team: 
Required Skills: 0 5 10 13 15 19 20 24 26 30 34 35 36 38 39 40 41 42 55 56 
Distance; Skill Score; isValid; Team; Skill Counts
8.6e+04 ; 1.746e-24 ; True ; 5 21 74 150 201 295 297 304 341 370 461 469 497 599  ; 4 1 1 1 1 1 1 2 4 1 3 1 1 1 1 3 1 2 1 1 
8.8e+04 ; 7.549e-24 ; True ; 5 74 114 150 201 297 304 370 461 470 497 589 599 622  ; 5 2 1 1 1 1 1 2 3 2 3 1 2 2 1 2 1 1 1 1 
1.02e+05 ; 1.015e-23 ; True ; 5 74 114 150 195 201 297 304 370 461 470 497 514 599 622  ; 6 1 1 1 2 1 1 2 3 2 4 1 2 2 1 2 1 1 1 1 
1.04e+05 ; 1.133e-23 ; True ; 5 59 61 69 78 89 141 163 212 254 304 358 381 412 612  ; 2 1 1 1 2 1 2 2 2 2 3 1 1 2 2 1 2 1 2 1 
1.05e+05 ; 1.242e-23 ; True ; 28 34 122 133 148 245 262 268 309 325 335 399 469 599 604  ; 5 1 2 1 1 1 3 2 2 1 2 1 2 1 2 2 1 2 1 1 
1.16e+05 ; 3.764e-23 ; True ; 5 40 157 159 198 216 221 236 466 471 506 551 552 573 584 612  ; 5 1 2 1 1 1 2 2 4 1 3 1 2 3 1 2 1 1 3 1 
1.34e+05 ; 4.352e-23 ; True ; 20 22 59 153 156 159 249 304 332 390 399 424 461 485 516 576 612  ; 2 1 3 2 1 1 1 2 2 2 5 2 2 3 3 1 1 1 1 1 
1.46e+05 ; 7.004e-23 ; True ; 5 29 62 148 165 166 201 243 262 291 316 370 412 461 468 470 539 622  ; 5 2 2 1 2 1 3 2 4 2 2 1 4 2 1 1 1 1 1 1 
1.48e+05 ; 1.584e-22 ; True ; 5 29 36 148 150 165 201 204 262 291 297 326 370 461 470 553 589 622  ; 5 3 1 1 2 1 3 3 6 1 3 2 5 2 1 1 1 1 1 1 
1.64e+05 ; 2.905e-22 ; True ; 5 29 36 62 148 150 165 166 201 262 291 297 326 370 461 468 470 539 622  ; 6 2 1 1 2 1 3 3 5 2 3 2 5 3 1 1 1 1 1 1 
1.65e+05 ; 4.456e-22 ; True ; 5 36 114 148 150 165 201 204 280 297 304 326 351 370 461 470 497 589 622  ; 6 2 1 1 1 1 2 4 6 2 5 2 4 2 1 1 2 1 2 1 
1.85e+05 ; 5.794e-22 ; True ; 5 29 36 59 130 148 150 166 170 201 262 291 297 326 370 406 461 463 539 622  ; 5 2 1 1 3 1 4 4 4 2 6 2 5 2 1 1 1 1 1 1 
1.89e+05 ; 1.99e-21 ; True ; 5 20 24 39 99 124 148 150 221 244 245 268 277 439 444 485 497 599 624 629  ; 6 2 4 2 1 1 3 2 2 2 5 2 1 2 2 2 3 1 2 1 
2.25e+05 ; 5.956e-21 ; True ; 5 29 36 62 148 150 166 201 245 252 262 291 297 370 390 461 468 470 489 539 553 622  ; 6 4 2 1 2 1 3 3 5 3 3 2 5 3 2 2 1 1 1 1 
2.5e+05 ; 7.821e-21 ; True ; 5 6 215 236 249 277 299 327 334 343 355 440 461 475 506 516 517 542 553 564 599 622 629  ; 5 2 3 2 1 1 4 3 3 2 6 2 4 4 2 2 2 1 1 1 
2.69e+05 ; 7.91e-21 ; True ; 5 25 59 69 89 91 153 156 169 180 262 322 340 341 360 416 455 461 462 472 480 506 555 583  ; 3 1 3 1 2 1 3 5 6 3 6 1 2 2 5 3 1 1 2 2 
2.92e+05 ; 8.093e-21 ; True ; 5 94 119 141 174 238 283 341 343 360 371 406 438 440 443 444 449 456 461 482 502 506 543 573 601  ; 4 3 3 1 2 1 3 3 9 1 9 2 3 3 2 3 1 1 1 2 
2.94e+05 ; 2.48e-20 ; True ; 5 36 74 157 169 186 225 262 280 303 325 329 343 355 451 461 470 475 485 504 511 536 541 607 617  ; 3 1 2 4 1 1 1 4 5 3 8 4 4 4 2 3 2 3 1 1 
2.98e+05 ; 2.71e-20 ; True ; 5 22 26 27 29 82 106 124 133 150 190 203 289 325 326 343 366 378 409 444 485 487 526 608 622  ; 5 3 3 2 2 2 2 1 5 2 4 4 3 2 2 2 3 2 1 1 
3.22e+05 ; 6.252e-20 ; True ; 5 6 47 49 104 133 157 216 238 262 304 322 325 340 355 399 401 405 451 485 494 506 541 573 602 620  ; 5 2 3 1 1 2 3 2 8 3 7 3 3 2 2 2 1 4 2 2 
3.72e+05 ; 6.579e-20 ; True ; 5 8 18 42 81 170 176 199 262 277 278 295 300 325 348 400 404 412 415 416 458 461 470 485 506 524 546 597  ; 7 2 2 2 2 1 2 2 5 2 5 2 3 3 2 3 3 2 2 2 
3.73e+05 ; 7.198e-20 ; True ; 4 5 32 36 38 62 72 102 124 133 148 161 169 183 214 216 239 249 304 380 412 449 461 466 496 552 590 610  ; 6 2 3 1 3 1 2 4 5 1 6 2 3 2 5 3 2 1 2 4 
3.74e+05 ; 8.819e-20 ; True ; 5 32 36 55 78 97 120 160 169 190 194 236 277 357 399 402 410 412 420 457 461 482 483 502 506 577 589 602  ; 8 5 3 1 2 1 2 4 2 1 7 4 2 3 2 3 3 2 2 2 
4.01e+05 ; 9.164e-20 ; True ; 5 14 113 131 144 149 150 157 205 216 243 245 284 304 307 309 325 343 374 399 404 410 439 480 498 541 544 587 622  ; 4 1 4 1 1 1 4 4 5 5 4 3 3 2 2 3 3 3 1 3 
4.03e+05 ; 1.667e-19 ; True ; 5 36 40 49 141 183 188 229 236 244 264 276 289 305 337 443 449 451 461 469 502 506 540 541 546 571 575 614 616  ; 6 3 2 1 3 1 3 6 4 2 9 2 4 5 2 7 1 1 2 2 
4.55e+05 ; 1.872e-19 ; True ; 0 5 9 17 49 74 173 229 238 262 263 325 382 426 448 457 461 473 485 502 540 547 558 559 563 573 576 586 599 609 620  ; 9 2 3 2 2 1 2 5 4 1 6 3 4 2 4 3 2 2 2 2 
4.59e+05 ; 2.437e-19 ; True ; 5 32 36 38 62 72 79 102 124 133 148 161 169 183 216 249 292 304 354 385 449 461 466 468 496 534 536 590 607 610 612  ; 8 2 3 2 3 1 3 3 5 2 7 2 3 1 5 3 3 1 2 3 
4.89e+05 ; 2.463e-19 ; True ; 5 12 105 146 148 157 168 180 183 185 195 209 257 268 276 296 304 312 322 323 333 339 343 397 451 485 498 506 537 598 602 621  ; 5 2 4 2 1 1 4 3 6 2 8 3 6 3 1 3 2 3 2 2 
4.91e+05 ; 9.794e-19 ; True ; 5 79 136 148 150 246 252 267 268 304 310 325 334 343 385 389 400 418 450 451 457 473 475 497 542 559 564 573 575 584 622 627  ; 7 2 4 1 2 1 4 4 6 1 8 3 4 4 2 3 4 3 2 3 
5.85e+05 ; 1.457e-18 ; True ; 29 44 48 85 111 125 151 159 169 182 191 210 236 251 259 278 289 304 310 321 348 386 387 400 410 412 449 485 506 509 523 530 547 589 629  ; 5 4 4 2 3 2 4 4 6 1 13 3 6 3 3 3 1 1 3 2 
6.14e+05 ; 1.585e-18 ; True ; 0 5 10 20 28 50 54 79 153 159 183 190 201 211 221 225 260 262 264 280 295 302 313 322 334 369 371 379 430 431 461 466 485 486 572 598  ; 7 3 3 1 2 1 4 7 8 4 6 2 4 5 6 3 2 1 2 2 
6.26e+05 ; 2.225e-18 ; True ; 5 32 55 62 78 97 147 160 169 190 194 244 245 277 291 321 357 402 410 412 420 433 444 457 461 462 483 485 506 511 523 577 586 587 589 597  ; 6 4 3 1 2 1 3 4 6 2 8 4 3 6 5 3 3 2 2 2 
6.61e+05 ; 2.23e-18 ; True ; 5 54 55 78 97 112 144 153 160 169 194 291 299 321 357 360 399 402 410 412 419 444 457 461 472 483 485 506 516 523 577 587 589 602 623 629 636  ; 7 2 4 1 2 1 5 2 5 1 11 6 6 6 6 2 3 2 2 3 
6.63e+05 ; 3.184e-18 ; True ; 104 142 150 152 169 174 175 180 262 263 267 322 325 327 404 409 457 459 461 469 473 485 490 497 510 525 530 546 552 573 586 603 607 612 619 623 637  ; 7 3 4 2 3 2 3 5 5 3 7 2 4 4 2 3 2 3 1 3 
7.26e+05 ; 3.74e-18 ; True ; 5 8 26 51 76 106 138 148 153 183 194 195 196 216 261 264 268 278 279 285 288 344 347 353 354 386 399 412 444 461 467 489 503 506 529 541 571 613 623  ; 9 2 4 2 3 1 4 3 10 2 9 2 3 9 3 4 2 2 3 2 
7.32e+05 ; 4.851e-18 ; True ; 5 29 36 44 61 65 71 78 111 183 238 250 276 304 325 346 350 365 393 405 425 436 437 451 462 464 470 485 487 497 500 554 576 586 595 597 607 620 628  ; 8 4 1 2 2 1 2 6 9 3 9 4 3 6 3 3 2 4 4 2 
7.34e+05 ; 6.196e-18 ; True ; 5 76 78 87 89 126 156 163 170 178 184 201 206 214 216 217 220 221 224 227 236 238 245 274 295 308 317 325 386 396 408 439 506 510 525 549 576 585 623  ; 6 3 5 2 4 1 4 5 5 4 8 1 5 4 4 4 3 2 1 3 
7.64e+05 ; 6.272e-18 ; True ; 5 148 153 183 194 195 196 206 212 216 262 264 268 278 279 285 295 321 342 347 353 383 386 399 412 461 467 489 503 506 513 529 531 535 541 571 592 601 613 623  ; 7 2 5 1 3 1 4 5 8 3 11 3 4 8 3 3 1 3 3 3 

RUN 6:
Optimum Distance: 0

Optimal Team: 
Required Skills: 0 5 10 13 15 19 20 24 26 30 34 35 36 38 39 40 41 42 55 56 
Distance; Skill Score; isValid; Team; Skill Counts
1.05e+05 ; 5.105e-24 ; True ; 4 140 206 232 236 280 397 399 416 466 467 506 507 530 599  ; 1 1 1 2 2 1 2 3 2 1 4 1 4 1 1 1 1 1 2 1 
1.36e+05 ; 1.969e-23 ; True ; 5 150 160 200 205 229 236 261 324 385 386 436 440 518 541 553 575  ; 2 2 1 1 3 1 1 2 3 2 5 1 4 3 1 1 1 1 1 1 
1.36e+05 ; 3.214e-23 ; True ; 5 16 61 209 256 268 275 304 315 385 399 411 435 485 514 575 629  ; 2 2 2 1 3 1 1 1 2 1 4 3 2 1 2 1 1 2 1 2 
1.5e+05 ; 1.209e-22 ; True ; 5 36 45 81 150 170 202 236 241 306 316 322 374 383 399 440 487 601  ; 2 2 2 2 1 1 1 4 4 2 4 3 2 1 1 1 1 2 1 2 
1.69e+05 ; 3.306e-22 ; True ; 5 112 138 148 157 243 291 300 304 305 343 353 396 442 454 461 525 569 576  ; 3 2 6 1 1 1 2 2 6 1 5 2 2 2 1 3 1 1 1 2 
1.7e+05 ; 8.644e-22 ; True ; 5 36 71 112 138 148 157 243 291 300 304 305 353 454 461 525 542 576 632  ; 3 2 5 1 1 1 2 3 6 1 6 2 2 2 1 3 1 2 1 2 
2.27e+05 ; 9.151e-22 ; True ; 6 59 78 82 101 148 198 199 223 236 238 268 291 343 369 439 450 461 467 473 484 635  ; 3 1 2 1 2 1 3 7 4 1 6 2 3 1 1 3 1 1 3 2 
2.3e+05 ; 9.322e-21 ; True ; 5 12 36 71 112 138 148 157 161 216 253 291 304 305 353 426 461 525 534 542 576 599  ; 5 3 3 2 2 1 3 3 6 1 6 2 2 3 1 3 1 2 1 2 
2.95e+05 ; 2.217e-20 ; True ; 1 5 24 28 36 39 136 168 215 217 225 238 290 297 325 329 385 409 447 453 473 533 541 610 629  ; 5 3 3 1 1 1 2 5 4 2 7 3 4 6 2 2 2 1 1 2 
2.98e+05 ; 1.098e-19 ; True ; 5 12 36 71 112 138 148 157 161 193 216 236 291 305 311 353 400 412 426 461 525 534 542 576 599  ; 6 3 3 2 2 1 3 4 7 1 5 2 2 3 1 3 2 3 2 3 
3.7e+05 ; 2.759e-19 ; True ; 5 6 10 16 36 39 55 93 100 112 163 198 201 232 236 238 248 262 325 329 337 423 424 426 462 506 535 573  ; 6 2 2 1 1 2 4 6 6 3 5 2 5 4 2 3 2 1 2 4 
4.56e+05 ; 3.274e-19 ; True ; 5 48 62 78 113 126 150 152 164 187 188 206 209 270 310 368 386 393 409 416 425 444 460 478 487 506 507 530 586 612 622  ; 5 3 3 3 2 2 2 2 6 4 7 1 5 3 1 2 3 2 3 2 
4.88e+05 ; 5.684e-19 ; True ; 5 19 61 62 78 113 126 150 152 164 169 187 205 206 209 270 310 366 368 386 409 412 425 444 460 487 506 507 530 561 586 622  ; 4 2 3 1 2 2 2 2 4 4 7 1 5 4 2 2 3 3 4 5 
5.47e+05 ; 6.825e-19 ; True ; 5 6 10 16 25 36 39 55 68 84 93 100 112 163 198 201 236 241 248 262 325 337 383 423 424 426 501 503 506 532 566 573 607 612  ; 7 3 3 2 1 2 3 7 7 3 7 2 5 6 1 3 1 2 2 3 
5.8e+05 ; 9.454e-19 ; True ; 5 6 10 25 32 36 39 54 55 68 69 79 84 93 95 100 135 163 173 198 201 216 236 262 300 325 337 383 423 424 503 506 532 573 612  ; 5 3 4 2 2 2 3 6 5 5 5 2 4 5 1 4 1 1 4 2 
5.87e+05 ; 1.633e-18 ; True ; 5 33 133 160 177 238 242 245 258 268 284 304 310 328 365 409 410 436 439 453 457 472 481 485 502 541 542 576 582 589 591 592 604 629 635  ; 7 5 6 1 4 2 2 7 4 3 10 2 3 1 4 3 2 2 2 2 
6.52e+05 ; 1.726e-18 ; True ; 1 5 107 133 160 238 245 256 268 284 300 304 310 328 336 365 386 410 430 436 439 457 472 481 494 502 514 541 576 582 589 591 592 597 604 629 635  ; 8 5 6 1 5 1 2 8 6 3 8 1 7 2 4 2 2 2 2 2 
6.57e+05 ; 4.137e-18 ; True ; 5 36 50 58 84 124 150 155 166 189 209 210 219 223 239 251 261 262 280 378 382 385 386 412 440 444 449 462 477 498 506 527 541 558 559 575 602  ; 6 3 5 2 1 2 3 7 6 3 11 2 6 3 3 2 2 2 3 3 
6.94e+05 ; 4.821e-18 ; True ; 28 36 50 89 123 136 146 148 163 178 238 242 245 251 255 262 280 298 303 305 343 381 404 417 423 441 443 485 491 495 506 536 542 556 561 563 576 604  ; 7 2 3 4 2 1 2 7 7 4 8 3 5 4 3 2 2 2 2 4 
7.29e+05 ; 5.387e-18 ; True ; 1 5 18 76 124 126 131 135 157 163 175 182 190 198 232 238 257 273 284 291 309 348 361 399 412 425 426 444 461 463 468 473 484 541 554 574 576 593 597  ; 5 3 2 1 2 1 4 8 8 5 5 3 6 3 2 4 4 4 2 2 
7.71e+05 ; 5.393e-18 ; True ; 5 24 25 36 64 92 96 98 122 134 147 150 166 168 180 203 221 242 249 257 261 289 304 321 325 327 390 394 411 413 425 444 449 471 505 522 542 552 559 613  ; 5 4 6 1 1 2 3 6 7 3 8 4 4 6 2 3 2 4 2 2 

RUN 7:
Optimum Distance: 0

Optimal Team: 
Required Skills: 0 5 10 13 15 19 20 24 26 30 34 35 36 38 39 40 41 42 55 56 
Distance; Skill Score; isValid; Team; Skill Counts
8.9e+04 ; 7.708e-25 ; True ; 14 26 29 50 59 73 193 236 399 437 485 506 549 559  ; 2 1 1 1 1 1 2 2 2 1 3 2 1 2 1 1 1 1 1 1 
1.02e+05 ; 7.841e-24 ; True ; 5 76 201 231 273 352 444 461 480 487 506 526 612 617 621  ; 2 1 2 2 1 1 1 4 2 2 3 1 1 1 1 3 1 1 2 1 
1.04e+05 ; 6.545e-23 ; True ; 5 39 153 275 343 399 444 461 497 524 530 535 582 586 629  ; 4 1 2 1 2 1 1 2 3 1 4 3 3 2 2 1 1 2 1 1 
1.29e+05 ; 8.887e-23 ; True ; 5 6 36 59 98 248 262 285 295 464 485 487 498 530 576 600 628  ; 4 2 2 2 1 1 1 2 5 2 8 3 2 2 1 1 1 1 1 1 
1.34e+05 ; 2.595e-22 ; True ; 5 11 39 153 183 343 399 418 444 449 461 497 524 530 535 582 586  ; 5 1 2 1 2 1 1 3 5 1 6 3 3 3 1 2 1 2 1 1 
1.86e+05 ; 4.112e-22 ; True ; 5 39 101 107 156 159 325 326 342 343 358 399 409 444 461 485 499 554 572 576  ; 2 1 3 2 1 2 1 3 4 1 6 4 4 3 1 3 1 1 1 1 
1.88e+05 ; 4.685e-22 ; True ; 5 29 36 55 136 221 236 239 266 274 389 400 412 438 449 462 516 527 538 542  ; 4 2 2 1 1 1 2 7 4 1 6 2 3 3 1 1 2 2 1 1 
2.05e+05 ; 9.416e-22 ; True ; 1 5 9 36 71 76 88 124 150 173 236 252 301 324 325 340 409 455 456 504 530  ; 5 2 2 2 1 2 2 3 5 1 6 2 2 3 1 2 2 1 1 1 
2.06e+05 ; 1.675e-21 ; True ; 5 28 36 107 130 212 221 230 236 244 289 291 311 313 321 485 498 514 541 542 573  ; 4 2 1 2 2 1 2 5 5 1 7 4 4 2 1 1 1 1 2 2 
2.29e+05 ; 1.878e-21 ; True ; 5 16 31 36 82 150 186 189 219 236 242 244 245 268 392 412 435 461 510 516 532 577  ; 4 3 4 1 2 1 1 5 3 3 5 2 2 4 1 1 1 2 1 2 
2.45e+05 ; 2.527e-21 ; True ; 5 9 19 120 131 140 142 183 184 252 259 280 343 409 461 462 502 506 512 534 586 589 612  ; 4 3 1 2 1 1 2 7 5 2 10 2 3 2 2 4 1 1 1 1 
2.48e+05 ; 2.733e-21 ; True ; 5 39 81 107 111 159 193 283 285 325 326 343 399 409 444 461 482 485 499 554 570 572 576  ; 5 3 2 2 1 2 1 3 6 1 7 4 4 4 1 3 1 1 1 1 
2.52e+05 ; 2.978e-21 ; True ; 18 36 114 134 174 230 238 257 268 303 315 325 409 412 442 444 461 483 492 498 506 536 619  ; 2 1 2 2 2 2 2 4 2 2 5 2 1 4 1 3 1 2 2 3 
2.53e+05 ; 3.125e-21 ; True ; 36 72 153 160 178 197 235 236 243 256 270 295 343 390 418 440 445 452 487 496 506 541 610  ; 3 1 3 2 1 1 2 3 4 2 7 2 2 4 2 1 1 2 3 2 
2.69e+05 ; 4.195e-21 ; True ; 5 12 32 101 136 150 158 184 219 221 227 257 283 304 371 386 400 439 455 466 485 541 580 600  ; 5 1 3 2 1 1 2 2 6 1 5 2 3 2 1 4 3 1 3 2 
2.71e+05 ; 1.185e-20 ; True ; 5 25 36 120 133 172 189 201 238 253 255 264 286 325 371 386 397 405 409 459 503 506 510 519  ; 5 3 3 2 1 1 3 5 6 1 8 2 4 4 2 2 1 2 1 1 
3.19e+05 ; 2.665e-20 ; True ; 5 36 47 105 112 150 249 250 262 290 291 311 341 343 356 371 394 401 440 466 541 575 579 608 610 636  ; 4 1 2 2 1 1 2 4 6 3 8 3 3 1 3 3 1 2 3 3 
3.45e+05 ; 1.117e-19 ; True ; 5 70 84 122 202 219 221 226 236 242 245 296 298 325 343 385 411 461 462 485 506 523 530 553 577 580 625  ; 4 3 2 2 3 1 3 6 6 2 11 3 4 3 2 4 1 1 2 1 
4.29e+05 ; 1.275e-19 ; True ; 5 20 36 88 92 144 153 163 169 196 232 235 278 304 309 315 352 373 374 389 390 415 425 426 439 485 554 577 586 604  ; 6 3 4 2 1 1 2 3 4 2 8 3 4 5 3 3 3 1 1 2 
4.31e+05 ; 1.403e-19 ; True ; 5 25 44 52 66 72 131 148 183 194 197 254 255 289 336 355 368 404 408 416 430 444 461 471 483 489 541 558 575 629  ; 8 2 5 1 2 1 4 5 6 1 5 3 4 4 3 4 2 1 2 1 
4.57e+05 ; 1.673e-19 ; True ; 2 5 13 24 28 47 76 101 104 111 131 133 156 157 169 215 222 225 268 311 325 340 346 374 444 455 461 483 486 506 590  ; 5 4 4 1 2 1 4 4 8 2 8 2 4 3 3 3 1 1 2 2 
4.87e+05 ; 4.544e-19 ; True ; 1 5 89 100 212 240 242 245 257 262 324 325 343 352 380 399 404 410 428 449 509 515 532 542 547 549 561 576 612 629 632 633  ; 3 3 3 2 1 1 4 4 7 5 10 3 3 4 4 3 3 2 1 1 
5.54e+05 ; 8.764e-19 ; True ; 5 10 53 54 76 100 124 130 159 165 201 216 262 275 276 299 316 325 411 416 440 442 451 461 500 506 536 542 554 560 576 583 619 637  ; 5 2 4 3 2 1 3 4 10 5 6 1 3 5 2 4 2 2 2 2 
5.83e+05 ; 1.062e-18 ; True ; 5 25 70 84 92 122 132 202 219 221 225 226 236 242 245 296 298 325 343 383 411 461 462 485 502 506 523 530 553 557 577 580 600 624 625  ; 5 4 4 2 2 1 3 9 7 2 12 3 4 4 3 4 1 2 2 1 
5.85e+05 ; 1.862e-18 ; True ; 5 29 36 73 83 113 135 150 162 184 187 196 218 219 221 232 238 254 262 268 303 304 369 419 425 462 476 487 498 510 541 554 568 585 599  ; 6 3 4 3 2 2 3 6 5 5 10 3 3 1 1 3 1 2 4 4 
6.89e+05 ; 2.732e-18 ; True ; 5 80 88 124 134 148 150 161 184 190 198 201 205 236 246 248 252 258 262 268 305 325 343 370 376 379 386 403 412 453 455 474 497 527 536 559 587 626  ; 5 3 2 2 1 2 3 4 8 3 7 2 7 5 3 3 2 2 3 3 
7.66e+05 ; 6.094e-18 ; True ; 10 169 188 208 221 222 226 232 236 268 291 303 336 343 345 362 377 393 399 404 407 412 426 442 449 453 462 465 466 480 487 497 505 521 526 541 574 610 612 618  ; 5 2 5 3 1 1 5 7 7 4 12 3 4 3 3 2 1 3 4 4 

RUN 8:
Optimum Distance: 0

Optimal Team: 
Required Skills: 0 5 10 13 15 19 20 24 26 30 34 35 36 38 39 40 41 42 55 56 
Distance; Skill Score; isValid; Team; Skill Counts
8.8e+04 ; 8.643e-24 ; True ; 5 134 141 238 257 273 325 385 386 409 462 477 541 605  ; 1 1 2 1 1 1 1 3 4 1 4 1 2 2 1 2 2 1 2 1 
9e+04 ; 1.196e-23 ; True ; 5 18 134 164 325 343 385 386 409 438 542 573 600 613  ; 2 1 2 2 1 1 1 1 5 1 7 2 4 3 1 1 1 1 1 1 
1.03e+05 ; 1.754e-23 ; True ; 5 69 70 155 236 315 322 343 397 400 412 426 439 441 530  ; 3 3 3 1 1 1 1 2 4 1 4 2 1 2 1 1 2 1 1 1 
1.18e+05 ; 3.532e-23 ; True ; 5 18 134 164 257 325 343 385 386 409 477 542 573 600 605 613  ; 2 1 2 2 1 1 1 2 6 1 7 2 4 2 1 1 2 1 1 1 
1.48e+05 ; 8.161e-23 ; True ; 5 91 134 157 164 238 257 273 325 385 386 409 433 462 477 573 605 613  ; 2 1 2 1 1 1 1 2 6 1 5 1 4 3 1 2 2 2 1 2 
1.49e+05 ; 1.43e-22 ; True ; 5 12 96 119 133 140 163 198 262 399 412 424 439 469 497 551 596 612  ; 3 1 2 1 1 1 1 2 4 3 5 2 2 2 1 3 1 2 1 2 
1.5e+05 ; 2.61e-22 ; True ; 5 33 74 89 131 150 177 183 268 322 351 409 418 466 499 517 541 599  ; 3 1 2 1 2 1 1 4 4 2 6 1 1 2 2 2 2 1 2 2 
1.51e+05 ; 2.942e-22 ; True ; 5 44 47 55 59 105 150 258 262 268 269 400 485 509 548 575 604 613  ; 5 1 3 1 1 1 1 2 5 2 7 3 2 1 1 2 2 2 1 2 
1.88e+05 ; 3.325e-22 ; True ; 5 36 96 99 119 133 140 163 188 198 262 399 400 412 424 469 497 534 551 585  ; 7 2 1 1 1 1 1 3 3 2 7 3 3 2 1 1 2 2 1 2 
2.05e+05 ; 5.041e-22 ; True ; 1 5 7 9 44 76 145 169 185 251 252 306 313 343 374 409 449 461 497 533 607  ; 4 1 2 2 1 1 1 4 7 1 8 3 4 2 2 3 1 1 1 1 
2.09e+05 ; 1.035e-21 ; True ; 5 36 85 91 151 173 179 188 236 301 353 386 439 443 498 507 525 530 586 593 629  ; 3 3 4 2 1 1 1 3 6 1 6 2 3 2 2 2 2 1 1 1 
2.09e+05 ; 2.888e-21 ; True ; 5 20 25 47 148 201 236 238 248 268 303 305 365 380 386 436 466 510 518 554 583  ; 3 2 3 2 2 1 1 5 7 2 4 1 3 1 2 1 2 2 2 2 
2.26e+05 ; 1.25e-20 ; True ; 5 9 22 36 55 168 170 186 192 237 238 291 296 304 337 412 450 459 462 506 622 629  ; 4 1 2 1 1 1 4 6 5 3 5 2 4 2 3 2 1 2 2 2 
2.71e+05 ; 2.069e-20 ; True ; 5 22 36 55 168 169 186 236 237 238 291 296 337 363 377 412 450 459 471 506 514 554 558 629  ; 3 1 5 1 1 1 3 5 6 2 5 2 5 2 2 3 1 2 2 3 
2.74e+05 ; 3.331e-20 ; True ; 5 36 55 163 169 194 205 236 238 288 290 291 315 337 363 377 412 419 451 459 506 514 554 558  ; 4 2 4 1 2 1 2 3 7 2 6 3 3 2 1 3 1 3 2 3 
2.97e+05 ; 3.398e-20 ; True ; 5 36 55 163 169 236 238 288 291 337 363 377 412 417 418 419 450 451 459 506 514 554 558 589 629  ; 3 2 3 1 2 1 3 4 7 1 7 3 5 1 2 3 1 3 2 3 
3.45e+05 ; 4.176e-20 ; True ; 5 39 76 78 98 101 105 148 183 188 220 259 262 266 292 295 310 336 397 409 426 443 466 493 530 541 548  ; 5 4 4 1 1 2 2 4 5 1 4 1 2 3 3 2 3 2 3 2 
3.46e+05 ; 4.703e-20 ; True ; 5 22 29 36 55 168 169 186 236 237 238 259 260 291 296 337 363 377 412 430 437 450 471 506 590 629 633  ; 3 2 5 1 1 1 4 6 5 3 4 2 5 2 2 2 1 2 2 3 
3.74e+05 ; 6.339e-20 ; True ; 5 36 60 150 166 187 199 201 232 234 240 268 304 321 325 338 387 390 414 449 460 462 470 485 514 596 610 635  ; 5 2 5 2 2 1 3 6 7 1 10 4 4 4 2 1 1 1 2 2 
3.95e+05 ; 8.39e-20 ; True ; 4 5 7 18 105 133 160 225 268 277 316 325 337 442 444 449 460 485 487 489 498 505 509 522 529 566 570 575 599  ; 5 2 3 3 3 1 2 5 6 2 5 3 4 3 4 4 1 1 1 1 
3.99e+05 ; 1.327e-19 ; True ; 5 31 76 78 101 105 148 163 164 183 188 220 236 259 262 292 295 310 336 380 397 426 443 493 513 527 530 541 635  ; 6 4 3 1 2 2 3 5 5 2 6 1 4 2 2 1 3 2 3 2 
4.31e+05 ; 1.329e-19 ; True ; 5 69 144 153 157 201 202 221 225 226 236 250 257 298 301 305 346 371 412 422 449 467 486 498 506 525 534 541 612 634  ; 5 2 3 1 1 1 3 6 4 3 7 1 3 7 3 2 2 2 3 3 
4.54e+05 ; 1.782e-19 ; True ; 5 6 111 120 138 178 190 230 238 252 318 322 325 334 343 390 394 405 419 436 439 444 460 466 471 473 482 541 570 582 619  ; 6 6 4 1 1 1 2 5 4 2 7 4 3 4 2 4 2 1 2 2 
4.55e+05 ; 2.752e-19 ; True ; 5 36 44 45 62 91 98 124 134 140 147 209 216 232 238 253 263 268 280 304 305 312 334 336 343 364 391 425 502 506 576  ; 7 3 2 2 2 1 2 5 6 2 12 4 6 2 1 3 2 1 3 3 
4.62e+05 ; 2.875e-19 ; True ; 5 29 35 39 55 59 78 95 113 163 169 172 236 238 285 299 380 413 423 473 478 509 526 530 538 541 579 581 586 607 612  ; 6 2 3 1 3 1 1 6 6 5 8 2 4 2 2 3 2 4 2 2 
5.16e+05 ; 3.147e-19 ; True ; 5 91 103 128 152 178 201 206 214 220 283 304 311 322 329 343 382 386 398 399 438 439 460 461 463 470 506 507 510 559 580 610 617  ; 6 2 4 2 2 1 1 5 8 1 8 3 6 3 3 4 4 1 2 2 
5.25e+05 ; 3.719e-19 ; True ; 5 22 36 55 168 169 186 236 237 238 256 259 260 289 296 337 363 377 400 412 430 437 438 450 497 499 506 539 548 575 590 629 633  ; 5 1 4 1 1 1 3 6 4 3 6 2 5 4 3 3 2 3 3 3 
5.53e+05 ; 6.912e-19 ; True ; 5 20 38 53 57 76 101 105 117 136 148 153 163 212 239 268 303 374 390 412 439 443 444 448 506 542 557 561 571 582 610 614 622 623  ; 8 2 6 2 2 1 4 3 5 3 6 1 4 2 3 2 2 3 2 4 
5.86e+05 ; 1.656e-18 ; True ; 5 20 38 76 101 105 107 136 148 153 163 212 230 239 268 282 303 317 334 350 374 390 412 439 443 444 506 542 561 564 571 582 610 622 623  ; 6 2 5 2 2 1 4 3 4 3 6 1 4 4 3 2 3 3 2 6 
6.55e+05 ; 1.91e-18 ; True ; 6 22 36 44 45 62 91 98 100 124 147 190 216 232 238 239 253 256 263 268 280 289 305 322 334 336 343 382 384 391 425 444 456 502 506 575 626  ; 6 4 3 2 3 1 2 4 6 3 10 3 6 4 2 4 1 2 2 3 
6.92e+05 ; 6.001e-18 ; True ; 5 17 26 45 59 91 126 136 150 166 169 196 262 269 307 316 338 355 393 410 424 466 470 473 479 485 489 497 506 510 530 542 547 568 577 608 609 630  ; 10 4 5 2 1 1 3 5 7 3 9 3 4 3 3 3 2 2 4 3 

RUN 9:
Optimum Distance: 0

Optimal Team: 
Required Skills: 0 5 10 13 15 19 20 24 26 30 34 35 36 38 39 40 41 42 55 56 
Distance; Skill Score; isValid; Team; Skill Counts
8.9e+04 ; 7.721e-24 ; True ; 5 9 55 113 119 172 256 343 409 420 424 457 506 530  ; 2 1 1 1 1 1 1 2 4 1 6 2 2 1 1 2 2 1 2 1 
1.16e+05 ; 1.742e-23 ; True ; 5 12 46 47 185 238 262 325 328 386 407 442 462 541 548 598  ; 1 1 2 1 1 1 2 3 4 3 4 1 3 2 1 2 1 1 1 1 
1.19e+05 ; 1.09e-22 ; True ; 5 113 119 163 172 256 300 322 325 343 409 420 424 457 506 530  ; 2 1 2 1 2 1 2 1 4 3 5 2 2 2 1 3 2 1 1 1 
1.48e+05 ; 2.737e-22 ; True ; 5 59 86 105 127 148 150 153 163 166 221 251 257 341 343 409 509 571  ; 5 1 2 1 1 1 3 1 4 3 3 2 2 4 1 2 2 2 1 1 
1.66e+05 ; 3.07e-22 ; True ; 5 14 59 78 86 105 150 153 163 166 170 257 304 341 343 353 487 509 571  ; 3 1 2 1 2 1 1 1 4 5 3 2 2 4 2 1 3 2 1 1 
1.7e+05 ; 7.702e-22 ; True ; 5 36 40 43 55 85 113 172 180 256 397 409 420 424 457 506 540 629 637  ; 4 3 3 1 1 1 2 3 3 2 5 2 2 2 1 2 2 1 2 1 
2.04e+05 ; 9.625e-22 ; True ; 5 44 101 133 146 159 174 180 250 256 304 313 386 412 461 481 506 538 570 612 627  ; 5 1 2 2 1 1 1 5 5 1 5 2 3 2 1 3 1 2 2 2 
2.07e+05 ; 1.577e-21 ; True ; 5 55 125 135 169 188 254 262 300 343 353 360 413 461 499 525 541 564 573 586 625  ; 2 3 4 1 1 1 1 3 6 3 7 2 2 2 2 1 2 1 2 2 
2.26e+05 ; 1.682e-21 ; True ; 5 9 50 81 111 123 148 153 236 289 395 396 412 428 457 459 465 485 491 583 610 629  ; 4 2 3 1 1 1 2 3 5 1 7 2 2 4 3 1 2 1 1 3 
2.27e+05 ; 2.068e-21 ; True ; 5 44 86 101 159 180 211 233 247 262 386 436 461 506 526 570 581 612 627 629 631 637  ; 4 2 2 2 2 1 2 3 4 1 7 2 3 3 2 2 1 1 2 1 
2.3e+05 ; 2.159e-21 ; True ; 5 29 31 58 242 245 251 257 258 268 283 307 308 311 325 399 424 444 541 608 612 623  ; 3 4 4 1 2 1 3 4 2 3 5 2 2 1 1 2 2 1 2 1 
2.47e+05 ; 3.325e-21 ; True ; 5 14 59 78 86 95 105 112 150 153 163 166 170 257 279 304 341 343 353 506 568 571 595  ; 2 1 2 1 2 1 2 2 7 5 6 2 2 4 2 1 3 2 1 2 
2.69e+05 ; 4.506e-21 ; True ; 1 5 16 18 29 31 84 148 193 269 304 305 310 328 346 369 442 449 450 485 527 541 586 608  ; 4 4 4 1 2 1 3 5 6 2 5 2 3 3 1 1 1 1 2 1 
2.7e+05 ; 7.709e-21 ; True ; 5 73 105 130 140 148 150 153 154 226 236 238 289 313 344 404 450 460 469 473 485 489 540 612  ; 6 2 1 2 2 1 2 4 5 2 5 3 2 3 1 1 2 3 1 3 
2.95e+05 ; 7.872e-21 ; True ; 1 5 18 29 31 84 101 148 193 304 328 442 449 450 480 485 488 527 541 554 559 570 586 602 608  ; 6 3 2 1 2 1 3 5 7 1 6 2 3 2 2 2 1 1 2 2 
2.97e+05 ; 8.764e-21 ; True ; 13 29 44 51 69 76 111 119 131 133 150 163 182 183 219 221 225 229 291 440 444 507 575 610 612  ; 3 2 1 2 2 1 4 1 7 2 7 1 6 2 3 4 1 1 2 3 
2.97e+05 ; 1.305e-20 ; True ; 5 36 39 58 70 127 189 223 238 262 281 325 360 366 416 419 461 482 487 492 498 542 576 614 623  ; 3 3 2 2 1 1 2 7 5 2 7 3 2 4 2 2 1 2 1 2 
3.2e+05 ; 1.332e-20 ; True ; 5 50 53 76 78 98 148 156 169 255 256 291 304 307 334 343 352 386 391 419 424 466 481 486 540 601  ; 3 1 4 3 1 1 2 2 6 1 6 3 2 3 3 3 2 1 2 3 
3.2e+05 ; 1.541e-20 ; True ; 5 9 67 97 141 150 153 154 157 166 236 256 303 316 336 400 449 470 486 491 497 499 506 530 545 576  ; 5 1 1 2 1 1 2 4 6 3 10 1 5 3 3 3 2 3 2 1 
3.21e+05 ; 2.461e-20 ; True ; 4 5 31 78 133 146 192 205 236 238 268 306 317 355 395 397 399 412 414 454 456 485 492 541 571 580  ; 2 2 5 1 2 1 1 4 7 2 6 3 2 4 2 2 2 3 1 3 
3.42e+05 ; 8.302e-20 ; True ; 5 11 20 31 32 44 148 163 183 212 223 238 242 254 268 293 304 310 311 343 355 360 475 521 526 559 573  ; 6 4 5 1 2 1 3 2 6 1 5 3 2 2 3 2 2 2 2 3 
3.42e+05 ; 8.542e-20 ; True ; 5 29 69 84 113 199 216 236 238 257 270 295 297 318 325 343 369 377 404 412 439 461 462 521 526 541 571  ; 3 4 2 1 3 1 1 5 5 2 4 2 2 4 1 4 3 4 3 2 
3.74e+05 ; 1.215e-19 ; True ; 5 47 50 55 89 128 158 235 305 317 326 409 410 412 461 466 505 506 509 536 540 541 542 561 574 576 612 636  ; 3 1 3 1 3 1 2 5 4 5 8 2 4 2 2 3 1 2 4 4 
3.95e+05 ; 1.293e-19 ; True ; 5 29 75 84 113 170 199 215 221 236 257 295 297 318 325 343 369 377 399 404 412 439 461 462 526 541 571 584 601  ; 5 3 2 1 3 1 2 6 4 2 4 3 2 5 1 5 3 4 2 1 
4.28e+05 ; 1.87e-19 ; True ; 5 22 36 38 39 70 129 189 223 230 238 262 281 318 325 360 366 416 419 439 461 482 487 492 498 506 542 576 614 623  ; 4 2 4 2 1 1 3 8 5 2 9 3 3 4 2 4 1 2 2 2 
4.56e+05 ; 6.688e-19 ; True ; 5 28 75 84 89 153 170 195 199 221 236 295 297 318 325 343 369 377 399 404 412 439 461 473 491 526 541 571 584 601 604  ; 8 3 2 1 3 1 2 7 5 2 5 4 3 6 1 5 2 4 2 2 
5.23e+05 ; 1.175e-18 ; True ; 5 55 62 89 103 128 131 184 190 236 290 291 343 346 397 412 505 506 509 510 536 540 541 542 571 574 576 580 596 604 612 616 618  ; 4 4 4 2 2 1 3 9 7 4 11 3 4 6 1 2 1 2 3 2 
5.88e+05 ; 1.291e-18 ; True ; 5 6 7 36 55 122 133 134 162 163 176 183 184 203 230 234 236 268 325 336 360 399 416 450 454 475 498 513 525 547 611 613 620 622 631  ; 6 3 4 2 2 1 2 6 6 3 9 3 5 5 2 3 1 2 3 2 
5.89e+05 ; 3.002e-18 ; True ; 5 47 55 87 89 128 131 184 291 346 395 397 403 409 410 412 461 466 505 506 509 510 536 540 541 542 571 574 576 580 596 604 612 618 636  ; 5 3 5 1 3 1 4 8 7 5 9 2 4 5 2 3 1 2 4 2 
6.97e+05 ; 4.936e-18 ; True ; 5 40 41 55 87 89 128 131 184 190 291 326 346 395 397 403 409 410 412 439 461 466 473 505 506 509 510 533 536 538 540 541 571 576 604 611 612 636  ; 8 4 5 1 3 1 4 8 4 5 7 3 6 6 2 4 1 1 4 2 

RUN 10:
Optimum Distance: 0

Optimal Team: 
Required Skills: 0 5 10 13 15 19 20 24 26 30 34 35 36 38 39 40 41 42 55 56 
Distance; Skill Score; isValid; Team; Skill Counts
9.1e+04 ; 1.93e-25 ; True ; 36 157 171 201 219 236 315 348 363 445 461 562 564 622  ; 3 1 1 1 1 1 1 4 2 1 2 1 1 1 1 1 1 1 1 1 
1.02e+05 ; 6.647e-25 ; True ; 5 31 101 134 217 238 262 296 392 416 446 540 579 620 629  ; 1 1 1 1 1 1 2 1 4 1 4 1 3 1 1 1 1 1 1 2 
1.03e+05 ; 1.533e-23 ; True ; 5 18 107 135 183 229 304 315 347 419 446 461 541 542 612  ; 2 2 1 1 1 1 1 3 4 3 6 2 2 1 1 2 1 1 1 1 
1.18e+05 ; 2.003e-23 ; True ; 5 107 183 229 304 315 347 351 354 419 461 526 541 575 612 627  ; 3 2 1 1 1 1 1 3 2 2 4 2 2 1 1 3 2 1 1 1 
1.33e+05 ; 5.591e-23 ; True ; 0 5 107 135 183 229 304 315 347 351 354 419 461 541 542 575 612  ; 4 2 1 1 1 1 1 3 3 3 5 2 2 1 1 3 2 1 1 1 
1.51e+05 ; 1.081e-22 ; True ; 5 56 67 107 130 173 183 229 236 304 309 316 410 461 466 542 612 615  ; 3 1 2 2 1 2 1 4 4 1 4 1 2 2 1 2 2 1 2 1 
1.66e+05 ; 1.466e-22 ; True ; 5 87 106 138 158 163 183 262 273 343 365 412 436 440 453 458 466 581 592  ; 3 1 2 1 2 1 1 3 4 1 3 2 3 2 2 3 1 1 1 2 
1.69e+05 ; 2.589e-22 ; True ; 5 20 25 45 76 87 106 138 140 158 183 262 273 343 365 436 440 506 581  ; 2 2 2 2 1 1 2 3 6 1 5 2 2 2 1 3 2 1 1 1 
1.89e+05 ; 4.218e-22 ; True ; 5 76 159 202 232 238 261 268 322 382 411 425 444 477 557 558 608 612 613 629  ; 3 1 3 2 1 1 2 3 6 3 6 1 3 1 2 1 1 1 2 2 
1.89e+05 ; 7.307e-22 ; True ; 5 44 72 140 152 236 238 278 316 323 325 358 449 498 509 515 533 541 574 613  ; 4 1 1 1 1 1 2 6 6 4 6 2 3 2 2 2 1 1 1 2 
2.07e+05 ; 8.142e-22 ; True ; 5 37 54 111 143 148 225 236 254 258 274 331 399 449 461 506 564 573 587 598 612  ; 3 2 1 1 1 1 5 3 4 2 8 2 3 1 2 2 2 1 2 1 
2.09e+05 ; 8.682e-22 ; True ; 5 36 43 89 148 159 182 212 228 232 238 261 314 322 325 382 444 477 557 613 629  ; 4 1 1 1 1 1 4 4 5 2 5 2 4 2 3 2 1 1 2 1 
2.26e+05 ; 9.549e-22 ; True ; 5 30 44 46 69 89 101 138 155 159 243 303 304 310 317 322 325 337 436 486 533 542  ; 5 2 3 1 2 1 1 3 6 3 4 2 1 2 1 3 1 1 2 2 
2.28e+05 ; 1.543e-21 ; True ; 5 30 69 89 90 138 155 159 232 243 304 317 322 325 416 436 486 502 505 533 537 542  ; 5 2 2 1 2 1 3 3 7 3 5 2 2 2 1 2 1 1 2 1 
2.28e+05 ; 2.104e-21 ; True ; 5 22 63 99 100 160 203 236 268 280 291 343 364 399 422 443 506 561 607 622 635 637  ; 3 2 4 1 2 1 3 3 5 2 8 3 2 2 1 1 1 2 2 1 
2.47e+05 ; 2.51e-21 ; True ; 5 131 149 159 163 172 202 212 236 262 293 336 386 412 444 452 461 506 516 588 610 612 620  ; 3 1 2 2 2 3 2 5 5 3 8 1 3 1 1 2 1 1 2 2 
2.49e+05 ; 4.635e-21 ; True ; 5 27 28 36 76 127 152 172 190 212 232 236 268 309 466 481 491 510 526 542 561 564 604  ; 4 4 3 2 2 1 1 5 5 1 4 3 1 1 2 2 3 2 1 2 
2.72e+05 ; 7.879e-21 ; True ; 5 19 44 113 155 159 169 190 261 304 310 343 407 430 437 449 461 466 484 494 607 608 629 634  ; 7 3 3 1 1 1 2 3 6 1 6 3 3 3 3 4 1 1 2 1 
2.97e+05 ; 9.417e-21 ; True ; 5 78 89 152 153 170 227 236 247 257 295 303 307 310 317 325 390 397 427 432 466 497 568 610 629  ; 2 4 5 1 3 1 3 4 2 1 5 1 4 2 4 1 3 1 2 2 
3.18e+05 ; 1.027e-20 ; True ; 5 20 132 221 262 263 294 310 321 322 334 337 349 390 436 449 471 485 487 491 522 530 586 608 611 612  ; 5 3 4 2 2 1 2 3 4 3 7 3 3 1 1 4 2 1 1 1 
3.18e+05 ; 1.318e-20 ; True ; 5 25 39 44 76 88 89 90 124 148 152 163 225 236 264 275 289 292 325 328 419 469 547 559 622 626  ; 4 1 2 1 5 1 4 2 5 3 4 3 2 3 2 2 3 1 2 1 
3.19e+05 ; 1.346e-20 ; True ; 0 5 105 131 153 181 183 189 243 251 285 316 328 375 397 412 444 447 461 469 506 528 535 541 583 591  ; 3 2 4 1 2 1 3 4 5 3 5 1 2 4 1 4 1 2 2 2 
3.22e+05 ; 2.665e-20 ; True ; 5 25 44 72 96 140 161 168 173 207 216 236 271 278 303 305 316 325 439 506 509 515 533 541 575 613  ; 5 2 2 2 1 1 2 5 4 5 6 2 3 2 3 5 1 1 3 1 
3.47e+05 ; 2.783e-20 ; True ; 7 28 36 44 105 115 122 126 151 159 173 183 189 201 232 262 292 328 338 412 447 461 506 525 541 583 629  ; 7 2 1 1 2 1 3 6 6 3 6 2 2 1 2 3 1 3 4 2 
3.71e+05 ; 3.331e-20 ; True ; 5 25 55 78 83 94 96 124 136 163 212 236 269 305 333 369 386 436 455 489 492 503 506 531 554 610 616 622  ; 3 2 3 1 2 1 3 3 7 3 6 1 6 3 2 2 3 1 2 2 
3.98e+05 ; 3.557e-20 ; True ; 5 6 12 25 28 48 54 72 163 246 262 305 324 350 362 443 453 459 461 485 487 506 509 525 569 582 597 629 630  ; 7 6 3 1 2 1 2 6 5 3 5 2 3 1 3 5 1 1 2 1 
4e+05 ; 4.114e-20 ; True ; 5 6 47 183 225 229 236 268 287 368 410 422 430 436 485 488 498 506 516 532 542 564 600 605 622 624 625 629 636  ; 4 2 4 1 2 1 4 5 5 2 9 2 4 4 2 2 2 1 1 2 
4.02e+05 ; 4.685e-20 ; True ; 5 10 36 84 111 141 158 236 238 242 291 305 322 335 358 399 410 437 438 444 461 464 478 497 517 533 550 581 583  ; 5 4 4 1 1 2 2 5 6 3 6 3 3 5 1 2 1 2 1 2 
4.03e+05 ; 6.165e-20 ; True ; 5 56 65 76 84 116 122 166 206 207 243 262 311 325 365 386 410 412 442 461 495 505 537 541 576 594 596 611 634  ; 4 2 5 2 1 1 3 4 7 4 6 2 5 3 1 2 1 2 2 2 
4.29e+05 ; 8.031e-20 ; True ; 5 35 36 69 84 111 141 158 186 236 238 242 305 322 335 358 371 399 405 410 412 437 438 461 464 478 517 542 581 583  ; 5 4 4 1 2 1 2 5 6 3 6 3 2 4 1 2 1 4 1 3 
4.31e+05 ; 1.492e-19 ; True ; 5 20 36 160 238 242 255 260 262 278 281 299 332 350 382 440 444 484 497 502 506 522 528 551 554 564 568 573 575 583  ; 7 3 3 1 1 2 3 3 5 2 8 2 4 3 2 4 3 1 2 2 
4.59e+05 ; 2.259e-19 ; True ; 4 5 56 81 88 93 131 159 170 217 221 236 303 316 336 353 360 389 400 412 414 449 497 506 516 519 531 554 573 575 629  ; 8 1 3 2 2 1 5 5 7 1 7 1 6 3 3 4 2 1 3 3 
4.6e+05 ; 2.851e-19 ; True ; 5 44 72 96 140 161 168 216 271 278 303 305 316 318 325 358 409 424 439 449 506 509 514 515 533 541 574 575 582 607 613  ; 5 2 2 2 2 1 3 7 4 5 7 2 5 3 3 5 1 1 2 2 
4.89e+05 ; 3.261e-19 ; True ; 5 70 95 111 124 148 149 232 239 262 303 310 322 343 371 375 411 432 457 461 495 497 502 529 538 539 541 542 543 576 607 608  ; 6 4 3 2 2 1 3 5 9 4 9 2 3 1 2 2 3 2 3 1 
5.19e+05 ; 3.739e-19 ; True ; 5 31 110 150 163 190 236 269 296 325 337 339 343 347 360 378 379 386 398 404 409 440 464 470 480 497 512 523 540 542 571 614 622  ; 7 2 2 2 2 2 5 4 8 3 10 2 7 4 1 2 2 2 1 2 
5.19e+05 ; 3.926e-19 ; True ; 0 5 23 36 56 119 199 237 238 245 262 268 295 321 322 343 358 360 410 423 439 455 457 473 487 491 511 527 530 580 584 585 586  ; 8 1 4 2 2 1 2 4 10 3 10 5 2 5 3 2 2 3 2 1 
5.53e+05 ; 4.152e-19 ; True ; 5 19 22 29 36 45 50 54 98 127 150 153 172 201 222 232 242 254 269 271 331 338 404 409 454 461 486 487 505 523 541 577 596 632  ; 8 4 5 1 2 1 2 4 7 6 7 3 3 6 2 3 2 1 2 1 
5.54e+05 ; 6.331e-19 ; True ; 0 5 9 23 36 69 229 237 238 245 262 268 295 299 322 343 358 360 410 426 439 455 457 473 491 511 521 527 530 537 580 584 585 588  ; 8 2 5 2 2 1 4 5 7 2 10 4 3 5 4 2 2 2 1 1 
5.9e+05 ; 1.207e-18 ; True ; 5 36 50 68 89 123 124 139 150 163 164 186 198 200 231 238 285 291 304 310 311 336 346 358 368 379 439 446 449 506 509 510 521 526 575  ; 6 4 6 1 2 1 3 6 6 2 6 2 5 8 1 4 2 3 2 2 
5.9e+05 ; 2.717e-18 ; True ; 5 81 124 131 153 159 163 167 192 221 256 294 303 316 321 324 353 360 391 400 444 449 489 506 517 531 541 573 575 578 583 622 627 629 633  ; 7 3 2 2 1 1 6 6 8 5 6 2 5 4 4 3 3 1 3 2 
6.56e+05 ; 3.126e-18 ; True ; 5 148 163 183 200 201 202 211 215 230 243 260 270 328 329 334 337 347 366 370 391 397 399 444 461 466 470 485 486 497 502 565 581 595 610 612 614  ; 6 3 4 2 3 1 3 4 4 3 10 3 5 4 3 3 2 1 3 3 
7.37e+05 ; 4.483e-18 ; True ; 5 50 55 112 118 163 214 238 275 277 285 291 292 300 304 321 329 335 341 344 360 385 415 416 419 430 449 458 461 502 506 513 526 529 543 549 585 597 629  ; 8 3 5 1 3 1 4 5 9 3 10 3 6 3 2 2 3 2 2 3 
7.68e+05 ; 5.286e-18 ; True ; 5 183 196 200 201 202 211 215 230 260 270 304 328 329 347 366 370 391 397 399 400 416 429 444 461 466 470 485 486 497 502 523 533 571 581 595 599 610 612 614  ; 8 3 3 4 2 2 2 6 7 3 12 3 5 5 3 2 3 1 2 2 

