m: 4
Instance: 1
Algorithm: MOSA
Iteration: 200
Population Size: 100
RUN 1:
Optimum Distance: 0

Optimal Team: 
Required Skills: 22 27 37 40 
Distance; Skill Score; isValid; Team; Skill Counts
2001 ; 0.003556 ; True ; 0 19 108  ; 1 1 1 1 
4002 ; 0.006017 ; True ; 4 49 97 108  ; 1 2 1 1 
4002 ; 0.006045 ; True ; 0 1 19 108  ; 1 1 2 1 
5001 ; 0.006537 ; True ; 0 29 102 108  ; 2 1 1 1 
8002 ; 0.007722 ; True ; 4 49 96 97 108  ; 1 3 1 1 
8002 ; 0.01023 ; True ; 0 19 22 71 108  ; 1 2 2 1 
9001 ; 0.01065 ; True ; 17 100 102 106 108  ; 1 1 2 2 
1e+04 ; 0.01152 ; True ; 25 32 99 108 127  ; 2 1 1 2 
1.2e+04 ; 0.01802 ; True ; 0 1 19 25 56 108  ; 1 2 2 2 
1.4e+04 ; 0.01881 ; True ; 25 63 67 108 110 118  ; 2 2 2 1 
1.4e+04 ; 0.01949 ; True ; 43 63 100 102 108 114  ; 2 2 1 2 
1.4e+04 ; 0.01958 ; True ; 8 51 52 80 108 125  ; 2 1 2 2 
1.9e+04 ; 0.02312 ; True ; 8 49 81 95 98 108 126  ; 1 3 2 2 
1.9e+04 ; 0.02522 ; True ; 8 15 51 52 80 108 126  ; 2 1 3 2 
1.9e+04 ; 0.03313 ; True ; 3 76 80 94 98 108 122  ; 2 2 2 2 
2.5e+04 ; 0.04251 ; True ; 47 81 99 104 108 126 127 128  ; 2 3 2 2 
2.6e+04 ; 0.0458 ; True ; 3 19 52 71 80 108 120 128  ; 3 2 2 2 

RUN 2:
Optimum Distance: 0

Optimal Team: 
Required Skills: 22 27 37 40 
Distance; Skill Score; isValid; Team; Skill Counts
2001 ; 0.003556 ; True ; 19 108 127  ; 1 1 1 1 
4002 ; 0.006017 ; True ; 19 27 108 127  ; 1 2 1 1 
5001 ; 0.006045 ; True ; 19 62 108 127  ; 1 1 2 1 
5001 ; 0.006537 ; True ; 0 19 59 108  ; 2 1 1 1 
8002 ; 0.01111 ; True ; 19 108 126 127 128  ; 2 1 2 1 
9001 ; 0.01152 ; True ; 70 100 102 108 117  ; 2 1 1 2 
1.2e+04 ; 0.01409 ; True ; 0 20 25 29 98 108  ; 1 2 1 3 
1.3e+04 ; 0.0142 ; True ; 0 7 20 67 108 111  ; 2 3 1 1 
1.3e+04 ; 0.01531 ; True ; 0 19 20 59 92 108  ; 2 1 1 3 
1.4e+04 ; 0.01958 ; True ; 94 101 108 122 126 128  ; 2 1 2 2 
1.7e+04 ; 0.02312 ; True ; 0 20 27 28 29 98 108  ; 1 3 2 2 
1.9e+04 ; 0.02321 ; True ; 26 53 100 102 108 117 126  ; 1 2 3 2 
1.9e+04 ; 0.02501 ; True ; 0 9 20 29 67 108 111  ; 2 3 1 2 
2e+04 ; 0.02706 ; True ; 0 19 59 99 108 120 121  ; 3 1 2 2 
2e+04 ; 0.03313 ; True ; 27 52 80 90 103 108 110  ; 2 2 2 2 
2.3e+04 ; 0.04268 ; True ; 0 20 22 27 28 29 108 110  ; 2 2 3 2 
2.6e+04 ; 0.04404 ; True ; 53 80 95 100 102 108 117 126  ; 2 2 2 3 
2.7e+04 ; 0.0458 ; True ; 32 69 94 101 108 122 126 128  ; 3 2 2 2 

RUN 3:
Optimum Distance: 0

Optimal Team: 
Required Skills: 22 27 37 40 
Distance; Skill Score; isValid; Team; Skill Counts
2001 ; 0.003556 ; True ; 0 25 108  ; 1 1 1 1 
5001 ; 0.006264 ; True ; 0 19 108 119  ; 1 1 1 2 
6000 ; 0.006537 ; True ; 49 52 102 108  ; 2 1 1 1 
8002 ; 0.008326 ; True ; 0 19 29 108 119  ; 1 1 1 3 
9001 ; 0.01023 ; True ; 28 66 76 100 108  ; 1 2 2 1 
9001 ; 0.01111 ; True ; 5 38 76 108 128  ; 2 1 2 1 
1e+04 ; 0.01152 ; True ; 80 91 108 122 125  ; 2 1 1 2 
1.3e+04 ; 0.01949 ; True ; 0 19 57 108 119 127  ; 2 2 1 2 
1.4e+04 ; 0.01958 ; True ; 39 92 93 104 108 127  ; 2 1 2 2 
1.8e+04 ; 0.0259 ; True ; 0 19 29 57 108 119 127  ; 2 2 1 3 
2e+04 ; 0.03313 ; True ; 20 36 55 99 102 108 129  ; 2 2 2 2 
2.6e+04 ; 0.03336 ; True ; 55 98 99 108 109 110 120 125  ; 3 3 2 1 
2.6e+04 ; 0.03352 ; True ; 99 100 108 111 116 117 126 128  ; 2 1 3 3 
2.7e+04 ; 0.04268 ; True ; 19 22 39 41 63 67 95 108  ; 2 2 3 2 
2.8e+04 ; 0.04404 ; True ; 5 14 19 61 98 108 120 125  ; 2 2 2 3 
2.8e+04 ; 0.0458 ; True ; 63 102 104 108 111 114 123 126  ; 3 2 2 2 

RUN 4:
Optimum Distance: 0

Optimal Team: 
Required Skills: 22 27 37 40 
Distance; Skill Score; isValid; Team; Skill Counts
3000 ; 0.003556 ; True ; 63 104 108  ; 1 1 1 1 
5001 ; 0.006537 ; True ; 100 102 108 125  ; 2 1 1 1 
8002 ; 0.01111 ; True ; 40 49 108 118 128  ; 2 1 2 1 
1e+04 ; 0.01152 ; True ; 19 31 32 39 108  ; 2 1 1 2 
1.2e+04 ; 0.01881 ; True ; 0 21 22 91 108 110  ; 2 2 2 1 
1.4e+04 ; 0.01949 ; True ; 0 8 63 108 109 114  ; 2 2 1 2 
1.5e+04 ; 0.01958 ; True ; 5 35 59 62 108 111  ; 2 1 2 2 
1.6e+04 ; 0.02694 ; True ; 0 20 21 25 63 64 108  ; 3 2 1 2 
2e+04 ; 0.03313 ; True ; 52 54 59 92 106 108 110  ; 2 2 2 2 
2.4e+04 ; 0.0458 ; True ; 0 19 21 23 63 99 108 127  ; 3 2 2 2 

RUN 5:
Optimum Distance: 0

Optimal Team: 
Required Skills: 22 27 37 40 
Distance; Skill Score; isValid; Team; Skill Counts
3000 ; 0.003556 ; True ; 39 97 108  ; 1 1 1 1 
5001 ; 0.006017 ; True ; 57 59 97 108  ; 1 2 1 1 
5001 ; 0.006045 ; True ; 62 65 108 128  ; 1 1 2 1 
6000 ; 0.006537 ; True ; 76 88 102 108  ; 2 1 1 1 
8002 ; 0.01023 ; True ; 4 49 82 97 108  ; 1 2 2 1 
8002 ; 0.01106 ; True ; 5 108 112 127 128  ; 2 2 1 1 
9001 ; 0.01111 ; True ; 8 32 108 126 127  ; 2 1 2 1 
1e+04 ; 0.01152 ; True ; 64 91 100 108 111  ; 2 1 1 2 
1.2e+04 ; 0.01313 ; True ; 12 87 88 96 108 128  ; 1 3 2 1 
1.3e+04 ; 0.01881 ; True ; 0 1 7 103 108 127  ; 2 2 2 1 
1.3e+04 ; 0.01958 ; True ; 0 20 28 80 91 108  ; 2 1 2 2 
1.9e+04 ; 0.02395 ; True ; 72 91 94 100 102 108 124  ; 1 2 2 3 
1.9e+04 ; 0.02602 ; True ; 0 20 28 80 91 94 108  ; 2 1 2 3 
1.9e+04 ; 0.03313 ; True ; 4 68 80 99 108 114 128  ; 2 2 2 2 
2.5e+04 ; 0.03336 ; True ; 2 5 15 82 83 108 120 125  ; 3 3 2 1 
2.6e+04 ; 0.04268 ; True ; 11 62 65 80 107 108 114 128  ; 2 2 3 2 
2.6e+04 ; 0.0458 ; True ; 0 18 22 52 59 80 104 108  ; 3 2 2 2 

RUN 6:
Optimum Distance: 0

Optimal Team: 
Required Skills: 22 27 37 40 
Distance; Skill Score; isValid; Team; Skill Counts
3000 ; 0.003556 ; True ; 32 103 108  ; 1 1 1 1 
5001 ; 0.006017 ; True ; 31 63 67 108  ; 1 2 1 1 
5001 ; 0.006045 ; True ; 1 76 94 108  ; 1 1 2 1 
5001 ; 0.006264 ; True ; 19 39 40 108  ; 1 1 1 2 
6000 ; 0.006537 ; True ; 32 36 61 108  ; 2 1 1 1 
8002 ; 0.007787 ; True ; 0 17 24 26 108  ; 1 1 3 1 
9001 ; 0.01023 ; True ; 2 108 118 122 128  ; 1 2 2 1 
9001 ; 0.01111 ; True ; 0 25 68 76 108  ; 2 1 2 1 
1e+04 ; 0.01152 ; True ; 32 36 91 100 108  ; 2 1 1 2 
1.1e+04 ; 0.01318 ; True ; 1 28 72 76 94 108  ; 1 2 3 1 
1.3e+04 ; 0.01881 ; True ; 63 67 92 93 108 120  ; 2 2 2 1 
1.4e+04 ; 0.01949 ; True ; 49 72 99 108 111 114  ; 2 2 1 2 
1.5e+04 ; 0.01958 ; True ; 33 70 80 92 104 108  ; 2 1 2 2 
1.8e+04 ; 0.02321 ; True ; 5 57 84 103 108 126 128  ; 1 2 3 2 
1.8e+04 ; 0.02423 ; True ; 3 80 90 95 96 108 120  ; 2 2 3 1 
1.9e+04 ; 0.02522 ; True ; 51 100 102 108 119 120 126  ; 2 1 3 2 
1.9e+04 ; 0.03313 ; True ; 0 19 23 48 108 117 120  ; 2 2 2 2 
2.6e+04 ; 0.04268 ; True ; 81 88 107 108 118 119 127 128  ; 2 2 3 2 
2.7e+04 ; 0.0458 ; True ; 21 39 59 61 86 97 108 120  ; 3 2 2 2 

RUN 7:
Optimum Distance: 0

Optimal Team: 
Required Skills: 22 27 37 40 
Distance; Skill Score; isValid; Team; Skill Counts
2001 ; 0.003556 ; True ; 5 108 127  ; 1 1 1 1 
5001 ; 0.006045 ; True ; 35 108 118 128  ; 1 1 2 1 
5001 ; 0.006537 ; True ; 5 108 111 127  ; 2 1 1 1 
9001 ; 0.007787 ; True ; 29 108 116 126 128  ; 1 1 3 1 
9001 ; 0.01106 ; True ; 52 54 59 108 127  ; 2 2 1 1 
9001 ; 0.01111 ; True ; 80 87 88 108 125  ; 2 1 2 1 
1e+04 ; 0.01152 ; True ; 15 29 100 108 128  ; 2 1 1 2 
1.3e+04 ; 0.01372 ; True ; 22 73 108 117 119 127  ; 1 1 3 2 
1.4e+04 ; 0.01958 ; True ; 108 114 118 119 125 128  ; 2 1 2 2 
1.9e+04 ; 0.02395 ; True ; 92 99 108 112 117 126 128  ; 1 2 2 3 
1.9e+04 ; 0.02423 ; True ; 92 102 108 112 116 126 128  ; 2 2 3 1 
2e+04 ; 0.02602 ; True ; 32 92 99 104 108 118 128  ; 2 1 2 3 
2e+04 ; 0.02694 ; True ; 20 59 63 70 83 108 117  ; 3 2 1 2 
2.1e+04 ; 0.03313 ; True ; 88 101 108 111 114 126 129  ; 2 2 2 2 
2.5e+04 ; 0.04268 ; True ; 3 80 81 94 95 107 108 111  ; 2 2 3 2 
2.7e+04 ; 0.0458 ; True ; 61 76 95 96 102 108 118 128  ; 3 2 2 2 
3.4e+04 ; 0.04634 ; True ; 40 63 94 95 101 108 118 126 127  ; 3 1 3 3 

RUN 8:
Optimum Distance: 0

Optimal Team: 
Required Skills: 22 27 37 40 
Distance; Skill Score; isValid; Team; Skill Counts
2001 ; 0.003556 ; True ; 100 102 108  ; 1 1 1 1 
5001 ; 0.006537 ; True ; 100 102 108 128  ; 2 1 1 1 
9001 ; 0.01023 ; True ; 21 23 39 108 122  ; 1 2 2 1 
9001 ; 0.01106 ; True ; 75 100 102 108 125  ; 2 2 1 1 
1e+04 ; 0.01152 ; True ; 49 97 108 114 120  ; 2 1 1 2 
1.2e+04 ; 0.01372 ; True ; 0 19 26 29 68 108  ; 1 1 3 2 
1.3e+04 ; 0.01529 ; True ; 0 19 57 63 108 127  ; 3 2 1 1 
1.3e+04 ; 0.01536 ; True ; 0 31 32 68 101 108  ; 3 1 2 1 
1.4e+04 ; 0.01881 ; True ; 60 63 67 101 108 113  ; 2 2 2 1 
1.4e+04 ; 0.01949 ; True ; 36 46 64 98 99 108  ; 2 2 1 2 
1.5e+04 ; 0.01958 ; True ; 89 92 99 108 111 127  ; 2 1 2 2 
1.8e+04 ; 0.02395 ; True ; 5 25 32 52 108 126 129  ; 1 2 2 3 
1.9e+04 ; 0.02413 ; True ; 4 49 67 68 97 108 111  ; 2 3 2 1 
1.9e+04 ; 0.026 ; True ; 0 11 32 60 68 101 108  ; 3 2 2 1 
2e+04 ; 0.03313 ; True ; 38 52 60 63 67 101 108  ; 2 2 2 2 
2.5e+04 ; 0.04251 ; True ; 46 65 81 102 108 109 126 128  ; 2 3 2 2 
2.5e+04 ; 0.04268 ; True ; 0 28 30 60 108 113 122 125  ; 2 2 3 2 
2.7e+04 ; 0.04404 ; True ; 6 95 101 108 112 117 119 121  ; 2 2 2 3 
2.7e+04 ; 0.0458 ; True ; 12 70 87 91 99 108 111 125  ; 3 2 2 2 

RUN 9:
Optimum Distance: 0

Optimal Team: 
Required Skills: 22 27 37 40 
Distance; Skill Score; isValid; Team; Skill Counts
2001 ; 0.003556 ; True ; 5 15 108  ; 1 1 1 1 
4002 ; 0.006537 ; True ; 0 20 64 108  ; 2 1 1 1 
9001 ; 0.01023 ; True ; 33 54 59 108 119  ; 1 2 2 1 
9001 ; 0.0106 ; True ; 4 49 52 108 114  ; 1 2 1 2 
9001 ; 0.01065 ; True ; 29 52 74 80 108  ; 1 1 2 2 
1e+04 ; 0.01111 ; True ; 23 35 59 63 108  ; 2 1 2 1 
1e+04 ; 0.01152 ; True ; 31 64 99 108 120  ; 2 1 1 2 
1.3e+04 ; 0.01313 ; True ; 28 30 61 76 81 108  ; 1 3 2 1 
1.3e+04 ; 0.01881 ; True ; 22 98 100 102 108 127  ; 2 2 2 1 
1.4e+04 ; 0.01958 ; True ; 0 29 40 86 108 125  ; 2 1 2 2 
1.7e+04 ; 0.02321 ; True ; 0 11 20 23 26 104 108  ; 1 2 3 2 
1.9e+04 ; 0.02413 ; True ; 28 30 65 76 81 108 125  ; 2 3 2 1 
1.9e+04 ; 0.02706 ; True ; 6 22 88 100 102 108 127  ; 3 1 2 2 
2e+04 ; 0.03313 ; True ; 65 80 81 82 100 102 108  ; 2 2 2 2 
2.5e+04 ; 0.03336 ; True ; 0 2 22 34 47 59 80 108  ; 3 3 2 1 
2.6e+04 ; 0.03349 ; True ; 63 68 98 100 102 108 126 127  ; 3 2 3 1 
2.6e+04 ; 0.04251 ; True ; 0 32 67 81 108 114 119 126  ; 2 3 2 2 
2.6e+04 ; 0.04268 ; True ; 0 25 28 39 88 96 108 124  ; 2 2 3 2 
2.7e+04 ; 0.04404 ; True ; 19 89 91 92 98 102 108 127  ; 2 2 2 3 
2.8e+04 ; 0.0458 ; True ; 25 53 63 102 108 116 122 128  ; 3 2 2 2 

RUN 10:
Optimum Distance: 0

Optimal Team: 
Required Skills: 22 27 37 40 
Distance; Skill Score; isValid; Team; Skill Counts
3000 ; 0.003556 ; True ; 6 104 108  ; 1 1 1 1 
5001 ; 0.006045 ; True ; 13 108 126 128  ; 1 1 2 1 
6000 ; 0.006264 ; True ; 99 108 111 114  ; 1 1 1 2 
6000 ; 0.006537 ; True ; 31 32 108 125  ; 2 1 1 1 
9001 ; 0.01111 ; True ; 0 19 39 105 108  ; 2 1 2 1 
1e+04 ; 0.01152 ; True ; 25 52 101 108 110  ; 2 1 1 2 
1.3e+04 ; 0.01318 ; True ; 5 72 106 108 126 127  ; 1 2 3 1 
1.4e+04 ; 0.01372 ; True ; 52 55 99 108 120 126  ; 1 1 3 2 
1.4e+04 ; 0.01802 ; True ; 83 100 102 108 114 116  ; 1 2 2 2 
1.4e+04 ; 0.01958 ; True ; 63 102 108 117 119 126  ; 2 1 2 2 
1.8e+04 ; 0.02413 ; True ; 0 28 30 54 92 108 110  ; 2 3 2 1 
1.9e+04 ; 0.02423 ; True ; 46 59 108 115 118 126 128  ; 2 2 3 1 
2e+04 ; 0.02602 ; True ; 59 84 94 100 102 108 119  ; 2 1 2 3 
2e+04 ; 0.03313 ; True ; 28 52 66 80 108 122 125  ; 2 2 2 2 
2.7e+04 ; 0.03349 ; True ; 15 23 59 60 63 67 108 113  ; 3 2 3 1 
2.7e+04 ; 0.04268 ; True ; 55 64 75 94 99 105 108 125  ; 2 2 3 2 
2.7e+04 ; 0.04404 ; True ; 94 100 102 105 108 115 119 128  ; 2 2 2 3 
2.7e+04 ; 0.0458 ; True ; 36 40 46 79 108 110 118 125  ; 3 2 2 2 

