m: 6
Instance: 1
Algorithm: MOSA
Iteration: 300
Population Size: 100
RUN 1:
Optimum Distance: 0

Optimal Team: 
Required Skills: 10 13 34 41 43 48 
Distance; Skill Score; isValid; Team; Skill Counts
2001 ; 4.647e-07 ; True ; 1 159 280  ; 1 1 1 1 1 1 
2001 ; 1.107e-06 ; True ; 1 280 359  ; 1 1 2 1 1 2 
4002 ; 2.074e-06 ; True ; 1 257 280 359  ; 2 1 2 1 1 2 
6000 ; 2.579e-06 ; True ; 1 22 114 189  ; 2 1 3 1 1 2 
9001 ; 3.319e-06 ; True ; 1 215 218 249 312  ; 2 1 4 1 1 3 
9001 ; 4.059e-06 ; True ; 1 189 231 278 359  ; 2 1 2 2 1 2 
9001 ; 5.315e-06 ; True ; 1 22 75 188 280  ; 1 2 3 2 1 2 
1.5e+04 ; 6.549e-06 ; True ; 1 22 121 142 239 249  ; 2 2 4 1 1 3 
1.5e+04 ; 9.96e-06 ; True ; 1 22 32 75 188 189  ; 2 2 3 2 1 2 
2e+04 ; 1.141e-05 ; True ; 1 22 75 188 255 280 301  ; 2 2 3 2 1 3 
2.7e+04 ; 1.575e-05 ; True ; 1 67 143 159 200 231 278 359  ; 3 2 4 2 1 2 
3.5e+04 ; 1.804e-05 ; True ; 1 23 76 169 203 215 218 229 319  ; 3 2 4 2 1 3 
4.3e+04 ; 1.992e-05 ; True ; 1 7 22 75 96 188 255 263 280 301  ; 2 2 4 3 1 4 
4.4e+04 ; 2.008e-05 ; True ; 1 22 67 154 162 182 188 209 260 348  ; 3 2 6 2 1 3 
5.2e+04 ; 2.066e-05 ; True ; 1 159 254 268 272 280 286 335 339 359 361  ; 2 2 4 3 1 6 
5.3e+04 ; 2.58e-05 ; True ; 1 36 45 132 138 253 278 280 335 351 359  ; 3 3 3 2 1 5 
6.4e+04 ; 4.155e-05 ; True ; 1 51 67 132 138 207 253 280 335 351 352 359  ; 3 2 5 2 2 5 

RUN 2:
Optimum Distance: 0

Optimal Team: 
Required Skills: 10 13 34 41 43 48 
Distance; Skill Score; isValid; Team; Skill Counts
2001 ; 7.575e-07 ; True ; 1 215 280  ; 1 1 2 1 1 1 
3000 ; 1.107e-06 ; True ; 1 22 249  ; 1 1 2 1 1 2 
3000 ; 1.376e-06 ; True ; 1 67 359  ; 1 1 3 1 1 2 
5001 ; 2.579e-06 ; True ; 1 215 218 249  ; 2 1 3 1 1 2 
9001 ; 3.293e-06 ; True ; 1 22 45 67 198  ; 1 2 3 1 1 4 
9001 ; 3.549e-06 ; True ; 1 67 268 320 359  ; 2 1 5 1 1 3 
1e+04 ; 4.896e-06 ; True ; 1 45 249 300 359  ; 1 2 2 2 1 3 
1.4e+04 ; 5.717e-06 ; True ; 1 215 218 239 240 249  ; 2 2 4 1 1 2 
1.4e+04 ; 6.933e-06 ; True ; 1 45 67 198 268 285  ; 2 2 4 1 1 4 
1.5e+04 ; 6.945e-06 ; True ; 1 22 67 70 142 153  ; 2 1 5 2 1 3 
2e+04 ; 8.139e-06 ; True ; 1 44 153 188 218 280 333  ; 3 1 3 2 1 3 
2.1e+04 ; 8.986e-06 ; True ; 1 15 22 142 163 249 335  ; 2 1 3 3 1 4 
2.1e+04 ; 9.96e-06 ; True ; 1 169 175 177 194 293 359  ; 2 2 3 2 1 2 
2.7e+04 ; 1.459e-05 ; True ; 1 22 60 189 200 249 268 300  ; 2 1 5 2 2 4 
3.5e+04 ; 1.843e-05 ; True ; 1 114 154 172 215 231 239 280 285  ; 2 3 6 2 1 2 
3.6e+04 ; 2.692e-05 ; True ; 1 137 164 175 189 214 239 298 359  ; 2 2 4 2 2 4 
4.4e+04 ; 3.014e-05 ; True ; 1 19 22 70 75 128 142 153 249 280  ; 3 1 5 3 2 4 
5.4e+04 ; 3.499e-05 ; True ; 1 27 45 67 88 96 112 118 169 218 249  ; 3 2 3 2 2 6 
6.3e+04 ; 4.562e-05 ; True ; 1 22 76 92 142 152 162 215 227 249 272 294  ; 2 2 6 3 2 6 

RUN 3:
Optimum Distance: 0

Optimal Team: 
Required Skills: 10 13 34 41 43 48 
Distance; Skill Score; isValid; Team; Skill Counts
2001 ; 7.575e-07 ; True ; 1 188 280  ; 1 1 2 1 1 1 
2001 ; 1.107e-06 ; True ; 1 22 280  ; 1 1 2 1 1 2 
3000 ; 1.376e-06 ; True ; 1 67 359  ; 1 1 3 1 1 2 
5001 ; 1.844e-06 ; True ; 1 67 137 188  ; 1 1 3 2 1 1 
6000 ; 2.579e-06 ; True ; 1 22 67 352  ; 2 1 3 1 1 2 
8002 ; 3.111e-06 ; True ; 1 22 45 217 280  ; 1 2 3 1 1 3 
9001 ; 5.089e-06 ; True ; 1 169 175 215 268  ; 2 2 3 1 1 2 
1.4e+04 ; 6.089e-06 ; True ; 1 45 137 280 354 359  ; 1 2 3 2 1 3 
1.4e+04 ; 8.489e-06 ; True ; 1 9 45 67 218 272  ; 2 1 3 3 1 3 
1.5e+04 ; 9.144e-06 ; True ; 1 76 142 193 358 359  ; 3 1 4 2 1 3 
2e+04 ; 9.219e-06 ; True ; 1 175 215 230 268 285 308  ; 3 2 4 1 1 3 
2e+04 ; 1.82e-05 ; True ; 1 45 137 175 280 359 362  ; 2 2 2 2 2 3 
3.4e+04 ; 1.882e-05 ; True ; 1 4 22 48 75 102 278 280 351  ; 2 2 4 3 1 3 
3.4e+04 ; 2.417e-05 ; True ; 1 22 76 114 268 272 302 333 351  ; 4 2 5 2 1 3 
6.4e+04 ; 2.624e-05 ; True ; 1 67 97 162 215 274 278 287 322 324 346 359  ; 4 2 5 2 1 5 

RUN 4:
Optimum Distance: 0

Optimal Team: 
Required Skills: 10 13 34 41 43 48 
Distance; Skill Score; isValid; Team; Skill Counts
2001 ; 7.575e-07 ; True ; 1 188 280  ; 1 1 2 1 1 1 
3000 ; 1.107e-06 ; True ; 1 175 359  ; 1 1 2 1 1 2 
3000 ; 1.376e-06 ; True ; 1 22 67  ; 1 1 3 1 1 2 
4002 ; 2.955e-06 ; True ; 1 22 268 280  ; 2 1 3 1 1 3 
5001 ; 3.319e-06 ; True ; 1 22 67 268  ; 2 1 4 1 1 3 
9001 ; 5.782e-06 ; True ; 1 22 137 249 268  ; 2 1 3 2 1 3 
1.4e+04 ; 6.549e-06 ; True ; 1 67 128 152 215 359  ; 2 2 4 1 1 3 
1.4e+04 ; 7.105e-06 ; True ; 1 22 83 249 272 358  ; 3 1 3 2 1 2 
1.9e+04 ; 7.602e-06 ; True ; 1 22 45 60 67 112 207  ; 2 2 5 1 1 5 
1.9e+04 ; 9.301e-06 ; True ; 1 174 175 239 278 280 359  ; 2 2 2 1 2 3 
2.1e+04 ; 9.96e-06 ; True ; 1 96 116 175 188 257 285  ; 2 2 3 2 1 2 
2.7e+04 ; 1.02e-05 ; True ; 1 130 157 175 215 218 257 300  ; 4 1 3 2 1 3 
2.7e+04 ; 1.119e-05 ; True ; 22 76 114 137 188 193 207 301  ; 2 2 4 2 1 2 
3.3e+04 ; 1.157e-05 ; True ; 1 60 168 169 175 226 239 280 314  ; 2 2 3 1 2 3 
3.4e+04 ; 2.496e-05 ; True ; 1 22 45 177 229 280 301 357 358  ; 3 2 3 3 1 4 
5.3e+04 ; 2.804e-05 ; True ; 1 121 137 169 189 215 218 235 326 335 368  ; 3 2 4 3 1 4 
5.3e+04 ; 3.135e-05 ; True ; 1 8 10 22 213 215 265 267 272 280 359  ; 3 3 5 2 1 6 
5.4e+04 ; 4.051e-05 ; True ; 1 67 177 189 209 215 218 235 239 286 368  ; 3 2 5 2 2 4 

RUN 5:
Optimum Distance: 0

Optimal Team: 
Required Skills: 10 13 34 41 43 48 
Distance; Skill Score; isValid; Team; Skill Counts
2001 ; 6.79e-07 ; True ; 1 45 280  ; 1 1 1 1 1 2 
2001 ; 1.107e-06 ; True ; 1 280 359  ; 1 1 2 1 1 2 
4002 ; 2.502e-06 ; True ; 1 22 45 280  ; 1 2 2 1 1 3 
5001 ; 2.897e-06 ; True ; 1 67 215 268  ; 2 1 4 1 1 2 
9001 ; 4.059e-06 ; True ; 1 169 175 268 300  ; 2 1 2 2 1 2 
9001 ; 4.361e-06 ; True ; 1 67 215 268 358  ; 3 1 5 1 1 2 
1e+04 ; 5.782e-06 ; True ; 1 22 175 218 335  ; 2 1 3 2 1 3 
1.5e+04 ; 5.83e-06 ; True ; 1 22 67 159 160 371  ; 2 2 3 1 1 3 
1.5e+04 ; 6.549e-06 ; True ; 1 67 164 266 285 351  ; 2 2 4 1 1 3 
1.9e+04 ; 7.665e-06 ; True ; 1 24 67 215 218 268 358  ; 5 1 6 1 1 3 
1.9e+04 ; 7.982e-06 ; True ; 1 215 231 246 268 280 308  ; 3 1 4 2 1 2 
2e+04 ; 1.043e-05 ; True ; 1 75 175 215 231 268 308  ; 3 1 3 3 1 2 
2.6e+04 ; 1.389e-05 ; True ; 1 67 164 232 266 280 285 351  ; 2 2 5 1 2 3 
3.3e+04 ; 2.83e-05 ; True ; 1 15 29 67 188 249 268 338 351  ; 2 2 6 2 2 3 
5.1e+04 ; 2.944e-05 ; True ; 1 15 29 67 205 249 268 276 285 338 351  ; 2 2 8 2 2 3 
5.4e+04 ; 3.789e-05 ; True ; 1 22 30 87 153 159 194 219 249 280 291  ; 3 2 4 2 2 4 

RUN 6:
Optimum Distance: 0

Optimal Team: 
Required Skills: 10 13 34 41 43 48 
Distance; Skill Score; isValid; Team; Skill Counts
2001 ; 6.79e-07 ; True ; 1 45 280  ; 1 1 1 1 1 2 
3000 ; 9.42e-07 ; True ; 1 67 285  ; 1 1 3 1 1 1 
3000 ; 1.376e-06 ; True ; 1 22 67  ; 1 1 3 1 1 2 
5001 ; 1.42e-06 ; True ; 1 112 280 285  ; 2 1 2 1 1 1 
5001 ; 2.579e-06 ; True ; 1 142 215 280  ; 2 1 3 1 1 2 
6000 ; 2.694e-06 ; True ; 1 22 67 162  ; 1 1 3 2 1 2 
9001 ; 2.955e-06 ; True ; 1 189 215 218 283  ; 2 1 3 1 1 3 
9001 ; 3.631e-06 ; True ; 1 76 188 268 371  ; 3 1 3 1 1 2 
9001 ; 4.159e-06 ; True ; 1 31 142 280 359  ; 3 1 3 1 1 3 
1e+04 ; 6.933e-06 ; True ; 1 22 67 219 359  ; 2 2 4 1 1 4 
1.9e+04 ; 1.134e-05 ; True ; 1 76 162 239 268 280 371  ; 3 1 2 2 2 2 
2.1e+04 ; 1.147e-05 ; True ; 1 32 45 67 189 266 300  ; 2 1 3 2 2 3 
2.5e+04 ; 1.157e-05 ; True ; 1 76 188 271 280 319 330 351  ; 2 2 3 1 2 3 
2.5e+04 ; 1.299e-05 ; True ; 1 76 188 271 280 330 351 358  ; 2 2 4 1 2 3 
2.6e+04 ; 1.41e-05 ; True ; 1 48 76 239 268 280 370 371  ; 3 1 3 2 2 2 
3.5e+04 ; 1.589e-05 ; True ; 45 175 193 249 257 264 301 335 359  ; 2 2 2 2 2 2 
3.6e+04 ; 1.709e-05 ; True ; 1 24 32 45 67 189 192 266 300  ; 3 1 3 2 2 4 
4.2e+04 ; 1.807e-05 ; True ; 1 96 175 189 207 230 254 280 285 287  ; 2 1 3 2 3 4 
4.3e+04 ; 1.929e-05 ; True ; 1 112 138 147 173 177 188 257 280 359  ; 3 2 5 2 1 3 
4.4e+04 ; 1.94e-05 ; True ; 1 67 76 96 108 120 156 197 257 359  ; 3 1 5 2 2 3 
4.4e+04 ; 2.857e-05 ; True ; 1 22 24 67 76 189 192 266 278 300  ; 3 1 4 2 3 4 
5.4e+04 ; 2.975e-05 ; True ; 1 45 48 133 142 182 189 249 272 289 371  ; 5 1 2 3 2 4 
6.5e+04 ; 4.355e-05 ; True ; 1 45 48 69 96 142 182 189 205 249 272 371  ; 4 1 4 4 2 3 

RUN 7:
Optimum Distance: 0

Optimal Team: 
Required Skills: 10 13 34 41 43 48 
Distance; Skill Score; isValid; Team; Skill Counts
2001 ; 7.575e-07 ; True ; 1 215 280  ; 1 1 2 1 1 1 
2001 ; 1.107e-06 ; True ; 1 280 359  ; 1 1 2 1 1 2 
5001 ; 2.074e-06 ; True ; 1 142 239 280  ; 2 1 2 1 1 2 
5001 ; 2.579e-06 ; True ; 1 142 215 280  ; 2 1 3 1 1 2 
6000 ; 2.955e-06 ; True ; 1 22 76 142  ; 2 1 3 1 1 3 
9001 ; 4.093e-06 ; True ; 1 31 45 280 285  ; 2 2 2 1 1 2 
1e+04 ; 5.048e-06 ; True ; 1 67 96 182 359  ; 2 1 3 2 1 2 
1.3e+04 ; 5.862e-06 ; True ; 1 67 144 271 280 359  ; 2 1 3 1 2 3 
1.4e+04 ; 6.496e-06 ; True ; 1 67 218 228 272 285  ; 2 1 4 2 1 3 
1.5e+04 ; 7.34e-06 ; True ; 1 22 67 163 175 359  ; 1 2 4 1 2 4 
1.9e+04 ; 7.982e-06 ; True ; 1 175 177 188 253 268 279  ; 3 1 4 2 1 2 
2e+04 ; 1.299e-05 ; True ; 1 31 45 67 266 280 285  ; 2 2 4 1 2 3 
2.7e+04 ; 2.019e-05 ; True ; 1 9 67 76 142 233 268 285  ; 3 1 6 2 2 3 
4.5e+04 ; 2.028e-05 ; True ; 1 69 96 175 211 285 325 333 351 359  ; 2 3 5 2 1 3 
5.4e+04 ; 3.11e-05 ; True ; 1 67 96 162 215 234 236 241 268 287 359  ; 3 2 5 3 1 6 
6.3e+04 ; 3.135e-05 ; True ; 1 162 169 215 232 234 241 261 268 280 287 359  ; 3 3 5 2 1 6 
6.4e+04 ; 3.207e-05 ; True ; 1 2 22 28 35 45 109 144 193 249 300 352  ; 4 2 3 3 1 5 
6.4e+04 ; 3.223e-05 ; True ; 1 45 61 67 161 173 188 268 272 301 320 351  ; 3 3 7 2 1 4 
6.6e+04 ; 3.827e-05 ; True ; 75 114 128 132 137 145 175 189 215 219 274 359  ; 3 2 5 2 2 3 

RUN 8:
Optimum Distance: 0

Optimal Team: 
Required Skills: 10 13 34 41 43 48 
Distance; Skill Score; isValid; Team; Skill Counts
2001 ; 7.575e-07 ; True ; 1 188 280  ; 1 1 2 1 1 1 
2001 ; 1.107e-06 ; True ; 1 280 359  ; 1 1 2 1 1 2 
3000 ; 1.376e-06 ; True ; 1 67 359  ; 1 1 3 1 1 2 
5001 ; 2.166e-06 ; True ; 1 9 22 249  ; 1 1 2 2 1 2 
6000 ; 2.376e-06 ; True ; 1 76 164 359  ; 2 1 2 1 1 3 
8002 ; 3.631e-06 ; True ; 1 101 215 268 280  ; 3 1 3 1 1 2 
9001 ; 4.059e-06 ; True ; 1 9 22 249 319  ; 2 1 2 2 1 2 
9001 ; 4.079e-06 ; True ; 1 67 101 215 268  ; 3 1 4 1 1 2 
9001 ; 5.117e-06 ; True ; 1 76 175 215 268  ; 2 1 3 1 2 2 
1.3e+04 ; 6.063e-06 ; True ; 1 15 67 215 268 279  ; 2 1 5 2 1 2 
1.4e+04 ; 8.139e-06 ; True ; 1 76 101 229 268 359  ; 3 1 3 2 1 3 
1.9e+04 ; 8.534e-06 ; True ; 1 15 67 215 268 279 319  ; 3 1 5 2 1 2 
2e+04 ; 1.001e-05 ; True ; 1 8 9 76 188 280 347  ; 2 1 3 2 2 2 
2.6e+04 ; 1.389e-05 ; True ; 1 63 76 188 215 268 280 354  ; 2 2 5 1 2 3 
2.8e+04 ; 1.47e-05 ; True ; 1 67 193 229 249 285 288 333  ; 2 1 3 3 2 2 
3.5e+04 ; 1.919e-05 ; True ; 1 8 9 76 153 229 280 285 347  ; 2 1 3 4 2 2 
3.6e+04 ; 2.264e-05 ; True ; 1 67 169 193 228 249 285 288 333  ; 2 2 3 2 2 3 
5.4e+04 ; 3.246e-05 ; True ; 1 49 67 79 142 145 162 215 218 231 285  ; 3 2 8 3 1 4 
6.4e+04 ; 4.132e-05 ; True ; 1 159 175 188 189 221 226 227 271 272 330 359  ; 2 3 4 2 2 6 

RUN 9:
Optimum Distance: 0

Optimal Team: 
Required Skills: 10 13 34 41 43 48 
Distance; Skill Score; isValid; Team; Skill Counts
2001 ; 4.647e-07 ; True ; 1 159 280  ; 1 1 1 1 1 1 
2001 ; 1.107e-06 ; True ; 1 280 359  ; 1 1 2 1 1 2 
4002 ; 2.074e-06 ; True ; 1 22 278 280  ; 2 1 2 1 1 2 
5001 ; 2.166e-06 ; True ; 1 22 96 280  ; 1 1 2 2 1 2 
6000 ; 2.376e-06 ; True ; 1 164 175 359  ; 2 1 2 1 1 3 
8002 ; 2.92e-06 ; True ; 1 235 268 280 351  ; 3 1 2 1 1 2 
9001 ; 3.319e-06 ; True ; 1 22 76 268 369  ; 2 1 4 1 1 3 
9001 ; 4.059e-06 ; True ; 1 280 300 359 371  ; 2 1 2 2 1 2 
1e+04 ; 5.315e-06 ; True ; 1 76 285 335 359  ; 1 2 3 2 1 2 
1.4e+04 ; 6.549e-06 ; True ; 1 22 45 67 124 287  ; 2 2 4 1 1 3 
1.9e+04 ; 8.909e-06 ; True ; 1 22 45 67 219 270 287  ; 3 2 3 1 1 5 
2.1e+04 ; 1.127e-05 ; True ; 1 24 45 67 96 195 351  ; 3 2 2 2 1 2 
2.1e+04 ; 1.134e-05 ; True ; 1 67 92 101 159 175 188  ; 2 2 4 1 2 2 
2.1e+04 ; 1.224e-05 ; True ; 1 22 76 97 189 241 359  ; 2 2 3 1 2 4 
2.1e+04 ; 1.282e-05 ; True ; 1 172 182 188 189 335 359  ; 2 2 4 2 1 3 
2.8e+04 ; 1.421e-05 ; True ; 1 85 96 142 189 218 285 300  ; 3 1 4 3 1 4 
3.5e+04 ; 1.707e-05 ; True ; 1 21 164 168 188 189 231 249 280  ; 2 1 3 2 3 3 
4.2e+04 ; 1.959e-05 ; True ; 1 22 43 157 189 193 224 269 278 359  ; 3 2 4 2 1 5 
4.5e+04 ; 2.393e-05 ; True ; 1 10 22 51 201 249 253 266 285 300  ; 4 2 4 2 1 4 
5.3e+04 ; 2.559e-05 ; True ; 1 13 186 188 189 193 213 218 274 285 308  ; 4 2 5 2 1 4 
5.4e+04 ; 2.83e-05 ; True ; 1 22 65 67 149 150 195 239 263 280 335  ; 2 2 6 2 2 3 
5.4e+04 ; 2.883e-05 ; True ; 1 22 24 67 128 163 175 188 253 276 352  ; 5 2 5 1 2 3 
6.6e+04 ; 3.319e-05 ; True ; 32 45 96 137 143 167 175 218 282 300 319 359  ; 4 2 4 3 1 3 
6.6e+04 ; 3.827e-05 ; True ; 1 15 110 175 189 206 215 235 240 260 285 322  ; 3 2 5 2 2 3 

RUN 10:
Optimum Distance: 0

Optimal Team: 
Required Skills: 10 13 34 41 43 48 
Distance; Skill Score; isValid; Team; Skill Counts
2001 ; 1.107e-06 ; True ; 1 22 280  ; 1 1 2 1 1 2 
3000 ; 1.376e-06 ; True ; 1 67 359  ; 1 1 3 1 1 2 
5001 ; 2.074e-06 ; True ; 1 76 278 359  ; 2 1 2 1 1 2 
5001 ; 2.166e-06 ; True ; 1 22 137 280  ; 1 1 2 2 1 2 
6000 ; 2.579e-06 ; True ; 1 67 218 239  ; 2 1 3 1 1 2 
6000 ; 3.111e-06 ; True ; 1 45 67 359  ; 1 2 3 1 1 3 
9001 ; 3.319e-06 ; True ; 1 188 189 268 338  ; 2 1 4 1 1 3 
9001 ; 3.514e-06 ; True ; 1 189 244 268 359  ; 2 1 4 1 1 4 
1e+04 ; 3.549e-06 ; True ; 1 22 67 218 284  ; 2 1 5 1 1 3 
1e+04 ; 5.172e-06 ; True ; 1 45 67 188 359  ; 1 3 4 1 1 3 
1.4e+04 ; 9.176e-06 ; True ; 1 22 45 76 235 300  ; 2 2 2 2 1 3 
2e+04 ; 9.713e-06 ; True ; 1 22 45 76 179 235 300  ; 2 2 2 2 1 4 
2e+04 ; 1e-05 ; True ; 1 67 114 159 218 229 278  ; 4 1 4 2 1 2 
2e+04 ; 1.364e-05 ; True ; 1 22 76 175 214 229 268  ; 2 1 4 2 2 4 
3.4e+04 ; 1.426e-05 ; True ; 1 137 144 168 229 239 280 346 359  ; 2 2 2 3 1 4 
3.4e+04 ; 2.142e-05 ; True ; 1 128 188 219 231 249 261 268 280  ; 4 1 3 2 2 4 
4.4e+04 ; 2.196e-05 ; True ; 1 67 104 142 231 232 246 285 351 359  ; 2 3 8 2 1 3 
4.5e+04 ; 4.624e-05 ; True ; 1 76 96 175 182 215 308 351 359 370  ; 3 3 4 2 2 2 
6.4e+04 ; 5.255e-05 ; True ; 1 67 71 97 153 215 229 232 280 304 351 352  ; 3 2 4 3 2 3 

