m: 8
Instance: 1
Algorithm: MOSA
Iteration: 400
Population Size: 100
RUN 1:
Optimum Distance: 0

Optimal Team: 
Required Skills: 6 15 20 24 36 37 48 52 
Distance; Skill Score; isValid; Team; Skill Counts
6000 ; 2.798e-08 ; True ; 142 168 345 380  ; 1 1 1 1 1 1 1 1 
6000 ; 4.309e-08 ; True ; 60 130 168 433  ; 1 1 1 1 1 1 2 1 
9001 ; 5.125e-08 ; True ; 0 6 83 121 358  ; 1 1 1 1 1 1 3 1 
1e+04 ; 9.665e-08 ; True ; 83 168 242 299 325  ; 2 1 1 2 1 1 1 1 
1e+04 ; 1.528e-07 ; True ; 63 98 168 196 338  ; 1 2 1 2 1 1 2 1 
1e+04 ; 1.819e-07 ; True ; 35 97 105 108 301  ; 1 1 2 2 2 1 1 1 
1e+04 ; 1.836e-07 ; True ; 35 108 113 338 351  ; 1 2 1 2 2 1 1 1 
1e+04 ; 2.817e-07 ; True ; 35 143 168 270 369  ; 2 1 1 2 1 1 2 2 
1.4e+04 ; 3.332e-07 ; True ; 35 95 172 244 292 294  ; 1 1 2 2 2 1 3 1 
1.4e+04 ; 5.224e-07 ; True ; 2 3 35 168 206 396  ; 2 1 1 3 3 1 2 1 
1.5e+04 ; 5.353e-07 ; True ; 35 95 172 244 291 294  ; 1 1 2 2 2 2 2 1 
1.5e+04 ; 5.59e-07 ; True ; 35 112 154 247 319 433  ; 2 1 2 1 2 1 2 2 
1.9e+04 ; 1.327e-06 ; True ; 2 3 35 168 247 396 435  ; 3 1 1 3 2 2 4 1 
2.6e+04 ; 1.607e-06 ; True ; 3 35 51 84 175 244 249 406  ; 2 2 1 4 3 1 4 1 
2.7e+04 ; 1.807e-06 ; True ; 35 95 168 172 274 292 294 378  ; 3 1 3 3 2 1 3 1 
2.8e+04 ; 2.351e-06 ; True ; 65 168 169 247 301 310 312 349  ; 2 2 1 4 2 2 6 1 
3.5e+04 ; 2.362e-06 ; True ; 144 175 211 239 294 342 358 369 379  ; 3 1 1 2 3 2 3 2 
3.5e+04 ; 3.053e-06 ; True ; 65 100 175 268 284 294 338 345 403  ; 3 1 2 1 3 3 2 2 
3.6e+04 ; 3.715e-06 ; True ; 24 35 143 178 244 294 317 318 358  ; 2 2 2 2 3 1 5 2 
3.6e+04 ; 4.925e-06 ; True ; 35 46 97 101 108 168 197 219 301  ; 3 2 3 3 3 1 3 1 
3.6e+04 ; 5.863e-06 ; True ; 35 44 51 126 168 170 241 316 403  ; 4 2 2 3 2 1 3 2 
4.5e+04 ; 1.031e-05 ; True ; 35 44 51 126 168 170 231 241 338 403  ; 4 3 1 4 2 2 3 2 
5.5e+04 ; 1.065e-05 ; True ; 4 13 20 35 75 122 168 205 301 385 406  ; 2 2 3 4 4 1 4 2 
6.4e+04 ; 1.348e-05 ; True ; 6 21 43 66 114 168 201 294 312 360 412 434  ; 2 2 2 6 2 3 3 2 
6.6e+04 ; 1.864e-05 ; True ; 3 35 44 51 86 168 169 170 338 403 414 433  ; 4 3 2 3 2 2 5 2 
8.501e+04 ; 2.131e-05 ; True ; 6 35 136 169 175 176 179 205 214 220 234 318 340 351  ; 2 2 2 3 6 2 4 3 
9e+04 ; 2.497e-05 ; True ; 20 42 65 83 115 168 214 270 294 300 327 329 340 360  ; 3 2 2 4 3 3 7 2 
9e+04 ; 2.631e-05 ; True ; 20 35 61 65 142 149 168 265 280 317 330 342 345 400  ; 3 2 3 2 4 3 5 2 
1.05e+05 ; 3.326e-05 ; True ; 6 35 46 48 61 72 83 85 112 142 196 239 301 341 390  ; 2 1 4 4 5 3 5 3 
1.17e+05 ; 3.639e-05 ; True ; 30 47 163 175 179 197 199 205 207 275 280 281 291 301 302 358  ; 4 2 4 3 5 3 5 1 
1.18e+05 ; 4.507e-05 ; True ; 61 65 69 93 120 141 168 196 235 251 278 294 301 340 360 400  ; 2 2 3 4 3 3 6 4 
1.19e+05 ; 5.437e-05 ; True ; 61 65 69 120 168 196 235 251 278 294 301 336 340 360 377 400  ; 3 2 4 3 3 3 6 3 

RUN 2:
Optimum Distance: 0

Optimal Team: 
Required Skills: 6 15 20 24 36 37 48 52 
Distance; Skill Score; isValid; Team; Skill Counts
6000 ; 2.798e-08 ; True ; 35 249 338 352  ; 1 1 1 1 1 1 1 1 
6000 ; 5.064e-08 ; True ; 35 51 214 243  ; 1 1 1 2 1 1 1 1 
6000 ; 1.005e-07 ; True ; 20 35 294 412  ; 1 1 2 1 2 1 1 1 
6000 ; 1.918e-07 ; True ; 35 294 340 358  ; 2 1 2 1 2 1 1 1 
1e+04 ; 2.476e-07 ; True ; 36 51 168 301 422  ; 1 2 1 3 1 1 3 1 
1e+04 ; 2.954e-07 ; True ; 35 53 294 339 358  ; 2 1 2 1 2 1 2 1 
1.2e+04 ; 7.44e-07 ; True ; 35 133 175 266 294 342  ; 2 1 2 2 3 1 2 1 
1.5e+04 ; 7.784e-07 ; True ; 19 35 249 294 358 400  ; 2 1 3 2 2 1 2 1 
1.8e+04 ; 1.066e-06 ; True ; 35 92 99 133 175 181 294  ; 3 1 2 2 3 1 2 1 
2.1e+04 ; 1.427e-06 ; True ; 69 147 163 168 301 302 351  ; 2 2 2 3 2 1 2 1 
2.1e+04 ; 1.508e-06 ; True ; 35 65 95 168 318 351 383  ; 2 2 1 3 4 1 3 1 
2.6e+04 ; 1.998e-06 ; True ; 0 51 69 130 175 294 312 344  ; 1 2 1 3 2 3 2 2 
2.7e+04 ; 2.401e-06 ; True ; 35 141 203 247 296 301 350 351  ; 2 1 2 3 4 2 2 1 
3.4e+04 ; 2.493e-06 ; True ; 35 99 152 160 175 227 294 342 351  ; 3 1 2 3 5 1 3 1 
3.4e+04 ; 3.216e-06 ; True ; 51 110 259 284 299 301 340 347 358  ; 1 2 2 3 2 2 3 2 
3.6e+04 ; 4.466e-06 ; True ; 20 35 63 108 168 176 204 215 294  ; 3 2 2 4 3 1 4 1 
4.3e+04 ; 5.061e-06 ; True ; 51 60 70 158 168 175 192 248 275 294  ; 2 2 2 3 3 1 5 2 
4.4e+04 ; 5.887e-06 ; True ; 35 117 146 275 294 335 338 343 344 358  ; 2 2 2 2 4 3 3 1 
4.4e+04 ; 7.649e-06 ; True ; 51 85 129 175 258 288 294 301 340 425  ; 2 1 2 4 5 2 3 2 
5.3e+04 ; 1.301e-05 ; True ; 13 51 85 129 155 168 175 200 288 294 426  ; 3 2 2 3 4 3 5 1 
6.1e+04 ; 1.355e-05 ; True ; 0 83 99 109 115 123 166 168 175 241 338 341  ; 3 2 1 6 4 2 5 2 
6.5e+04 ; 1.368e-05 ; True ; 149 168 173 175 194 205 214 261 270 328 358 409  ; 5 2 2 2 3 2 3 2 
6.6e+04 ; 1.666e-05 ; True ; 97 149 158 168 175 205 261 270 358 370 407 409  ; 4 2 3 2 3 2 3 2 
7.5e+04 ; 1.735e-05 ; True ; 35 117 146 172 175 234 248 294 335 338 343 344 358  ; 3 2 2 3 6 3 6 1 
7.6e+04 ; 1.793e-05 ; True ; 35 50 51 85 159 169 190 214 219 288 305 319 351  ; 3 2 2 4 3 3 2 2 
7.6e+04 ; 2.521e-05 ; True ; 35 84 117 146 149 172 175 206 294 338 343 344 358  ; 4 2 2 4 6 3 4 1 
8.9e+04 ; 3.566e-05 ; True ; 13 20 51 85 128 129 155 168 175 200 277 288 294 301  ; 4 3 2 4 5 3 7 1 
1.11e+05 ; 4.215e-05 ; True ; 51 97 104 105 126 146 168 240 241 294 304 347 355 360 365 393  ; 2 3 3 5 3 3 6 2 
1.17e+05 ; 6.31e-05 ; True ; 1 162 168 172 175 204 205 241 286 313 318 341 344 351 433 435  ; 4 2 2 4 5 3 5 3 

RUN 3:
Optimum Distance: 0

Optimal Team: 
Required Skills: 6 15 20 24 36 37 48 52 
Distance; Skill Score; isValid; Team; Skill Counts
6000 ; 7.976e-08 ; True ; 35 241 244 319  ; 1 1 1 1 2 1 2 1 
9001 ; 9.375e-08 ; True ; 35 51 89 347 383  ; 1 1 1 2 2 1 1 1 
1e+04 ; 3.277e-07 ; True ; 9 35 65 296 358  ; 2 1 1 2 2 1 3 1 
1.3e+04 ; 9.231e-07 ; True ; 2 35 175 287 289 294  ; 2 1 2 2 3 2 1 1 
1.5e+04 ; 1.353e-06 ; True ; 6 20 35 168 249 433  ; 2 2 2 2 2 1 4 1 
2e+04 ; 1.755e-06 ; True ; 35 51 86 158 175 294 409  ; 2 1 3 3 3 1 3 1 
2.1e+04 ; 2.096e-06 ; True ; 35 60 241 299 301 358 436  ; 2 1 2 2 4 2 3 1 
2.7e+04 ; 2.336e-06 ; True ; 24 142 168 172 205 241 351 386  ; 1 2 2 2 4 2 4 1 
2.8e+04 ; 2.839e-06 ; True ; 35 83 196 235 244 247 347 394  ; 3 2 2 2 2 1 2 2 
2.8e+04 ; 3.101e-06 ; True ; 35 60 95 241 299 301 358 436  ; 2 1 2 3 4 2 4 1 
3.5e+04 ; 3.234e-06 ; True ; 35 51 86 175 209 280 294 393 409  ; 2 1 2 3 4 2 5 1 
3.5e+04 ; 4.873e-06 ; True ; 6 35 168 248 249 309 358 409 433  ; 4 2 2 2 2 1 5 2 
3.6e+04 ; 7.92e-06 ; True ; 35 65 168 170 191 336 338 355 358  ; 3 3 3 2 2 2 4 1 
4.3e+04 ; 8.54e-06 ; True ; 35 171 235 239 247 259 301 312 318 406  ; 2 2 2 3 3 2 3 2 
5.2e+04 ; 1.104e-05 ; True ; 35 65 107 171 235 239 247 259 279 301 312  ; 2 2 2 4 4 3 5 1 
5.5e+04 ; 1.243e-05 ; True ; 35 164 169 208 247 294 304 318 351 385 399  ; 2 2 3 3 3 2 3 2 
7.201e+04 ; 1.62e-05 ; True ; 1 102 161 168 232 274 294 301 350 351 352 379 433  ; 2 2 4 4 5 2 4 1 
7.6e+04 ; 1.626e-05 ; True ; 0 28 35 122 168 250 294 300 350 358 360 365 382  ; 4 2 2 4 3 3 5 1 
7.6e+04 ; 2.031e-05 ; True ; 6 53 99 100 109 241 247 301 322 351 358 361 427  ; 3 2 2 3 3 3 6 2 
8.8e+04 ; 2.398e-05 ; True ; 63 102 161 168 181 214 232 294 301 350 351 379 421 433  ; 2 2 3 5 6 3 5 1 
8.8e+04 ; 2.412e-05 ; True ; 5 9 35 51 75 106 140 180 247 274 318 368 409 417  ; 3 3 3 3 4 1 3 3 
9.1e+04 ; 2.814e-05 ; True ; 113 134 168 186 189 197 226 294 334 351 360 407 409 433  ; 4 2 3 4 4 3 4 1 
9.901e+04 ; 3.18e-05 ; True ; 1 47 63 102 133 161 168 181 232 294 301 350 351 379 433  ; 2 3 4 5 6 2 5 1 
1.03e+05 ; 3.686e-05 ; True ; 21 35 51 97 117 130 141 152 161 173 182 207 258 284 358  ; 3 2 3 3 5 3 3 2 
1.03e+05 ; 4.053e-05 ; True ; 3 148 151 163 168 196 235 264 284 301 312 326 344 376 396  ; 4 3 3 4 3 2 3 2 
1.17e+05 ; 4.526e-05 ; True ; 24 42 65 83 154 159 180 189 229 235 288 302 338 347 350 358  ; 3 3 2 4 3 4 5 2 
1.19e+05 ; 4.543e-05 ; True ; 12 69 104 105 150 168 175 221 235 276 291 294 301 345 397 417  ; 3 3 2 4 3 2 6 4 

RUN 4:
Optimum Distance: 0

Optimal Team: 
Required Skills: 6 15 20 24 36 37 48 52 
Distance; Skill Score; isValid; Team; Skill Counts
5001 ; 2.798e-08 ; True ; 108 167 294 312  ; 1 1 1 1 1 1 1 1 
5001 ; 5.179e-08 ; True ; 35 105 114 241  ; 1 1 1 1 2 1 1 1 
6000 ; 1.522e-07 ; True ; 2 35 241 358  ; 2 1 1 1 2 1 2 1 
9001 ; 1.528e-07 ; True ; 2 51 175 261 338  ; 1 2 1 2 1 1 2 1 
9001 ; 2.121e-07 ; True ; 101 175 241 294 345  ; 1 1 1 1 3 2 2 1 
9001 ; 2.909e-07 ; True ; 3 35 114 241 358  ; 2 1 1 1 2 2 2 1 
1e+04 ; 5.347e-07 ; True ; 35 78 168 294 347  ; 2 1 2 2 2 1 2 1 
1.4e+04 ; 5.397e-07 ; True ; 133 168 175 205 287 410  ; 2 2 1 2 2 1 2 1 
1.5e+04 ; 8.665e-07 ; True ; 35 59 168 294 373 423  ; 2 1 2 3 2 1 3 1 
1.9e+04 ; 1.227e-06 ; True ; 133 168 175 205 287 386 410  ; 2 2 1 2 2 2 3 1 
2.1e+04 ; 1.279e-06 ; True ; 2 35 51 65 151 197 244  ; 3 2 1 2 3 1 3 1 
2.1e+04 ; 1.481e-06 ; True ; 35 51 139 241 296 338 396  ; 1 2 1 4 3 2 3 1 
2.1e+04 ; 1.576e-06 ; True ; 35 39 53 65 168 302 342  ; 4 1 1 4 2 1 2 2 
2.7e+04 ; 3.312e-06 ; True ; 133 168 175 199 205 287 410 433  ; 2 2 2 2 3 2 3 1 
2.7e+04 ; 3.451e-06 ; True ; 28 35 106 172 173 175 294 351  ; 2 2 2 2 4 2 2 1 
3.5e+04 ; 4.672e-06 ; True ; 35 39 51 53 65 97 168 240 302  ; 4 2 1 6 2 2 3 1 
4.4e+04 ; 5.868e-06 ; True ; 8 65 83 130 168 172 218 220 301 345  ; 2 1 2 3 4 2 4 2 
5.2e+04 ; 7.653e-06 ; True ; 35 125 133 155 163 173 175 221 254 294 319  ; 2 1 3 3 3 3 2 2 
5.5e+04 ; 8.692e-06 ; True ; 0 35 36 39 51 65 91 141 186 294 344  ; 2 1 2 5 3 3 3 2 
5.5e+04 ; 8.753e-06 ; True ; 35 97 115 161 168 180 234 312 338 349 382  ; 2 3 2 4 3 2 4 1 
6.3e+04 ; 1.276e-05 ; True ; 2 163 170 175 182 202 235 247 258 294 311 351  ; 3 2 2 2 3 2 3 3 
6.5e+04 ; 2.413e-05 ; True ; 0 39 65 92 168 247 288 336 338 351 427 436  ; 3 3 2 2 3 4 3 2 
9e+04 ; 2.419e-05 ; True ; 9 35 100 101 111 156 157 163 168 294 338 373 426 432  ; 2 3 4 4 2 2 7 2 
9e+04 ; 2.733e-05 ; True ; 0 39 65 92 168 184 247 255 288 293 336 338 351 427  ; 3 3 2 2 3 4 5 2 
9.1e+04 ; 4.014e-05 ; True ; 35 51 63 172 210 301 311 330 338 345 410 413 429 433  ; 2 2 3 5 5 2 5 3 
1.18e+05 ; 4.984e-05 ; True ; 168 199 211 228 241 275 286 294 301 328 340 351 416 419 422 427  ; 2 2 3 3 6 5 5 2 

RUN 5:
Optimum Distance: 0

Optimal Team: 
Required Skills: 6 15 20 24 36 37 48 52 
Distance; Skill Score; isValid; Team; Skill Counts
6000 ; 2.798e-08 ; True ; 35 100 320 338  ; 1 1 1 1 1 1 1 1 
6000 ; 5.339e-08 ; True ; 35 347 358 407  ; 2 1 1 1 1 1 1 1 
6000 ; 8.223e-08 ; True ; 35 258 305 358  ; 2 1 1 1 1 1 2 1 
9001 ; 1.774e-07 ; True ; 175 239 294 312 326  ; 1 1 1 2 2 1 1 2 
1e+04 ; 1.811e-07 ; True ; 38 175 340 358 433  ; 2 1 1 1 2 1 3 1 
1.3e+04 ; 2.759e-07 ; True ; 17 175 239 259 294 312  ; 1 1 1 2 2 2 2 1 
1.4e+04 ; 3.754e-07 ; True ; 35 51 110 167 173 319  ; 2 1 1 3 2 1 2 1 
1.4e+04 ; 5.488e-07 ; True ; 13 175 263 289 301 338  ; 1 2 2 2 2 1 2 1 
1.5e+04 ; 7.659e-07 ; True ; 35 45 69 148 168 294  ; 3 1 2 2 2 1 2 1 
2.1e+04 ; 1.053e-06 ; True ; 35 168 193 264 318 338 359  ; 3 2 1 3 2 1 2 1 
2.6e+04 ; 1.376e-06 ; True ; 6 38 114 168 175 304 418 433  ; 2 1 2 2 2 2 5 1 
2.7e+04 ; 2.148e-06 ; True ; 35 133 152 154 168 177 267 294  ; 2 2 2 2 4 1 3 1 
2.7e+04 ; 2.727e-06 ; True ; 35 112 155 159 161 168 294 352  ; 2 2 2 3 2 2 2 1 
2.8e+04 ; 2.77e-06 ; True ; 35 45 69 148 168 291 294 397  ; 3 1 2 2 2 2 2 2 
3.4e+04 ; 3.338e-06 ; True ; 0 13 35 168 175 243 274 344 395  ; 3 1 2 3 2 1 3 3 
3.5e+04 ; 3.528e-06 ; True ; 161 168 247 294 351 366 377 413 433  ; 3 2 2 1 4 2 4 1 
3.6e+04 ; 3.869e-06 ; True ; 65 96 143 163 164 168 175 208 338  ; 2 3 1 3 3 2 5 1 
4.4e+04 ; 4.738e-06 ; True ; 35 123 126 154 214 294 324 351 363 410  ; 2 1 2 2 4 2 2 3 
4.4e+04 ; 5.051e-06 ; True ; 2 6 20 83 148 150 168 241 316 350  ; 2 2 2 3 2 3 4 1 
4.4e+04 ; 5.083e-06 ; True ; 35 72 101 103 143 175 247 355 397 411  ; 3 1 2 2 2 2 4 3 
4.5e+04 ; 6.461e-06 ; True ; 23 35 65 150 154 168 214 312 357 358  ; 3 3 1 4 3 2 4 1 
5.1e+04 ; 6.614e-06 ; True ; 5 71 83 170 205 241 292 294 302 309 384  ; 2 1 3 3 4 2 2 2 
5.3e+04 ; 7.263e-06 ; True ; 8 13 35 175 211 226 301 358 411 414 423  ; 4 1 2 4 4 1 6 2 
5.4e+04 ; 9.784e-06 ; True ; 35 133 152 154 168 177 267 288 294 358 392  ; 3 3 2 2 4 2 5 1 
5.5e+04 ; 1.071e-05 ; True ; 35 69 148 152 168 180 223 291 294 397 400  ; 3 1 4 2 4 2 3 2 
6.3e+04 ; 1.32e-05 ; True ; 2 26 30 51 106 123 190 197 205 294 341 358  ; 3 3 2 3 4 1 5 2 
6.6e+04 ; 1.688e-05 ; True ; 24 35 69 148 168 180 223 291 294 346 397 400  ; 3 1 4 3 3 3 3 2 
7.6e+04 ; 1.763e-05 ; True ; 19 126 180 214 235 270 289 294 302 305 355 358 422  ; 2 3 3 2 2 4 3 2 
7.7e+04 ; 3.286e-05 ; True ; 35 63 133 152 154 168 169 177 210 288 294 358 392  ; 4 3 2 3 4 2 6 2 
9.1e+04 ; 3.603e-05 ; True ; 43 83 154 180 209 247 279 289 294 305 351 355 358 377  ; 3 3 4 3 4 3 5 1 
1.19e+05 ; 5.404e-05 ; True ; 35 55 69 148 152 168 180 188 208 214 223 237 291 294 397 400  ; 3 2 4 3 5 3 5 2 

RUN 6:
Optimum Distance: 0

Optimal Team: 
Required Skills: 6 15 20 24 36 37 48 52 
Distance; Skill Score; isValid; Team; Skill Counts
3000 ; 2.798e-08 ; True ; 168 239 294  ; 1 1 1 1 1 1 1 1 
5001 ; 5.339e-08 ; True ; 35 280 345 358  ; 2 1 1 1 1 1 1 1 
6000 ; 5.429e-08 ; True ; 126 168 219 294  ; 1 1 2 1 1 1 1 1 
6000 ; 1.488e-07 ; True ; 35 168 239 386  ; 2 1 1 2 1 1 2 1 
9001 ; 1.819e-07 ; True ; 5 35 214 301 319  ; 1 1 2 2 2 1 1 1 
9001 ; 3.277e-07 ; True ; 168 175 191 270 294  ; 2 1 1 2 2 1 3 1 
1e+04 ; 3.505e-07 ; True ; 14 35 127 168 338  ; 2 2 1 2 2 1 1 1 
1.4e+04 ; 5.488e-07 ; True ; 35 51 69 133 294 361  ; 1 2 2 2 2 1 2 1 
1.5e+04 ; 1.435e-06 ; True ; 35 75 168 241 346 351  ; 2 2 1 2 3 2 2 1 
2.1e+04 ; 2.448e-06 ; True ; 35 75 168 241 286 305 351  ; 2 2 1 2 3 3 3 1 
2.7e+04 ; 2.69e-06 ; True ; 127 168 175 270 274 294 380 397  ; 2 1 2 2 3 2 2 2 
3.4e+04 ; 3.587e-06 ; True ; 2 117 142 168 179 214 232 294 301  ; 1 2 3 3 4 2 2 1 
3.5e+04 ; 3.642e-06 ; True ; 22 35 175 221 244 261 294 321 380  ; 2 1 3 3 3 2 4 1 
4.2e+04 ; 4.634e-06 ; True ; 0 20 26 134 211 294 299 301 302 351  ; 1 2 3 3 4 2 4 1 
4.4e+04 ; 4.674e-06 ; True ; 35 95 168 228 234 242 291 301 347 426  ; 2 1 3 4 3 1 6 2 
4.4e+04 ; 5.27e-06 ; True ; 85 168 205 226 235 263 283 305 340 411  ; 2 2 2 2 3 2 2 2 
5.3e+04 ; 5.752e-06 ; True ; 24 35 88 92 142 168 242 291 302 378 426  ; 4 1 3 4 2 1 4 2 
5.3e+04 ; 7.14e-06 ; True ; 0 66 68 101 168 244 270 301 350 375 433  ; 1 3 2 3 3 2 4 2 
5.4e+04 ; 7.196e-06 ; True ; 35 37 97 133 168 294 296 360 398 399 417  ; 4 2 2 4 2 2 3 1 
5.5e+04 ; 7.383e-06 ; True ; 6 36 168 180 204 286 351 356 358 373 436  ; 3 3 1 2 3 2 4 2 
5.5e+04 ; 1.067e-05 ; True ; 80 100 105 142 156 168 288 294 301 309 386  ; 2 2 3 3 3 3 5 1 
6.3e+04 ; 1.075e-05 ; True ; 20 26 134 159 211 239 294 299 301 302 309 351  ; 2 2 3 4 4 2 4 1 
6.4e+04 ; 1.213e-05 ; True ; 0 66 68 79 101 168 170 270 301 350 375 433  ; 2 2 2 3 3 2 3 3 
6.5e+04 ; 1.226e-05 ; True ; 35 37 71 97 98 133 168 237 294 360 399 417  ; 4 2 3 4 3 2 2 1 
7.5e+04 ; 1.766e-05 ; True ; 6 35 36 51 68 90 107 179 247 264 304 338 358  ; 4 4 2 2 2 4 6 1 
7.6e+04 ; 1.948e-05 ; True ; 168 172 208 222 234 236 274 287 294 301 302 314 338  ; 2 3 3 4 3 3 6 1 
7.6e+04 ; 2.012e-05 ; True ; 8 35 108 168 181 238 241 284 310 318 338 341 343  ; 3 2 2 3 3 2 6 3 
7.6e+04 ; 2.03e-05 ; True ; 20 65 70 170 173 175 180 220 232 289 294 358 433  ; 2 3 3 2 7 3 5 1 
7.6e+04 ; 2.121e-05 ; True ; 35 91 97 114 142 148 168 176 179 240 247 305 347  ; 4 2 2 4 2 3 4 2 
7.7e+04 ; 2.211e-05 ; True ; 154 234 235 247 250 288 294 301 328 345 350 358 431  ; 3 2 2 2 4 4 4 2 
7.7e+04 ; 2.317e-05 ; True ; 1 35 50 77 134 151 179 201 301 358 386 409 410  ; 4 2 3 3 2 2 3 3 
7.8e+04 ; 3.621e-05 ; True ; 8 35 108 168 207 208 241 279 284 318 323 338 426  ; 4 3 3 3 3 2 4 2 
1.03e+05 ; 3.773e-05 ; True ; 75 83 111 135 148 168 221 226 244 294 343 347 351 380 403  ; 3 3 2 2 4 3 5 3 
1.05e+05 ; 5.094e-05 ; True ; 11 35 119 165 168 180 201 224 237 242 294 344 358 397 411  ; 3 2 3 3 4 3 5 3 
1.17e+05 ; 5.64e-05 ; True ; 141 190 201 247 283 301 304 338 341 347 351 357 358 363 365 369  ; 4 3 2 3 4 4 4 2 

RUN 7:
Optimum Distance: 0

Optimal Team: 
Required Skills: 6 15 20 24 36 37 48 52 
Distance; Skill Score; isValid; Team; Skill Counts
6000 ; 5.064e-08 ; True ; 35 258 338 359  ; 1 1 1 2 1 1 1 1 
6000 ; 9.78e-08 ; True ; 168 247 412 433  ; 2 1 1 1 1 1 3 1 
9001 ; 2.748e-07 ; True ; 35 294 309 345 358  ; 3 1 2 1 2 1 1 1 
9001 ; 3.281e-07 ; True ; 6 53 63 168 294  ; 1 1 1 2 2 2 3 1 
1.4e+04 ; 8.849e-07 ; True ; 142 168 172 175 241 355  ; 2 1 2 2 3 1 3 1 
1.9e+04 ; 9.463e-07 ; True ; 5 35 69 83 194 280 358  ; 2 2 2 2 3 1 1 1 
2e+04 ; 1.047e-06 ; True ; 5 35 69 83 290 358 380  ; 2 2 2 2 2 1 2 1 
2e+04 ; 1.115e-06 ; True ; 79 98 161 168 175 284 294  ; 3 1 3 2 2 1 2 1 
2.1e+04 ; 1.741e-06 ; True ; 68 71 167 168 294 301 394  ; 3 1 2 2 2 2 3 1 
2.7e+04 ; 2.483e-06 ; True ; 21 114 162 175 247 274 351 358  ; 3 2 2 2 3 1 3 1 
2.8e+04 ; 5.383e-06 ; True ; 13 35 168 190 299 301 318 351  ; 3 2 2 3 3 1 2 2 
3.5e+04 ; 5.796e-06 ; True ; 35 65 71 97 175 176 301 338 420  ; 2 1 2 4 5 3 3 1 
4.4e+04 ; 1.523e-05 ; True ; 35 65 97 175 301 304 338 351 410 420  ; 2 2 3 3 6 3 3 1 
5.4e+04 ; 1.912e-05 ; True ; 35 65 97 175 287 301 327 338 351 410 420  ; 3 2 2 3 6 4 3 1 
5.5e+04 ; 2.494e-05 ; True ; 35 65 77 175 222 287 301 338 351 358 420  ; 3 3 2 3 6 3 5 1 
8.8e+04 ; 2.558e-05 ; True ; 20 97 100 123 143 146 175 182 213 294 304 351 426 429  ; 2 2 3 3 4 3 6 2 
9e+04 ; 4.598e-05 ; True ; 35 49 65 77 83 175 222 263 287 301 338 358 415 420  ; 3 2 4 5 6 3 7 1 
1.19e+05 ; 5.064e-05 ; True ; 85 151 168 217 239 241 279 286 299 301 329 336 350 351 400 433  ; 3 2 4 5 5 4 5 1 

RUN 8:
Optimum Distance: 0

Optimal Team: 
Required Skills: 6 15 20 24 36 37 48 52 
Distance; Skill Score; isValid; Team; Skill Counts
3000 ; 2.798e-08 ; True ; 168 270 294  ; 1 1 1 1 1 1 1 1 
5001 ; 7.976e-08 ; True ; 65 168 180 342  ; 1 1 1 1 2 1 2 1 
6000 ; 9.896e-08 ; True ; 35 65 75 338  ; 1 1 1 1 2 2 1 1 
6000 ; 1.488e-07 ; True ; 35 75 168 305  ; 2 1 1 2 1 1 2 1 
9001 ; 1.524e-07 ; True ; 0 35 65 106 386  ; 1 1 1 1 2 2 2 1 
1e+04 ; 1.841e-07 ; True ; 126 241 261 301 358  ; 1 1 2 1 2 1 3 1 
1e+04 ; 2.34e-07 ; True ; 6 51 83 175 243  ; 1 1 1 3 2 1 3 1 
1e+04 ; 3.754e-07 ; True ; 35 51 65 221 302  ; 2 1 1 3 2 1 2 1 
1e+04 ; 5.054e-07 ; True ; 35 93 168 274 294  ; 2 1 3 2 2 1 1 1 
1.3e+04 ; 5.265e-07 ; True ; 0 101 175 247 294 434  ; 2 1 1 2 2 2 2 1 
1.4e+04 ; 7.905e-07 ; True ; 35 158 168 243 247 429  ; 3 1 2 2 1 2 2 1 
1.5e+04 ; 1.255e-06 ; True ; 35 75 93 130 168 294  ; 2 1 2 2 2 2 1 2 
2e+04 ; 1.405e-06 ; True ; 0 8 51 175 288 294 312  ; 2 2 1 3 2 2 2 1 
2.1e+04 ; 1.427e-06 ; True ; 114 158 168 194 301 302 338  ; 2 2 2 3 2 1 2 1 
2.1e+04 ; 2.762e-06 ; True ; 35 84 93 168 274 294 301  ; 2 1 4 4 3 1 3 1 
2.7e+04 ; 2.77e-06 ; True ; 35 75 93 168 214 294 348 377  ; 3 1 2 2 2 2 2 2 
3.5e+04 ; 3.435e-06 ; True ; 65 83 141 154 168 287 345 358 418  ; 2 2 1 3 2 2 4 2 
3.5e+04 ; 4.543e-06 ; True ; 14 35 68 119 175 243 282 294 351  ; 2 1 2 3 4 2 2 2 
4.4e+04 ; 4.546e-06 ; True ; 53 175 192 247 275 294 342 351 355 399  ; 2 1 2 2 3 2 3 3 
4.5e+04 ; 4.796e-06 ; True ; 35 122 258 270 301 358 369 391 400 417  ; 3 1 3 2 2 2 3 2 
5.1e+04 ; 5.734e-06 ; True ; 14 35 58 123 133 175 186 190 294 345 406  ; 3 1 2 4 5 1 3 2 
5.4e+04 ; 8.036e-06 ; True ; 35 72 81 123 127 168 247 296 306 338 377  ; 4 2 1 4 3 3 4 1 
5.4e+04 ; 8.244e-06 ; True ; 161 167 168 205 232 280 291 301 394 396 412  ; 3 1 2 4 3 2 4 2 
5.4e+04 ; 8.805e-06 ; True ; 3 51 66 123 137 175 294 312 341 421 433  ; 2 2 2 5 4 2 5 1 
5.5e+04 ; 1.008e-05 ; True ; 14 35 53 130 143 168 173 175 219 223 284  ; 3 1 3 3 2 2 4 3 
6.5e+04 ; 1.784e-05 ; True ; 21 27 168 170 187 237 247 270 294 312 390 433  ; 2 2 3 3 4 2 6 2 
7.6e+04 ; 1.837e-05 ; True ; 14 35 68 119 152 175 243 282 294 351 411 421 429  ; 3 1 2 3 5 3 3 3 
7.7e+04 ; 2.369e-05 ; True ; 9 35 65 106 169 175 205 237 242 263 280 312 361  ; 2 2 3 4 5 2 4 2 
9.1e+04 ; 2.428e-05 ; True ; 13 35 40 48 65 208 226 265 268 294 312 323 377 409  ; 4 2 2 3 3 3 4 2 
1e+05 ; 2.918e-05 ; True ; 51 119 130 133 166 175 189 239 256 259 294 301 327 384 412  ; 3 2 2 6 3 3 4 2 
1.02e+05 ; 4.417e-05 ; True ; 13 53 63 95 98 126 133 148 168 175 241 245 286 302 426  ; 4 2 2 5 4 2 6 3 
1.05e+05 ; 4.68e-05 ; True ; 35 39 161 210 219 241 247 276 294 295 319 346 358 397 429  ; 5 1 3 3 3 5 4 3 
1.17e+05 ; 5.123e-05 ; True ; 1 26 170 171 199 219 227 247 283 287 296 301 336 351 358 360  ; 4 2 3 5 3 3 5 2 
1.19e+05 ; 5.581e-05 ; True ; 21 35 65 108 123 133 221 222 241 247 291 341 350 351 377 388  ; 3 2 2 2 7 5 5 3 
1.19e+05 ; 7.106e-05 ; True ; 19 36 44 83 106 112 114 128 146 148 175 241 247 271 294 340  ; 5 2 2 5 4 3 4 3 

RUN 9:
Optimum Distance: 0

Optimal Team: 
Required Skills: 6 15 20 24 36 37 48 52 
Distance; Skill Score; isValid; Team; Skill Counts
3000 ; 2.798e-08 ; True ; 168 196 294  ; 1 1 1 1 1 1 1 1 
6000 ; 5.064e-08 ; True ; 126 168 294 419  ; 1 1 1 2 1 1 1 1 
8002 ; 7.799e-08 ; True ; 0 83 97 116 168  ; 1 1 1 2 1 1 2 1 
8002 ; 9.583e-08 ; True ; 0 83 97 168 347  ; 1 1 1 2 1 1 1 2 
9001 ; 1.02e-07 ; True ; 39 133 247 294 409  ; 2 1 1 1 1 2 1 1 
1e+04 ; 1.967e-07 ; True ; 83 108 123 247 312  ; 1 1 1 3 2 1 2 1 
1e+04 ; 4.849e-07 ; True ; 0 168 175 301 305  ; 2 1 1 3 2 1 4 1 
1.5e+04 ; 4.973e-07 ; True ; 35 51 182 258 294 323  ; 3 1 2 2 2 1 1 1 
1.5e+04 ; 5.302e-07 ; True ; 35 51 172 202 294 411  ; 1 1 2 2 2 1 2 2 
1.5e+04 ; 5.397e-07 ; True ; 35 168 208 239 375 422  ; 2 2 1 2 2 1 2 1 
2e+04 ; 6.147e-07 ; True ; 5 35 113 123 143 247 390  ; 2 1 1 4 2 1 5 1 
2e+04 ; 8.713e-07 ; True ; 35 123 143 179 245 247 350  ; 2 1 1 2 3 2 3 1 
2e+04 ; 1.849e-06 ; True ; 65 71 168 175 201 214 301  ; 2 1 1 3 3 3 4 1 
2.8e+04 ; 2.001e-06 ; True ; 0 83 168 244 305 347 350 358  ; 2 3 1 2 1 2 4 2 
3.5e+04 ; 2.039e-06 ; True ; 13 35 123 245 247 289 299 304 350  ; 2 1 2 2 3 3 2 1 
3.5e+04 ; 4.173e-06 ; True ; 5 35 61 168 251 294 309 355 412  ; 3 2 3 2 2 2 2 1 
3.6e+04 ; 4.543e-06 ; True ; 35 168 226 270 294 296 322 343 383  ; 2 1 2 3 4 2 2 2 
3.6e+04 ; 5.887e-06 ; True ; 65 72 83 100 107 112 168 294 363  ; 2 2 2 2 4 3 3 1 
4.4e+04 ; 8.608e-06 ; True ; 5 35 83 168 169 233 251 294 355 412  ; 2 2 4 4 3 1 2 2 
4.5e+04 ; 9.095e-06 ; True ; 10 35 65 190 208 247 301 312 340 423  ; 3 2 2 4 3 2 6 1 
5.5e+04 ; 9.102e-06 ; True ; 35 130 147 168 278 286 301 316 340 341 436  ; 2 1 3 3 3 3 3 2 
6.3e+04 ; 1.622e-05 ; True ; 22 63 65 101 168 180 275 294 325 338 390 428  ; 2 3 2 4 4 3 5 1 
7.6e+04 ; 3.982e-05 ; True ; 5 35 83 130 161 167 168 169 233 251 294 355 412  ; 3 2 4 4 3 2 3 3 
1.05e+05 ; 4.782e-05 ; True ; 21 63 83 105 168 169 214 235 238 253 338 358 400 406 412  ; 2 5 3 4 4 2 4 2 
1.2e+05 ; 4.936e-05 ; True ; 142 199 205 208 221 231 241 286 288 301 312 323 356 358 374 417  ; 3 3 3 5 4 4 5 1 

RUN 10:
Optimum Distance: 0

Optimal Team: 
Required Skills: 6 15 20 24 36 37 48 52 
Distance; Skill Score; isValid; Team; Skill Counts
5001 ; 2.798e-08 ; True ; 35 136 249 338  ; 1 1 1 1 1 1 1 1 
5001 ; 5.346e-08 ; True ; 6 35 60 338  ; 1 1 1 1 1 2 1 1 
9001 ; 9.276e-08 ; True ; 14 97 168 301 314  ; 1 1 1 2 1 1 3 1 
9001 ; 1.967e-07 ; True ; 175 294 312 342 390  ; 1 1 1 3 2 1 2 1 
1e+04 ; 2.954e-07 ; True ; 35 65 219 347 358  ; 2 1 2 1 2 1 2 1 
1.4e+04 ; 2.957e-07 ; True ; 35 90 136 249 294 338  ; 1 1 2 1 2 2 2 1 
1.5e+04 ; 2.964e-07 ; True ; 89 168 219 235 301 373  ; 1 2 2 2 1 1 2 1 
1.5e+04 ; 4.465e-07 ; True ; 35 51 65 71 113 421  ; 2 1 1 3 2 1 3 1 
1.5e+04 ; 4.637e-07 ; True ; 83 92 168 241 426 436  ; 1 1 2 2 3 1 3 1 
1.5e+04 ; 5.035e-07 ; True ; 65 100 175 244 301 336  ; 1 1 2 2 3 1 4 1 
1.5e+04 ; 6.853e-07 ; True ; 35 79 168 175 196 287  ; 4 1 1 3 2 1 2 1 
2e+04 ; 9.131e-07 ; True ; 108 168 226 241 301 316 422  ; 1 1 2 2 2 3 3 1 
2.1e+04 ; 1.207e-06 ; True ; 21 143 168 231 241 294 399  ; 1 1 2 3 3 2 3 1 
2.1e+04 ; 1.655e-06 ; True ; 51 83 93 168 241 258 268  ; 2 2 1 3 2 1 3 2 
2.6e+04 ; 2.171e-06 ; True ; 3 35 101 168 214 237 243 358  ; 3 3 1 2 2 2 2 1 
3.5e+04 ; 5.545e-06 ; True ; 0 35 53 84 168 226 301 316 429  ; 2 1 3 4 2 2 3 2 
3.5e+04 ; 6.37e-06 ; True ; 65 84 168 175 204 205 275 294 380  ; 3 1 2 3 4 3 4 1 
4.4e+04 ; 8.11e-06 ; True ; 35 36 61 83 133 151 175 239 351 359  ; 3 2 2 4 4 1 2 2 
6.5e+04 ; 9.393e-06 ; True ; 61 133 168 169 250 270 294 386 396 412 415 433  ; 1 2 2 2 4 3 5 3 
6.5e+04 ; 1.127e-05 ; True ; 35 36 61 71 83 133 151 175 239 297 351 392  ; 3 2 2 3 4 1 3 3 
6.5e+04 ; 1.358e-05 ; True ; 53 63 85 120 176 242 244 247 294 301 302 394  ; 4 1 2 4 4 2 5 2 
6.6e+04 ; 1.385e-05 ; True ; 35 77 113 134 154 175 179 229 247 281 288 351  ; 3 2 2 3 3 2 5 2 
7.4e+04 ; 2.773e-05 ; True ; 14 36 39 51 97 110 126 197 208 225 294 316 358  ; 3 3 2 3 3 2 4 3 
7.8e+04 ; 2.869e-05 ; True ; 119 143 168 170 172 180 241 294 311 344 349 358 427  ; 2 2 3 3 3 3 5 3 
8.7e+04 ; 3.977e-05 ; True ; 14 36 39 51 97 110 126 197 208 225 294 316 344 358  ; 3 3 2 3 3 3 4 3 
1.17e+05 ; 5.152e-05 ; True ; 58 128 133 134 168 175 196 214 247 280 302 345 359 426 427 433  ; 5 2 4 4 2 3 7 2 
1.2e+05 ; 6.691e-05 ; True ; 14 56 60 65 75 106 118 154 168 205 247 301 304 358 379 382  ; 3 3 3 4 3 2 7 4 
1.2e+05 ; 7.255e-05 ; True ; 35 38 83 151 160 221 244 245 291 294 340 347 358 412 428 429  ; 3 2 3 3 4 4 3 4 

