M: 10
Instance: 1
Algorithm: MOSA
Iteration: 500
Population Size: 100
Required Skills: 8 15 22 26 35 42 46 48 52 55
Distance; Skill Score; isValid; Team; Skill Counts
2e+04; 3.519e-12; True; 87 93 149 170 203 269 339; 1 1 1 3 1 1 1 2 1 1
2.6e+04; 6.577e-12; True; 170 241 251 269 287 304 339 380; 1 2 1 1 1 1 1 3 2 1
2.7e+04; 7.97e-12; True; 18 41 53 73 183 252 255 339; 1 1 2 3 1 1 1 3 1 1
2.8e+04; 9.466e-12; True; 67 106 167 317 338 339 340 373; 1 1 3 2 1 1 1 4 1 1
3.2e+04; 1.026e-11; True; 51 108 134 170 217 241 269 317 391; 1 1 2 2 2 1 1 2 1 1
3.5e+04; 3.627e-11; True; 18 20 43 57 133 145 177 317 339; 1 1 2 4 2 2 1 3 1 1
4.3e+04; 3.898e-11; True; 32 41 66 108 169 241 310 317 338 339; 1 1 2 3 3 1 1 2 1 2
4.4e+04; 4.391e-11; True; 5 149 269 317 318 321 326 329 339 394; 1 2 2 2 2 1 1 3 2 1
5.3e+04; 5.998e-11; True; 41 43 110 112 174 241 269 304 317 339 362; 1 2 2 3 2 1 1 3 1 2
5.5e+04; 7.334e-11; True; 2 32 36 46 53 210 241 295 300 317 339; 1 1 2 3 3 1 1 2 2 2
6.2e+04; 7.981e-11; True; 2 32 36 53 60 145 158 170 246 313 317 339; 1 1 3 5 2 1 1 3 3 1
6.4e+04; 1.092e-10; True; 5 66 101 108 145 170 217 254 304 338 339 386; 1 2 2 4 1 1 1 5 2 3
7.5e+04; 2.389e-10; True; 2 20 36 149 175 177 191 211 256 329 339 344 394; 1 2 2 6 1 2 1 4 3 2
7.8e+04; 2.911e-10; True; 46 73 103 108 124 203 211 232 241 339 364 366 374; 1 2 2 4 2 2 2 4 1 2
9.1e+04; 2.938e-10; True; 16 57 106 176 231 252 287 290 311 317 339 344 366 388; 2 2 3 3 2 1 2 2 1 2
1e+05; 3.34e-10; True; 5 53 63 67 73 106 108 122 124 205 217 241 248 290 321; 1 2 2 5 2 2 2 5 1 2
1.01e+05; 3.605e-10; True; 1 25 36 37 101 132 133 149 191 211 254 338 339 366 388; 2 1 2 5 1 2 3 4 1 3
1.02e+05; 4.071e-10; True; 5 53 108 126 145 149 265 290 294 317 319 334 373 376 394; 1 2 2 4 2 1 2 5 3 2
1.17e+05; 4.65e-10; True; 36 73 154 158 170 175 187 211 241 249 304 317 328 332 366 373; 1 1 2 7 2 2 2 3 3 2
1.18e+05; 5.711e-10; True; 5 32 78 103 177 211 223 256 311 318 331 339 340 341 388 391; 2 2 2 4 2 2 1 5 2 2
1.19e+05; 6.048e-10; True; 5 20 57 67 71 75 80 99 114 162 204 300 317 318 339 369; 1 3 2 4 3 1 2 4 2 2
1.3e+05; 7.175e-10; True; 4 112 191 202 224 234 241 254 269 291 311 339 340 341 355 366 391; 2 2 3 3 1 2 2 6 2 2
1.34e+05; 8.063e-10; True; 4 99 132 170 177 187 193 238 239 259 296 311 317 319 341 342 377; 1 2 2 4 2 3 2 4 2 2
1.36e+05; 8.166e-10; True; 32 57 115 121 133 150 153 164 183 191 241 279 301 324 339 390 394; 1 1 4 5 3 2 2 3 2 2
1.49e+05; 9.836e-10; True; 5 41 57 66 106 112 115 138 170 191 197 200 230 294 311 317 318 377; 2 1 2 6 2 2 2 6 3 2
1.52e+05; 1.191e-09; True; 36 43 75 102 114 124 133 149 158 164 219 241 269 288 334 338 339 372; 2 3 2 4 1 3 2 4 2 2
1.59e+05; 1.482e-09; True; 1 5 6 75 96 108 114 115 121 134 138 154 191 241 269 310 366 369 391; 1 2 3 5 2 2 2 2 3 3
1.65e+05; 1.547e-09; True; 0 4 43 45 67 74 133 149 165 167 241 279 300 311 338 339 364 368 381; 2 2 3 4 1 4 3 3 3 1
1.86e+05; 1.7e-09; True; 38 101 108 114 148 153 164 170 193 214 222 241 255 269 295 304 331 334 390 394; 1 3 4 4 1 2 3 7 3 2
1.87e+05; 2.019e-09; True; 57 72 106 109 124 150 158 190 241 269 283 291 303 308 310 317 321 330 339 342; 2 3 3 5 3 2 2 5 2 1
1.9e+05; 2.213e-09; True; 183 190 211 241 242 249 271 279 290 310 313 321 338 339 342 364 376 386 388 394; 2 2 4 4 2 3 2 3 1 3
