M: 12
Instance: 1
Algorithm: MOSA
Iteration: 600
Population Size: 100
Required Skills: 8 9 13 15 16 23 24 40 43 49 50 52
Distance; Skill Score; isValid; Team; Skill Counts
2.6e+04; 1.701e-14; True; 1 20 53 130 139 148 166 262; 1 1 1 1 2 1 1 1 1 1 1 1
2.7e+04; 3.215e-14; True; 1 11 37 53 130 209 255 262; 1 1 1 1 2 1 1 1 1 1 2 1
2.8e+04; 6.297e-14; True; 44 48 77 130 153 166 177 182; 1 3 1 1 3 1 1 1 1 1 1 1
3.3e+04; 6.792e-14; True; 2 37 38 44 46 130 164 166 183; 1 2 1 1 2 1 3 1 1 1 1 1
3.4e+04; 1.758e-13; True; 1 44 53 130 135 139 166 209 262; 1 2 2 1 3 1 1 1 1 2 1 1
3.6e+04; 2.083e-13; True; 18 44 48 77 130 145 153 166 182; 1 3 2 1 3 1 2 1 1 1 1 1
4.3e+04; 3.643e-13; True; 18 37 39 44 130 137 141 148 156 191; 1 4 1 1 3 1 4 2 1 1 1 1
4.4e+04; 1.369e-12; True; 23 39 44 99 145 166 193 195 209 248; 1 5 2 1 3 1 3 2 1 1 2 1
5.4e+04; 1.725e-12; True; 1 44 77 97 130 166 193 199 225 248 263; 1 4 2 1 4 1 4 2 1 1 2 1
6.2e+04; 1.782e-12; True; 38 39 44 63 135 144 145 154 193 215 231 262; 1 3 2 1 2 1 3 3 1 2 1 2
6.3e+04; 3.146e-12; True; 32 38 39 44 63 101 130 145 166 193 231 262; 2 4 1 1 3 1 2 4 1 2 1 2
7.201e+04; 3.406e-12; True; 1 2 16 38 44 53 101 130 133 166 193 213 241; 1 3 1 2 4 1 2 3 1 1 3 2
7.4e+04; 4.207e-12; True; 2 23 39 44 64 70 99 166 177 182 193 195 248; 1 6 2 2 3 1 3 2 1 1 3 1
8.8e+04; 5.158e-12; True; 11 22 38 39 44 47 53 93 139 141 154 190 193 204; 1 4 1 2 4 2 3 4 1 1 2 1
9e+04; 6.446e-12; True; 32 37 46 58 82 86 96 130 166 168 193 250 255 262; 1 3 2 2 2 2 3 3 1 1 2 2
9.1e+04; 1.351e-11; True; 44 62 63 82 114 130 145 148 159 169 173 193 252 262; 1 3 1 2 3 2 4 4 1 2 2 2
1.02e+05; 1.359e-11; True; 2 23 38 39 44 70 99 166 177 180 182 193 195 214 248; 2 5 2 3 3 1 3 2 1 1 4 1
1.03e+05; 1.575e-11; True; 19 38 42 44 48 49 53 59 130 137 138 166 193 213 262; 1 4 1 2 3 1 2 4 2 2 2 3
1.19e+05; 2.79e-11; True; 23 37 44 52 82 111 130 148 153 166 177 182 204 229 231 243; 2 4 2 2 4 2 5 2 1 2 2 1
1.31e+05; 3.302e-11; True; 2 18 23 39 44 64 67 70 97 99 166 171 177 193 195 209 248; 1 6 3 3 4 1 5 2 1 1 4 2
1.46e+05; 4.447e-11; True; 2 23 39 44 64 67 70 97 99 148 162 166 171 177 182 193 195 248; 2 7 2 3 4 1 4 2 1 1 4 2
1.67e+05; 5.287e-11; True; 4 10 39 44 81 97 100 114 130 137 166 182 188 191 209 226 251 253 258; 2 7 1 3 4 1 5 3 1 2 2 3
1.82e+05; 9.811e-11; True; 4 23 44 48 56 70 82 91 103 130 137 168 171 177 182 204 205 223 241 248; 1 4 2 3 4 3 5 2 2 1 4 2
1.86e+05; 1.086e-10; True; 0 1 23 42 44 73 80 91 135 137 154 165 180 193 199 220 221 225 248 259; 1 5 2 4 3 2 5 3 2 2 1 4
2.04e+05; 1.101e-10; True; 1 21 37 44 46 62 73 95 112 128 130 141 146 154 193 204 210 215 221 225 262; 1 4 2 2 3 2 7 3 1 3 3 4
2.07e+05; 1.848e-10; True; 11 14 22 44 53 56 73 114 133 144 153 168 178 182 197 214 221 225 226 248 252; 2 4 2 4 4 2 5 2 1 2 3 3
2.26e+05; 1.944e-10; True; 1 44 91 92 97 99 118 128 130 135 137 143 165 168 182 199 202 209 227 242 248 262; 2 3 3 2 3 3 5 3 2 2 2 2
2.27e+05; 2.176e-10; True; 10 14 18 19 23 32 39 44 46 49 65 100 121 130 190 199 200 209 210 213 222 262; 2 4 1 3 2 3 5 2 2 3 4 3
2.49e+05; 2.648e-10; True; 38 39 53 73 80 81 85 97 117 127 135 138 145 154 166 169 193 221 225 226 237 262 263; 2 7 2 2 3 1 7 4 2 2 3 4
2.5e+05; 3.585e-10; True; 1 14 44 56 64 73 85 98 101 114 130 137 141 142 144 163 165 166 182 193 209 227 262; 2 5 2 4 4 2 8 2 1 3 3 3
2.69e+05; 4.035e-10; True; 4 23 30 39 44 53 68 80 88 97 103 123 128 137 138 148 153 157 164 188 193 229 255 259; 1 9 2 4 4 1 5 5 2 2 4 3
2.73e+05; 4.259e-10; True; 11 18 36 39 44 50 68 82 111 119 130 135 137 148 153 172 181 193 218 226 230 246 255 262; 1 7 3 3 5 2 6 4 1 2 6 2
