M: 14
Instance: 1
Algorithm: MOSA
Iteration: 700
Population Size: 100
Required Skills: 5 9 12 13 14 20 26 30 36 37 39 46 50 51
Distance; Skill Score; isValid; Team; Skill Counts
2e+04; 4.336e-16; True; 5 92 98 197 235 297 352; 1 1 1 1 1 1 1 2 1 2 1 1 1 1
2.1e+04; 1.616e-15; True; 6 25 43 47 314 319 390; 1 1 1 1 1 2 1 1 2 1 1 2 2 1
2.6e+04; 1.824e-15; True; 20 43 197 201 232 235 348 371; 1 2 1 1 1 1 3 1 2 2 1 1 1 1
2.7e+04; 1.551e-14; True; 5 43 105 127 146 192 235 368; 1 2 2 1 3 1 1 1 2 2 1 2 2 1
2.8e+04; 4.244e-14; True; 23 31 43 47 184 319 368 390; 1 2 3 1 2 2 1 2 2 1 1 2 3 1
3.6e+04; 6.898e-14; True; 5 43 63 105 127 153 235 280 368; 1 2 2 1 2 1 2 2 2 2 2 2 2 1
4.4e+04; 9.896e-14; True; 5 43 63 105 127 146 153 235 333 368; 1 2 2 1 3 1 2 2 2 2 2 2 2 1
5.4e+04; 1.773e-13; True; 5 31 43 91 171 235 276 295 333 384 390; 2 1 1 1 3 4 3 1 4 1 2 3 2 1
5.5e+04; 5.372e-13; True; 5 20 78 134 180 203 215 339 352 368 390; 2 1 2 2 2 2 3 1 3 2 3 2 3 1
6.3e+04; 1.14e-12; True; 4 92 105 205 214 235 237 239 260 338 368 390; 1 3 4 2 3 3 2 1 4 4 2 1 2 1
7.6e+04; 1.438e-12; True; 5 43 108 156 186 215 228 235 283 293 347 368 390; 2 2 2 3 2 2 2 1 4 2 2 3 3 1
9.901e+04; 2.237e-12; True; 4 92 102 105 198 205 214 237 239 260 291 328 338 368 390; 1 3 4 2 3 3 3 2 4 3 2 1 2 1
1.01e+05; 5.335e-12; True; 4 37 43 48 57 69 173 203 225 283 291 349 352 368 390; 2 5 1 1 2 2 3 2 4 2 3 4 3 2
1.19e+05; 8.719e-12; True; 5 21 43 47 78 188 203 204 253 254 262 267 352 368 379 390; 3 2 2 2 2 2 2 4 4 4 2 3 3 1
1.29e+05; 1.543e-11; True; 5 26 43 99 105 128 170 199 221 226 235 249 279 297 350 379 390; 2 2 5 1 3 3 2 3 5 4 2 3 4 1
1.5e+05; 3.053e-11; True; 31 48 69 92 95 99 105 126 139 235 253 288 291 356 366 379 384 390; 3 3 3 1 4 4 3 3 5 1 3 3 3 2
1.64e+05; 6.975e-11; True; 5 15 43 69 76 99 105 170 199 221 235 241 249 279 291 297 350 379 390; 2 2 6 1 4 3 4 3 5 4 2 4 3 2
2.06e+05; 1.317e-10; True; 4 20 32 43 48 50 69 90 166 174 197 201 211 235 242 293 295 297 299 384 390; 4 2 3 2 4 3 6 4 5 3 3 3 4 1
2.72e+05; 1.349e-10; True; 4 5 20 69 92 147 170 235 240 250 256 271 287 292 295 315 317 318 337 339 351 368 373 390; 5 4 3 3 3 2 5 2 6 3 2 6 3 1
2.74e+05; 1.58e-10; True; 4 42 43 48 151 158 176 178 197 215 225 228 235 236 239 242 260 291 331 352 376 379 390 392; 2 2 4 3 4 2 3 4 5 5 3 2 5 2
2.97e+05; 1.582e-10; True; 4 21 38 43 53 86 103 105 106 116 126 161 197 200 237 272 276 305 319 331 346 352 368 369 384; 2 4 5 3 3 3 7 5 4 4 3 2 3 1
2.98e+05; 1.721e-10; True; 14 38 43 51 69 105 108 118 143 157 191 201 202 206 235 264 270 306 330 349 355 366 367 368 390; 2 4 3 2 3 5 7 2 9 3 3 3 6 1
2.99e+05; 2.673e-10; True; 13 31 43 64 88 91 105 126 147 153 180 190 201 203 215 225 265 286 323 325 339 340 368 379 390; 2 4 4 3 2 3 8 5 6 2 5 4 4 1
3.24e+05; 2.756e-10; True; 43 52 86 99 105 111 112 132 136 167 187 197 198 221 256 272 299 313 319 339 361 368 379 380 390 394; 3 5 6 4 2 3 5 3 4 2 3 4 5 1
3.36e+05; 3.383e-10; True; 4 5 27 43 47 51 61 62 87 109 111 132 138 139 144 232 235 244 279 280 293 315 363 368 385 388 390; 4 5 4 2 4 4 6 2 7 4 3 5 2 1
3.46e+05; 7.814e-10; True; 5 36 43 45 68 105 173 186 201 233 235 239 245 256 270 278 294 295 296 302 306 326 336 344 362 380 390; 2 4 4 3 7 3 6 4 8 4 3 4 4 1
