M: 16
Instance: 1
Algorithm: MOSA
Iteration: 800
Population Size: 100
Required Skills: 1 6 14 15 22 23 34 36 39 40 43 46 48 50 51 57
Distance; Skill Score; isValid; Team; Skill Counts
2.1e+04; 2.198e-19; True; 64 179 255 314 318 475 554; 2 2 1 1 2 1 2 2 1 2 1 1 2 1 1 2
2.8e+04; 3.573e-18; True; 64 181 316 372 376 453 554 654; 2 2 2 1 1 1 3 3 1 1 1 2 5 2 2 3
4.3e+04; 3.847e-18; True; 156 158 160 372 421 461 485 501 554 654; 4 2 3 2 1 1 3 3 2 1 1 1 4 1 1 3
4.5e+04; 1.126e-17; True; 111 156 168 180 259 261 314 318 480 654; 2 2 3 1 1 1 3 2 3 2 1 2 4 2 1 4
5.4e+04; 1.164e-17; True; 96 156 168 278 296 316 322 372 554 599 654; 3 2 4 2 1 1 2 2 2 1 1 1 6 2 2 4
6.5e+04; 2.389e-17; True; 8 64 78 155 166 358 378 475 490 521 554 581; 3 3 4 1 2 1 5 3 1 1 1 2 5 2 1 5
6.6e+04; 3.797e-17; True; 64 210 280 295 381 386 434 460 475 554 629 654; 3 2 4 2 1 1 4 3 1 3 1 2 4 2 1 5
7.4e+04; 5.119e-17; True; 64 235 236 238 261 267 295 316 421 486 547 554 654; 3 4 2 2 1 2 3 3 1 1 2 2 5 2 1 6
7.8e+04; 5.936e-17; True; 64 199 201 315 339 372 378 452 475 505 554 582 654; 6 4 4 1 1 1 5 4 1 1 1 3 4 2 2 3
8.9e+04; 7.314e-17; True; 82 131 156 166 227 259 261 270 316 436 554 595 609 654; 4 5 4 2 1 1 6 4 1 1 1 2 6 1 2 6
9.1e+04; 1.332e-16; True; 64 186 199 245 315 339 372 378 452 475 543 554 586 654; 6 3 3 2 1 1 4 5 1 1 1 4 6 2 2 4
1e+05; 1.373e-16; True; 131 156 166 175 225 259 261 270 316 436 490 554 595 609 654; 6 4 4 2 1 1 5 5 1 2 1 2 5 1 2 5
1.05e+05; 1.738e-16; True; 6 8 106 137 261 295 378 413 421 426 475 506 520 536 654; 2 3 3 3 1 2 5 2 3 1 2 2 4 1 2 7
1.18e+05; 1.92e-16; True; 64 119 183 235 270 295 316 378 443 461 492 497 513 545 554 592; 7 6 2 2 1 2 4 3 1 4 1 2 4 2 1 4
1.2e+05; 2.82e-16; True; 6 8 25 106 113 137 261 295 378 413 426 475 506 536 570 654; 3 3 3 2 1 2 7 3 3 1 1 2 5 2 2 7
1.33e+05; 2.925e-16; True; 4 64 75 218 270 334 372 388 440 475 536 542 554 592 605 647 654; 5 4 2 1 2 1 5 4 2 1 1 3 7 3 3 3
1.35e+05; 4e-16; True; 31 64 71 114 168 179 231 245 275 318 453 475 486 487 529 554 654; 4 4 4 1 2 1 7 4 2 2 1 2 8 3 1 7
1.5e+05; 4.189e-16; True; 36 49 64 83 128 156 168 234 263 270 372 453 461 471 543 554 555 584; 4 5 3 3 1 2 8 4 1 2 1 2 8 2 1 8
1.51e+05; 4.979e-16; True; 46 141 148 156 169 180 242 261 314 372 419 421 436 452 515 554 650 654; 3 3 3 3 3 1 4 5 3 1 1 3 7 2 1 5
1.52e+05; 8.897e-16; True; 64 88 94 103 128 135 184 261 299 335 347 372 378 441 475 554 588 647; 6 5 4 2 1 2 8 5 1 1 2 2 7 2 2 5
1.69e+05; 1.046e-15; True; 37 131 156 168 235 236 261 292 343 428 436 441 461 475 536 554 571 636 654; 4 4 4 3 1 2 4 3 3 2 1 1 6 3 2 9
1.83e+05; 2.183e-15; True; 7 28 64 109 128 156 256 267 278 314 361 372 453 455 475 480 513 571 620 654; 3 3 3 2 2 2 4 4 2 3 2 2 6 2 2 7
2.28e+05; 3.281e-15; True; 91 144 145 156 163 244 261 270 314 316 318 329 372 416 449 453 504 589 593 596 654 657; 4 4 3 3 1 2 6 5 3 3 1 2 10 2 2 9
2.51e+05; 6.944e-15; True; 6 7 44 103 137 145 159 304 308 340 344 364 378 426 447 475 482 510 543 554 570 628 654; 4 4 4 3 3 2 8 7 2 2 1 2 7 4 1 7
2.73e+05; 8.74e-15; True; 64 65 71 92 111 158 205 249 255 262 295 301 318 441 475 480 498 506 530 554 600 628 630 654; 8 3 5 1 3 2 6 4 4 3 2 2 4 4 1 8
2.98e+05; 1.491e-14; True; 3 8 64 87 137 146 159 218 237 246 321 328 378 409 421 475 513 520 536 554 570 586 593 647 654; 5 4 4 3 1 2 8 4 4 2 2 3 8 3 2 6
3.24e+05; 3.225e-14; True; 136 156 157 161 182 183 198 225 226 270 295 314 316 321 328 337 391 441 478 506 544 554 592 593 610 654; 6 3 4 3 4 3 5 3 5 3 2 3 11 2 1 8
4.9e+05; 3.272e-14; True; 103 107 116 168 169 170 171 174 177 194 196 270 274 290 295 300 314 337 381 410 475 488 497 510 513 529 536 554 577 583 585 643; 6 5 5 2 3 1 9 8 4 2 2 2 9 3 2 10
