M: 18
Instance: 1
Algorithm: MOSA
Iteration: 900
Population Size: 100
Required Skills: 5 6 8 10 11 13 16 17 20 22 26 27 29 34 38 42 49 55
Distance; Skill Score; isValid; Team; Skill Counts
6.6e+04; 2.558e-22; True; 6 43 82 116 253 254 286 336 354 426 439 459; 1 1 1 1 1 1 2 2 3 1 4 1 1 4 1 1 1 1
7.8e+04; 5.576e-22; True; 11 42 62 82 116 139 155 336 361 374 380 399 419; 2 2 1 1 2 1 1 1 1 1 3 1 1 5 2 2 1 1
8.9e+04; 2.563e-21; True; 50 56 82 84 97 191 286 289 290 321 336 390 423 486; 1 3 1 2 1 1 2 1 2 1 1 2 1 6 2 1 2 2
1.15e+05; 4.383e-21; True; 0 18 67 82 87 107 108 215 227 286 289 365 382 392 399 430; 1 2 1 2 1 1 4 1 1 1 3 2 2 7 2 2 1 1
1.18e+05; 5.018e-21; True; 8 22 30 40 48 82 96 286 309 321 328 410 413 421 465 480; 1 2 1 2 1 1 3 2 1 1 4 1 3 4 2 2 1 1
1.19e+05; 1.242e-20; True; 36 48 62 112 172 200 204 259 269 314 321 336 363 413 420 474; 1 3 1 2 3 1 1 1 2 1 4 3 1 5 4 2 1 1
1.32e+05; 4.289e-20; True; 18 21 62 82 114 226 231 238 286 289 336 339 400 405 411 450 458; 4 2 1 2 2 2 4 1 2 1 5 2 1 7 2 1 1 1
1.48e+05; 5.463e-20; True; 5 62 73 74 82 112 114 115 116 222 238 265 282 304 380 411 442 460; 2 2 1 2 2 2 3 1 2 2 5 2 2 4 2 1 1 1
1.52e+05; 6.933e-20; True; 2 19 44 47 55 73 82 158 195 218 285 286 290 335 363 368 385 413; 2 2 1 3 2 1 3 2 1 1 5 2 2 8 3 1 1 2
1.69e+05; 1.446e-19; True; 2 31 48 50 62 174 189 194 226 283 286 374 378 380 384 393 398 399 486; 3 3 1 3 1 2 3 1 2 2 5 2 2 8 3 1 1 1
1.86e+05; 1.49e-19; True; 48 62 82 112 116 223 227 229 242 247 254 262 293 300 306 331 370 380 389 458; 4 4 1 1 3 1 3 1 2 3 5 2 2 4 3 1 1 1
1.87e+05; 2.388e-19; True; 1 18 36 40 48 62 82 101 116 127 158 199 206 227 253 254 336 383 400 445; 1 5 1 1 2 1 5 1 4 3 6 2 1 5 3 2 2 1
1.89e+05; 5.78e-19; True; 62 82 112 114 172 209 226 238 250 262 289 323 339 380 385 411 412 446 458 459; 3 3 1 2 2 2 2 1 4 2 6 2 2 7 2 1 1 3
2.07e+05; 1.002e-18; True; 18 62 82 112 114 209 226 231 238 250 289 336 339 380 385 400 405 411 412 458 459; 4 2 1 2 2 2 3 1 4 2 5 2 2 9 3 1 1 3
2.49e+05; 3.384e-18; True; 6 44 47 55 73 82 114 158 195 198 218 232 242 285 286 290 335 363 368 385 400 411 413; 4 3 1 3 3 2 3 2 2 2 4 2 2 9 4 1 1 3
2.97e+05; 3.934e-18; True; 44 47 73 112 114 119 158 181 195 198 218 232 242 285 286 290 301 313 335 343 368 385 400 411 413; 3 4 1 3 2 2 2 2 2 2 6 2 2 6 5 2 1 3
3.45e+05; 5.401e-18; True; 6 15 28 67 112 116 118 121 122 126 132 199 262 282 286 307 321 323 347 359 395 411 419 420 423 427 448; 2 2 2 5 1 2 4 2 2 2 6 3 2 6 4 2 1 3
3.48e+05; 6.35e-18; True; 4 18 22 62 74 82 130 155 160 169 172 173 179 196 202 255 257 286 302 336 346 384 386 393 409 411 454; 2 4 1 3 3 2 4 2 2 2 7 3 2 10 3 2 1 2
3.73e+05; 7.111e-18; True; 17 18 47 61 62 82 112 114 119 149 168 190 192 194 226 235 259 262 286 321 333 347 377 380 389 422 427 433; 4 2 1 3 2 2 3 2 2 1 7 3 3 7 6 2 1 4
3.74e+05; 7.494e-18; True; 35 44 64 73 82 112 140 197 210 217 226 236 259 289 294 295 299 321 324 325 367 370 384 411 413 439 462 486; 2 3 1 4 2 1 3 2 2 2 7 4 2 9 4 3 2 2
3.75e+05; 8.609e-18; True; 11 42 48 62 65 67 82 100 112 114 121 138 139 173 187 199 202 227 269 306 324 349 364 386 451 459 468 477; 4 3 1 2 2 2 5 4 3 3 4 2 2 8 3 1 1 3
3.99e+05; 1.208e-17; True; 0 13 17 67 82 112 139 161 207 223 249 254 262 275 286 289 298 312 321 328 336 357 362 379 399 448 460 461 489; 2 2 3 3 2 3 3 3 3 3 5 2 2 8 7 2 1 1
4.03e+05; 1.644e-17; True; 0 40 62 82 156 181 194 208 217 220 242 273 284 286 297 307 336 344 348 349 354 363 373 385 423 437 451 477 489; 3 3 1 4 3 2 4 2 3 2 4 2 2 8 4 2 2 2
4.31e+05; 2.135e-17; True; 6 18 19 48 50 55 62 73 82 139 140 158 214 289 293 312 327 336 351 355 360 367 368 385 417 418 423 439 451 467; 3 3 2 2 2 3 4 2 3 3 7 4 3 12 3 1 1 2
4.63e+05; 4.043e-17; True; 2 4 22 36 40 46 56 62 82 84 112 114 145 174 181 249 254 257 280 312 313 336 362 392 398 409 411 413 436 461 475; 3 3 1 5 3 2 3 2 3 4 5 4 2 7 7 2 2 1
4.96e+05; 4.256e-17; True; 62 76 82 84 111 112 114 118 119 121 153 161 178 181 190 194 218 241 247 286 290 302 327 335 378 380 400 431 442 479 480 490; 2 3 1 5 2 2 5 3 4 1 8 2 5 4 4 2 2 3
5.21e+05; 1.129e-16; True; 6 13 18 42 48 50 58 62 73 82 110 139 158 181 194 201 214 222 289 293 312 324 327 336 353 364 368 385 403 417 418 439 467; 3 4 2 3 3 2 3 2 3 3 8 4 4 11 5 1 2 2
5.93e+05; 1.409e-16; True; 18 28 46 50 54 67 70 80 82 102 114 153 168 173 184 197 199 223 286 320 321 328 339 353 366 368 374 382 398 399 410 419 436 482 486; 2 4 2 3 4 2 4 3 2 2 7 4 3 3 4 2 2 4
6.2e+05; 1.821e-16; True; 2 5 6 36 37 50 62 64 73 82 97 112 123 127 160 172 178 181 223 228 254 275 278 286 321 322 356 358 397 414 432 435 440 449 466 483; 4 7 1 2 3 2 4 2 3 3 7 5 2 8 3 2 3 3
