M: 20
Instance: 1
Algorithm: MOSA
Iteration: 1000
Population Size: 100
Required Skills: 0 2 13 16 20 22 23 26 29 34 36 38 41 42 43 46 47 48 56 57
Distance; Skill Score; isValid; Team; Skill Counts
5.4e+04; 8.452e-26; True; 74 181 194 219 308 353 450 483 561 592 722; 1 2 1 1 1 1 1 4 1 2 2 1 1 1 1 1 2 1 1 2
5.5e+04; 7.967e-24; True; 5 43 122 130 181 363 467 482 610 619 726; 1 1 1 2 2 1 1 4 1 4 3 2 1 1 1 2 1 5 2 5
7.7e+04; 1.151e-23; True; 47 74 114 181 189 191 248 360 362 526 535 640 716; 5 2 1 1 2 2 1 3 1 4 2 1 1 1 1 2 2 4 1 3
7.8e+04; 2.404e-23; True; 5 43 58 122 130 181 205 363 467 601 610 619 726; 1 1 1 2 2 1 1 4 1 4 3 3 1 1 1 2 2 5 2 6
9e+04; 4.297e-23; True; 18 47 74 130 181 212 266 292 440 449 450 491 515 623; 4 2 1 1 2 1 1 6 1 5 3 1 1 3 1 1 2 4 3 2
9.1e+04; 6.845e-23; True; 5 43 122 130 195 266 341 363 422 467 482 597 619 726; 1 3 1 3 2 1 1 6 1 6 4 1 1 1 1 2 1 7 3 6
1.04e+05; 2.111e-22; True; 18 47 74 130 148 181 212 266 290 292 333 440 450 491 515; 4 2 1 2 2 1 1 6 1 5 3 2 2 2 1 1 2 4 3 2
1.05e+05; 6.326e-22; True; 47 74 130 148 181 212 266 292 333 363 382 440 450 515 601; 3 3 1 2 3 2 1 6 1 4 4 1 2 2 1 1 3 4 3 2
1.51e+05; 8.357e-22; True; 74 130 131 149 150 181 184 195 215 249 363 403 450 467 572 593 655 726; 4 3 1 2 3 1 1 5 1 4 3 3 1 1 1 2 3 4 3 8
1.52e+05; 1.53e-21; True; 74 97 122 151 208 266 341 382 388 418 431 450 454 567 592 617 673 726; 1 4 1 3 3 2 2 4 2 7 4 1 1 1 1 3 3 3 2 5
1.68e+05; 1.991e-21; True; 5 28 74 87 122 124 129 151 292 363 372 400 431 440 496 556 557 671 717; 5 3 1 3 3 1 1 5 2 5 6 4 1 1 1 2 2 10 1 6
1.71e+05; 1.996e-21; True; 71 74 81 89 130 148 178 181 212 266 292 340 440 450 491 515 567 678 718; 4 3 1 1 3 2 1 9 1 5 4 1 2 2 1 2 3 4 4 3
1.84e+05; 2.071e-21; True; 5 27 74 118 122 130 181 225 266 282 298 477 526 530 551 573 578 582 664 688; 3 3 1 2 2 1 1 6 1 8 4 2 2 2 1 3 2 4 4 3
1.89e+05; 2.307e-21; True; 5 33 74 89 122 174 193 201 236 270 321 360 399 423 431 452 466 483 702 721; 6 3 2 4 2 2 1 8 1 8 5 2 1 1 1 2 2 6 1 4
2.07e+05; 3.527e-21; True; 26 71 74 80 120 130 181 266 270 278 337 393 535 548 551 565 568 572 619 655 716; 5 3 1 2 2 3 2 5 1 6 1 3 2 2 1 2 3 3 3 3
2.26e+05; 9.297e-21; True; 2 5 74 122 135 151 174 181 212 297 330 350 354 393 439 445 493 520 536 537 688 702; 6 3 1 4 3 1 1 5 2 6 5 2 2 1 1 2 3 4 3 5
2.49e+05; 2.524e-20; True; 2 5 60 74 122 135 151 181 191 297 330 350 354 363 393 439 445 453 493 536 687 688 702; 7 3 1 4 3 1 1 6 2 8 6 2 2 1 1 2 4 6 3 6
2.65e+05; 3.078e-20; True; 2 16 33 53 74 130 157 181 278 292 306 307 324 330 353 367 379 467 483 500 526 563 621 722; 3 4 2 4 4 1 1 10 1 9 5 1 2 3 2 2 3 3 2 5
2.99e+05; 8.857e-20; True; 35 47 74 80 122 130 140 151 215 333 360 363 393 410 411 435 450 496 505 529 572 592 641 647 704; 5 3 2 4 2 3 1 4 2 9 3 3 4 1 2 2 5 7 1 6
3.72e+05; 1.561e-19; True; 12 48 74 122 151 181 182 215 234 235 281 292 377 388 405 413 431 455 463 476 521 551 687 693 702 713 721 726; 5 3 1 4 4 2 2 5 2 9 6 2 1 2 1 3 3 6 4 7
4.31e+05; 1.621e-19; True; 5 63 66 74 89 137 212 228 231 297 340 352 353 367 374 385 435 463 472 495 497 501 531 537 571 619 685 688 724 726; 6 5 3 4 3 2 1 7 1 7 5 3 2 1 1 3 4 9 2 7
4.59e+05; 2.68e-19; True; 5 31 81 93 122 151 181 191 205 223 231 320 352 363 365 375 395 406 410 431 455 467 497 500 509 513 520 542 600 609 649; 6 2 2 2 4 3 1 8 2 8 8 5 2 2 1 2 4 8 2 6
4.6e+05; 3.198e-19; True; 5 19 72 75 89 106 122 130 148 181 200 245 249 286 299 325 346 363 388 417 468 485 511 514 521 548 578 597 657 702 726; 4 3 1 3 5 2 2 8 2 8 6 5 2 1 1 2 4 9 4 7
4.86e+05; 4.513e-19; True; 2 13 33 44 80 128 130 137 270 282 306 307 353 363 388 393 419 431 449 452 477 483 515 535 554 557 567 571 648 698 716 717; 2 5 2 5 4 3 2 10 1 11 6 6 1 2 2 2 5 7 1 6
5.21e+05; 5.535e-19; True; 0 14 47 74 87 92 122 130 175 200 256 270 282 292 306 325 332 354 393 410 445 449 493 506 535 547 560 577 600 604 671 685 717; 5 2 1 3 2 3 2 7 3 6 5 4 2 2 1 4 5 8 3 9
5.91e+05; 1.094e-18; True; 55 60 74 130 181 200 247 259 266 270 306 337 357 361 363 367 400 438 449 450 456 470 493 526 538 539 564 570 575 578 592 619 664 671 703; 8 5 1 2 5 1 2 10 2 7 9 3 3 3 1 2 5 7 3 10
6.59e+05; 1.632e-18; True; 22 48 67 74 122 145 151 157 161 166 181 184 192 248 284 303 309 333 336 363 382 419 425 431 463 467 483 493 536 555 566 603 619 630 678 702 703; 6 6 2 5 4 2 2 8 1 7 7 4 1 2 2 2 4 5 4 8
6.98e+05; 1.724e-18; True; 16 21 60 69 74 86 92 95 122 137 161 181 189 227 232 265 266 272 278 301 320 344 360 363 367 421 431 483 509 524 544 592 596 651 653 690 716 722; 4 5 1 5 3 3 1 9 3 7 5 6 2 2 1 3 3 6 6 8
7.33e+05; 1.993e-18; True; 5 24 90 136 141 181 193 199 231 256 257 259 266 295 310 337 343 363 385 388 431 439 467 468 477 535 570 572 577 587 592 619 621 623 634 638 643 645 655; 7 5 3 2 3 5 1 10 1 11 8 6 2 3 1 2 4 5 3 10
7.71e+05; 2.81e-18; True; 0 5 74 76 89 120 151 154 179 189 215 236 237 270 271 291 297 303 317 322 338 367 373 385 428 431 445 451 462 463 525 534 560 582 593 599 621 672 704 718; 3 5 3 5 3 2 1 12 3 7 4 3 3 3 2 3 2 9 3 9
