M: 4
Instance: 1
Algorithm: MOSA
Iteration: 200
Population Size: 100
Required Skills: 22 27 37 40
Distance; Skill Score; isValid; Team; Skill Counts
2001; 0.003556; True; 0 19 108; 1 1 1 1
4002; 0.006537; True; 0 20 64 108; 2 1 1 1
8002; 0.01111; True; 19 108 126 127 128; 2 1 2 1
9001; 0.01152; True; 70 100 102 108 117; 2 1 1 2
1.1e+04; 0.01318; True; 1 28 72 76 94 108; 1 2 3 1
1.2e+04; 0.01881; True; 0 21 22 91 108 110; 2 2 2 1
1.3e+04; 0.01958; True; 0 20 28 80 91 108; 2 1 2 2
1.6e+04; 0.02694; True; 0 20 21 25 63 64 108; 3 2 1 2
1.9e+04; 0.03313; True; 3 76 80 94 98 108 122; 2 2 2 2
2.3e+04; 0.04268; True; 0 20 22 27 28 29 108 110; 2 2 3 2
2.4e+04; 0.0458; True; 0 19 21 23 63 99 108 127; 3 2 2 2
3.4e+04; 0.04634; True; 40 63 94 95 101 108 118 126 127; 3 1 3 3
