M: 6
Instance: 1
Algorithm: MOSA
Iteration: 300
Population Size: 100
Required Skills: 11 12 15 23 55 56
Distance; Skill Score; isValid; Team; Skill Counts
2001; 1.467e-05; True; 6 27 87; 1 1 1 1 1 1
4002; 2.821e-05; True; 18 27 79 87; 1 1 1 2 1 1
5001; 4.41e-05; True; 27 35 78 87; 1 2 1 1 2 1
6004; 4.556e-05; True; 27 79 87 106 113; 1 2 1 2 1 1
7003; 8.482e-05; True; 27 35 79 87 106; 1 2 1 2 2 1
1.2e+04; 9.533e-05; True; 27 64 79 87 106 126; 2 1 1 2 1 2
1.3e+04; 0.0001497; True; 27 33 43 78 87 101; 1 2 2 1 2 2
1.4e+04; 0.0001572; True; 6 27 70 79 87 91; 2 2 2 2 1 1
1.8e+04; 0.0002121; True; 17 27 35 64 79 87 106; 1 2 1 2 2 3
2e+04; 0.0002927; True; 6 27 30 63 66 79 87; 2 2 2 2 2 1
2.5e+04; 0.0003539; True; 27 32 35 38 79 87 109 116; 2 3 1 2 2 2
2.6e+04; 0.0004094; True; 27 28 35 54 79 86 87 129; 2 2 2 2 3 1
2.7e+04; 0.0004137; True; 27 33 59 76 79 81 87 90; 2 2 2 3 1 2
3.1e+04; 0.0004621; True; 27 38 49 66 87 96 99 106 110; 2 1 2 2 3 2
3.2e+04; 0.0007464; True; 27 34 35 71 77 78 87 90 115; 2 2 3 2 2 2
4.1e+04; 0.0009178; True; 21 22 27 49 54 78 87 88 99 109; 3 3 2 2 2 2
4.4e+04; 0.001029; True; 6 27 29 35 56 69 79 84 87 105; 2 4 2 2 3 2
5e+04; 0.001062; True; 13 27 33 75 79 87 88 93 106 107 116; 2 4 2 3 2 2
5.1e+04; 0.001188; True; 27 34 35 71 77 78 83 87 90 99 104; 1 3 3 2 4 3
5.2e+04; 0.001304; True; 10 17 24 27 30 35 79 87 88 110 125; 2 3 2 3 2 3
5.3e+04; 0.001479; True; 27 29 33 43 61 63 76 78 79 86 87; 3 4 2 3 2 2
6.1e+04; 0.001532; True; 18 27 35 38 70 73 75 79 87 99 109 122; 2 5 3 2 3 2
6.2e+04; 0.001995; True; 11 18 27 34 35 47 52 62 68 69 78 87; 3 2 3 2 3 3
6.6e+04; 0.002005; True; 6 33 35 75 77 86 87 99 105 117 125 127; 3 4 3 2 3 2
