M: 8
Instance: 1
Algorithm: MOSA
Iteration: 400
Population Size: 100
Required Skills: 8 22 23 27 37 41 47 50
Distance; Skill Score; isValid; Team; Skill Counts
1e+04; 6.125e-08; True; 34 110 122 134 168; 1 1 1 1 1 1 2 1
1.3e+04; 7.905e-08; True; 3 32 101 114 125 133; 1 1 1 1 3 1 1 1
1.4e+04; 1.452e-07; True; 3 16 107 122 125 148; 1 1 1 1 3 1 2 1
1.5e+04; 1.92e-07; True; 34 110 122 134 145 169; 1 1 1 2 2 1 2 1
1.8e+04; 1.989e-07; True; 3 16 62 102 114 125 133; 1 1 1 1 2 1 2 2
1.9e+04; 2.567e-07; True; 0 1 4 59 106 110 122; 1 1 1 2 3 1 2 1
2e+04; 4.145e-07; True; 3 34 40 114 122 147 166; 2 1 2 1 2 1 2 1
2.6e+04; 5.556e-07; True; 3 42 55 91 104 110 125 147; 1 1 2 1 2 2 3 1
2.7e+04; 7.34e-07; True; 0 3 7 34 51 88 122 147; 2 2 1 1 2 1 2 2
2.8e+04; 1.015e-06; True; 3 34 77 91 106 122 141 147; 2 1 2 1 3 1 2 2
3.3e+04; 1.353e-06; True; 1 4 34 52 87 122 125 133 169; 2 1 2 2 3 1 3 1
3.4e+04; 1.402e-06; True; 3 24 34 77 122 125 141 147 148; 2 1 2 1 3 1 3 2
3.5e+04; 1.853e-06; True; 8 16 34 60 93 106 122 147 165; 2 1 2 2 2 1 3 2
3.6e+04; 1.969e-06; True; 16 23 34 46 77 108 110 122 125; 2 2 2 1 2 1 3 2
4.1e+04; 2.198e-06; True; 0 1 3 13 34 51 106 133 139 147; 2 2 2 2 4 1 2 1
4.4e+04; 2.581e-06; True; 1 9 34 38 43 75 85 122 131 147; 2 1 2 2 3 2 3 1
4.5e+04; 2.623e-06; True; 7 9 22 34 85 101 108 122 125 133; 2 2 2 2 2 2 2 1
5.1e+04; 2.779e-06; True; 0 1 3 8 51 110 125 131 133 141 157; 1 2 1 2 4 2 3 2
5.2e+04; 3.78e-06; True; 0 1 34 39 67 99 106 133 145 147 155; 2 3 3 2 3 1 2 1
5.3e+04; 4.763e-06; True; 16 33 34 46 76 99 102 106 122 125 171; 1 2 3 2 3 2 2 2
5.5e+04; 7.154e-06; True; 32 42 51 103 106 110 122 131 133 138 150; 2 2 2 1 3 2 5 2
7.3e+04; 9.142e-06; True; 12 39 51 57 72 89 102 110 114 122 125 132 147; 2 2 2 2 2 2 3 3
7.6e+04; 1.252e-05; True; 3 22 42 67 71 113 117 122 125 133 150 166 169; 2 3 2 2 3 2 3 2
7.8e+04; 1.306e-05; True; 18 19 34 42 87 95 107 110 119 122 125 139 150; 2 2 2 2 4 2 4 2
8.501e+04; 1.359e-05; True; 1 3 85 99 102 106 125 126 133 136 147 150 152 163; 2 4 2 2 4 2 2 2
8.6e+04; 1.801e-05; True; 1 32 34 65 68 89 102 108 111 122 125 131 133 138; 2 1 3 4 4 2 3 3
8.8e+04; 2.227e-05; True; 0 1 3 4 13 16 39 51 106 111 122 130 133 147; 3 2 2 2 4 2 5 2
9.1e+04; 2.464e-05; True; 1 34 39 43 53 67 77 89 92 110 112 122 145 147; 2 2 2 3 3 2 4 4
1.01e+05; 3.357e-05; True; 3 10 14 16 33 37 63 78 106 108 110 114 122 125 133; 2 3 2 2 4 4 4 2
1.18e+05; 3.373e-05; True; 1 3 6 42 43 51 56 57 83 106 115 122 132 133 165 171; 2 3 2 3 4 2 3 4
1.19e+05; 3.499e-05; True; 18 19 34 42 48 87 95 107 110 119 122 125 133 135 150 169; 3 3 2 2 4 2 6 2
