M: 10
Instance: 1
Algorithm: SPEA2
Iteration: 500
Population Size: 1000
Required Skills: 0 1 4 9 10 14 16 18 23 24
Distance; Skill Score; isValid; Team; Skill Counts
11.84; 3.505e-10; True; 20 303 546; 1 1 1 2 1 1 1 1 1 1
19.54; 4.637e-09; True; 20 202 303 546; 1 1 1 3 2 2 2 1 1 2
20.63; 5.08e-09; True; 303 480 546 594; 2 1 1 2 1 3 2 1 1 2
20.64; 8.054e-09; True; 20 303 546 594; 2 1 1 3 2 2 2 1 1 2
37.21; 7.901e-08; True; 20 303 420 546 594; 2 1 1 4 3 3 3 2 2 2
41.18; 1.063e-07; True; 20 202 303 546 578 594; 2 1 2 4 4 3 4 1 1 4
48.69; 2.712e-07; True; 20 303 546 578 594 664; 3 1 2 4 3 3 3 2 2 3
