M: 12
Instance: 1
Algorithm: SPEA2
Iteration: 600
Population Size: 1000
Required Skills: 0 1 4 5 9 10 11 14 16 18 23 24
Distance; Skill Score; isValid; Team; Skill Counts
11.84; 2.946e-12; True; 23 367 684; 1 1 1 2 2 1 1 1 1 1 1 1
12.82; 3.231e-12; True; 367 459 519; 1 1 1 2 1 1 1 1 2 1 1 1
18.65; 1.362e-11; True; 23 174 310 367; 1 1 1 2 3 1 2 2 1 1 1 1
18.75; 2.739e-11; True; 23 174 367 684; 1 1 1 3 3 1 2 2 1 2 1 1
19.54; 4.373e-11; True; 23 246 367 684; 1 1 1 2 3 2 1 2 2 1 1 2
19.62; 4.601e-11; True; 23 310 367 684; 2 1 1 2 3 1 2 2 1 1 2 1
20.63; 5.073e-11; True; 367 601 684 739; 2 1 1 3 2 1 1 3 2 1 1 2
23.56; 1.059e-10; True; 367 519 601 684; 1 1 1 3 2 1 2 3 2 2 2 1
24.69; 1.755e-10; True; 23 367 519 684; 1 1 1 3 3 2 2 2 2 2 2 1
28.55; 3.279e-10; True; 23 174 367 459 684; 2 1 2 4 3 1 2 2 2 2 1 2
37.21; 1.817e-09; True; 23 367 519 684 739; 2 1 1 4 4 3 2 3 3 2 2 2
49.09; 7.075e-09; True; 23 310 367 459 519 684; 3 1 2 4 4 2 3 3 3 2 3 2
