M: 14
Instance: 1
Algorithm: SPEA2
Iteration: 700
Population Size: 1000
Required Skills: 0 1 4 5 9 10 11 12 14 15 16 18 23 24
Distance; Skill Score; isValid; Team; Skill Counts
15.16; 1.727e-14; True; 118 161 372 859; 1 1 1 2 1 2 1 2 1 1 1 1 1 1
17.13; 3.403e-14; True; 1 118 314 372; 1 1 1 2 1 1 2 2 2 1 1 1 1 1
18.81; 1.996e-13; True; 1 161 372 692; 2 1 1 3 2 1 1 2 1 2 2 1 1 2
19.54; 2.342e-13; True; 24 248 372 692; 1 1 1 2 3 2 1 2 2 1 2 1 1 2
21.56; 2.848e-13; True; 1 161 372 524; 1 1 1 3 2 2 1 2 1 2 3 1 1 2
24.67; 5.853e-13; True; 1 118 161 372 606; 1 1 1 4 2 2 1 2 2 3 2 1 1 2
25.33; 1.341e-12; True; 1 118 161 314 372; 2 1 1 3 2 2 2 2 2 2 2 1 1 2
31.25; 3.336e-12; True; 1 161 372 420 524; 2 1 1 4 2 3 1 3 2 2 4 1 1 3
31.55; 3.653e-12; True; 1 314 372 420 524; 2 1 1 3 2 2 2 3 3 1 3 1 2 2
32.41; 4.469e-12; True; 1 161 314 372 524; 2 1 1 3 3 2 2 2 2 2 3 1 2 2
34.58; 6.995e-12; True; 1 372 420 524 692; 2 1 1 4 2 2 2 3 3 1 3 2 2 2
34.92; 9.973e-12; True; 1 118 161 314 372 420; 3 1 1 4 2 3 2 3 3 2 3 1 1 3
39.37; 2.084e-11; True; 1 161 314 372 420 692; 4 1 1 4 3 2 2 3 3 2 3 1 2 3
42.57; 2.125e-11; True; 1 118 161 372 420 524; 2 1 1 5 2 4 2 3 3 2 4 2 1 3
42.88; 2.81e-11; True; 1 24 248 314 372 692; 2 1 2 3 4 2 2 3 3 2 3 1 2 3
45.02; 2.961e-11; True; 1 161 314 372 420 524; 3 1 1 4 3 3 2 3 3 2 4 1 2 3
46.43; 3.113e-11; True; 1 314 372 420 524 692; 3 1 1 4 3 2 3 3 4 1 3 2 3 2
47.29; 3.849e-11; True; 1 161 314 372 524 692; 3 1 1 4 4 2 3 2 3 2 3 2 3 2
48.11; 5.581e-11; True; 1 161 372 420 524 692; 3 1 1 5 3 3 2 3 3 2 4 2 2 3
62.88; 1.995e-10; True; 1 161 314 372 420 524 692; 4 1 1 5 4 3 3 3 4 2 4 2 3 3
65.59; 2.59e-10; True; 1 24 248 314 372 524 692; 2 1 2 4 5 3 3 3 4 2 4 2 3 3
