M: 16
Instance: 1
Algorithm: SPEA2
Iteration: 800
Population Size: 1000
Required Skills: 0 1 4 5 9 10 11 12 14 15 16 18 22 23 24 26
Distance; Skill Score; isValid; Team; Skill Counts
22.67; 2.278e-17; True; 1 152 373 695; 2 1 1 3 2 1 1 2 1 1 2 1 1 1 2 1
24.56; 3.252e-17; True; 1 152 373 527; 1 1 1 3 2 2 1 2 1 1 3 1 1 1 2 1
33.45; 2.699e-16; True; 1 152 315 373 695; 3 1 1 3 3 1 2 2 2 1 2 1 1 2 2 1
34.47; 2.765e-16; True; 1 152 162 373 695; 3 1 1 4 3 2 1 2 1 2 3 1 1 1 3 1
35.31; 4.06e-16; True; 1 152 373 609 695; 2 1 1 4 3 1 1 2 2 2 2 1 2 2 2 1
37.31; 5.112e-16; True; 1 152 315 373 527; 2 1 1 3 3 2 2 2 2 1 3 1 1 2 2 1
38.27; 6.831e-16; True; 1 29 152 373 527; 2 1 1 4 3 2 1 3 2 1 4 1 2 1 3 1
39.43; 1.909e-15; True; 1 152 373 527 695; 2 1 1 4 3 2 2 2 2 1 3 2 2 2 2 1
53.17; 8.602e-15; True; 1 152 315 373 527 695; 3 1 1 4 4 2 3 2 3 1 3 2 2 3 2 1
57.04; 1.506e-14; True; 1 29 152 373 527 695; 3 1 1 5 4 2 2 3 3 1 4 2 3 2 3 1
57.11; 1.629e-14; True; 1 152 373 527 695 849; 3 1 1 5 4 3 2 2 2 2 3 2 3 2 3 1
70.84; 4.985e-14; True; 1 152 315 373 467 527 695; 4 1 2 5 4 2 3 3 3 1 4 2 2 3 3 1
74.64; 8.218e-14; True; 1 152 373 467 527 609 695; 3 1 2 6 4 2 2 3 3 2 4 2 3 3 3 1
