M: 6
Instance: 1
Algorithm: SPEA2
Iteration: 300
Population Size: 1000
Required Skills: 0 1 4 10 23 24
Distance; Skill Score; isValid; Team; Skill Counts
8.886; 2.484e-06; True; 83 190 414; 1 1 1 1 1 1
11.85; 4.087e-06; True; 13 190 395; 1 1 1 1 1 2
15.16; 4.182e-06; True; 59 83 190 414; 1 1 1 2 1 1
19.61; 1.218e-05; True; 83 190 225 414; 2 1 2 1 1 2
19.78; 1.31e-05; True; 13 190 332 349; 1 1 2 2 1 2
20.61; 1.383e-05; True; 13 190 395 414; 1 1 2 1 2 2
20.67; 1.526e-05; True; 13 190 225 395; 2 1 2 1 1 3
31.61; 4.562e-05; True; 13 190 332 349 395; 2 1 2 2 2 3
44.36; 8.874e-05; True; 13 190 225 332 349 395; 3 1 3 2 2 4
46.97; 9.378e-05; True; 13 190 225 349 395 414; 2 1 4 2 2 4
47.87; 9.418e-05; True; 13 190 349 362 395 414; 2 1 3 3 2 4
58.83; 0.0001302; True; 13 155 190 225 332 349 395; 4 1 3 2 3 4
63.48; 0.0001549; True; 13 190 225 349 362 395 414; 3 1 4 3 2 5
