m: 10
Instance: 1
Algorithm: NSGA-II
Iteration: 500
Population Size: 100
RUN 1:
Optimum Distance: 0

Optimal Team: 
Required Skills: 8 15 22 26 35 42 46 48 52 55 
Distance; Skill Score; isValid; Team; Skill Counts
1.1e+04 ; 2.676e-12 ; True ; 2 170 183 241 269 339  ; 1 1 1 2 1 1 1 2 1 1 
1.2e+04 ; 3.519e-12 ; True ; 2 36 170 241 269 339  ; 1 1 1 3 1 1 1 2 1 1 
1.401e+04 ; 3.529e-12 ; True ; 2 138 170 183 241 269 317  ; 1 1 1 2 2 1 1 1 1 1 
1.501e+04 ; 4.641e-12 ; True ; 2 108 138 170 241 269 317  ; 1 1 1 3 2 1 1 1 1 1 
1.501e+04 ; 5.271e-12 ; True ; 2 138 170 241 269 317 344  ; 1 1 1 2 2 1 1 2 1 1 
1.6e+04 ; 6.879e-12 ; True ; 2 108 138 170 241 269 339  ; 1 2 1 3 1 1 1 2 1 1 
1.6e+04 ; 1.026e-11 ; True ; 2 170 183 241 269 317 339  ; 1 1 2 2 2 1 1 2 1 1 
1.7e+04 ; 1.35e-11 ; True ; 2 108 170 241 269 317 339  ; 1 1 2 3 2 1 1 2 1 1 
2.101e+04 ; 1.36e-11 ; True ; 2 138 170 177 241 269 317 344  ; 1 1 1 3 2 2 1 2 1 1 
2.101e+04 ; 2.006e-11 ; True ; 2 138 170 183 241 269 317 339  ; 1 2 2 2 2 1 1 2 1 1 
2.201e+04 ; 2.638e-11 ; True ; 2 36 138 170 241 269 317 339  ; 1 2 2 3 2 1 1 2 1 1 
2.201e+04 ; 2.648e-11 ; True ; 2 170 177 183 241 269 317 339  ; 1 1 2 3 2 2 1 2 1 1 
2.3e+04 ; 3.118e-11 ; True ; 2 108 170 177 241 269 317 339  ; 1 1 2 4 2 2 1 2 1 1 
2.4e+04 ; 3.122e-11 ; True ; 2 41 108 170 241 269 317 339  ; 1 1 2 4 2 1 2 2 1 1 
2.801e+04 ; 5.177e-11 ; True ; 2 138 170 177 183 241 269 317 339  ; 1 2 2 3 2 2 1 2 1 1 
2.901e+04 ; 6.095e-11 ; True ; 2 108 138 170 177 241 269 317 339  ; 1 2 2 4 2 2 1 2 1 1 
3.001e+04 ; 6.103e-11 ; True ; 2 41 108 138 170 241 269 317 339  ; 1 2 2 4 2 1 2 2 1 1 
3.1e+04 ; 7.127e-11 ; True ; 2 41 170 177 241 269 317 339 344  ; 1 1 2 4 2 2 2 3 1 1 
3.601e+04 ; 8.972e-11 ; True ; 2 138 170 177 183 241 269 317 339 364  ; 1 2 2 4 2 3 1 2 1 1 
3.701e+04 ; 1.044e-10 ; True ; 2 138 170 177 241 269 317 339 340 364  ; 1 2 2 4 2 3 1 3 1 1 
3.701e+04 ; 1.147e-10 ; True ; 2 102 108 138 170 177 241 269 317 339  ; 1 2 2 4 2 2 1 2 2 1 
3.701e+04 ; 1.191e-10 ; True ; 2 108 138 140 170 177 241 269 317 339  ; 1 2 2 4 2 2 1 2 1 2 
3.801e+04 ; 1.393e-10 ; True ; 2 41 138 170 177 241 269 317 339 340  ; 1 2 2 4 2 2 2 3 1 1 
3.901e+04 ; 1.407e-10 ; True ; 2 56 57 108 170 177 241 269 317 339  ; 2 2 2 4 2 2 1 3 1 1 
4e+04 ; 1.548e-10 ; True ; 2 41 108 170 177 241 269 317 339 344  ; 1 1 2 5 2 2 2 3 1 2 
4e+04 ; 1.548e-10 ; True ; 2 41 56 108 170 177 241 269 317 339  ; 1 2 2 5 2 2 2 3 1 1 
4.501e+04 ; 1.753e-10 ; True ; 2 56 57 138 170 177 241 254 269 317 339  ; 2 3 2 3 2 2 1 3 1 1 
4.601e+04 ; 1.754e-10 ; True ; 2 138 170 177 183 241 269 317 318 339 364  ; 1 2 2 4 2 3 1 2 1 2 
4.601e+04 ; 1.763e-10 ; True ; 2 138 170 177 183 241 269 317 339 364 388  ; 1 2 2 4 2 3 2 2 1 1 
4.601e+04 ; 1.949e-10 ; True ; 2 108 138 140 170 177 241 269 317 339 364  ; 1 2 2 5 2 3 1 2 1 2 
4.601e+04 ; 2.242e-10 ; True ; 2 102 108 138 140 170 177 241 269 317 339  ; 1 2 2 4 2 2 1 2 2 2 
4.701e+04 ; 2.277e-10 ; True ; 2 36 57 138 170 177 241 269 317 330 339  ; 2 2 2 4 2 2 1 2 2 1 
4.701e+04 ; 2.621e-10 ; True ; 2 102 108 138 170 177 241 269 317 339 394  ; 1 2 2 4 2 2 2 3 2 1 
4.701e+04 ; 2.723e-10 ; True ; 2 41 138 140 170 177 241 269 317 339 344  ; 1 2 2 4 2 2 2 3 1 2 
4.801e+04 ; 2.914e-10 ; True ; 2 73 108 138 170 177 241 269 317 339 394  ; 1 2 2 5 2 2 2 3 2 1 
4.801e+04 ; 3.027e-10 ; True ; 2 36 108 138 170 177 241 269 317 339 394  ; 1 2 2 5 2 2 2 3 1 2 
4.901e+04 ; 3.058e-10 ; True ; 2 36 56 57 108 170 177 241 269 317 339  ; 2 2 2 5 2 2 1 3 1 2 
5e+04 ; 3.13e-10 ; True ; 2 41 108 112 170 177 241 269 317 339 344  ; 1 1 2 6 2 2 2 3 2 2 
5.2e+04 ; 3.236e-10 ; True ; 2 36 56 57 101 108 170 241 317 339 394  ; 1 2 2 5 2 2 2 4 1 2 
5.701e+04 ; 3.43e-10 ; True ; 2 53 138 139 140 170 177 241 269 317 339 394  ; 2 2 3 3 2 2 2 3 1 1 
5.701e+04 ; 3.838e-10 ; True ; 2 42 138 170 177 183 241 269 317 339 340 364  ; 1 2 2 4 2 3 1 3 2 2 
5.701e+04 ; 4.896e-10 ; True ; 2 41 102 108 138 140 170 177 241 269 317 339  ; 1 2 2 5 2 2 2 2 2 2 
5.801e+04 ; 5.478e-10 ; True ; 2 102 108 138 170 177 241 269 317 339 344 394  ; 1 2 2 4 2 2 2 4 2 2 
5.801e+04 ; 5.695e-10 ; True ; 2 41 102 108 138 170 241 269 317 339 344 364  ; 1 2 2 5 2 2 2 3 2 2 
5.901e+04 ; 5.779e-10 ; True ; 2 36 57 138 170 177 241 269 317 339 344 394  ; 2 2 2 4 2 2 2 4 1 2 
6.001e+04 ; 6.09e-10 ; True ; 2 36 56 57 108 170 177 241 317 330 339 394  ; 1 2 2 5 2 2 2 4 2 2 
6.601e+04 ; 6.401e-10 ; True ; 2 5 57 101 170 177 241 254 269 317 330 334 339  ; 2 2 2 5 3 3 1 3 2 1 
6.801e+04 ; 6.558e-10 ; True ; 2 41 101 138 163 170 211 241 254 269 317 334 339  ; 2 3 2 4 2 2 2 2 2 1 
6.801e+04 ; 8.743e-10 ; True ; 2 101 108 138 170 211 241 254 269 317 330 339 388  ; 2 2 2 4 2 2 2 2 2 2 
6.901e+04 ; 1.017e-09 ; True ; 2 36 57 138 140 170 177 241 269 317 330 339 394  ; 2 2 2 4 2 2 2 3 2 2 
7.001e+04 ; 1.087e-09 ; True ; 2 57 102 108 138 170 177 241 269 317 339 344 394  ; 2 2 2 4 2 2 2 4 2 2 
7.101e+04 ; 1.13e-09 ; True ; 2 36 53 101 108 170 241 269 317 330 334 339 394  ; 2 2 2 5 2 2 2 3 2 2 
7.201e+04 ; 1.209e-09 ; True ; 2 36 53 56 57 108 170 177 241 317 330 339 394  ; 2 2 2 5 2 2 2 4 2 2 
7.901e+04 ; 1.237e-09 ; True ; 2 36 56 101 108 170 211 241 254 269 317 330 334 339  ; 2 3 2 5 2 2 1 3 2 3 
8.001e+04 ; 1.252e-09 ; True ; 2 5 56 57 138 170 177 183 241 254 269 317 339 388  ; 2 3 2 4 3 2 2 4 1 2 
8.101e+04 ; 1.323e-09 ; True ; 2 36 56 57 108 138 170 177 241 269 317 330 339 344  ; 2 3 2 5 2 2 1 4 2 3 
8.101e+04 ; 1.664e-09 ; True ; 2 13 36 57 101 124 138 170 177 241 254 269 317 339  ; 2 2 2 5 2 3 2 3 2 2 
8.201e+04 ; 1.67e-09 ; True ; 2 20 57 108 170 177 183 241 269 317 330 334 339 394  ; 2 2 2 5 3 2 2 3 2 2 
8.201e+04 ; 1.911e-09 ; True ; 2 36 56 57 101 108 170 177 241 269 317 330 339 394  ; 2 2 2 6 2 3 2 4 2 2 
8.6e+04 ; 1.957e-09 ; True ; 2 36 53 56 101 102 108 170 241 269 317 339 373 394  ; 2 2 3 6 2 2 2 5 2 2 
9.501e+04 ; 2.086e-09 ; True ; 2 5 101 108 124 138 163 170 177 183 241 254 269 317 339  ; 1 2 2 6 3 3 2 4 2 3 
9.501e+04 ; 2.43e-09 ; True ; 2 13 36 57 108 138 170 177 241 254 269 317 334 339 394  ; 2 3 2 5 2 2 2 3 2 3 
9.501e+04 ; 2.477e-09 ; True ; 2 13 36 57 101 124 138 170 177 211 241 254 269 317 339  ; 3 2 2 5 2 3 2 3 2 2 
9.501e+04 ; 2.892e-09 ; True ; 2 5 101 108 124 138 170 211 241 254 269 317 330 339 373  ; 2 2 3 6 3 2 2 5 2 2 
9.601e+04 ; 2.935e-09 ; True ; 2 36 57 101 108 138 170 177 241 269 317 330 339 373 394  ; 2 2 3 7 2 3 2 4 2 2 
9.901e+04 ; 2.936e-09 ; True ; 2 5 53 56 108 170 177 241 269 300 317 330 339 344 373  ; 2 2 3 6 3 2 2 6 2 2 
9.901e+04 ; 2.958e-09 ; True ; 2 5 53 56 57 101 108 170 241 317 330 339 344 373 394  ; 2 2 3 6 3 2 2 7 2 2 
1.07e+05 ; 3.024e-09 ; True ; 2 36 56 57 101 108 170 177 241 254 317 330 334 339 386 394  ; 1 3 3 6 2 3 2 4 2 3 
1.09e+05 ; 3.029e-09 ; True ; 2 5 56 57 101 124 138 163 170 177 211 241 254 269 317 339  ; 3 3 2 5 3 3 2 5 2 1 
1.09e+05 ; 3.825e-09 ; True ; 2 36 57 101 138 170 177 241 254 269 317 326 334 339 344 394  ; 2 3 2 5 2 3 2 4 2 3 
1.1e+05 ; 3.854e-09 ; True ; 2 36 53 56 57 101 108 170 241 269 317 330 334 339 390 394  ; 3 3 3 5 2 2 2 4 2 2 
1.11e+05 ; 4.109e-09 ; True ; 2 36 57 101 102 108 138 170 177 241 269 317 334 339 344 394  ; 2 3 2 6 2 3 2 4 2 3 
1.11e+05 ; 4.141e-09 ; True ; 2 5 101 108 138 170 177 183 211 241 269 295 317 339 344 388  ; 2 2 2 6 3 3 2 4 2 3 
1.11e+05 ; 4.475e-09 ; True ; 2 5 101 108 124 138 163 170 177 211 241 254 269 317 339 373  ; 2 2 3 7 3 3 2 5 2 2 
1.13e+05 ; 4.577e-09 ; True ; 2 5 53 56 57 101 108 170 177 241 317 330 339 344 373 394  ; 2 2 3 7 3 3 2 7 2 2 
1.24e+05 ; 4.697e-09 ; True ; 2 5 101 108 138 163 170 177 183 241 254 269 317 334 339 366 373  ; 1 3 3 7 3 3 2 4 2 3 
1.24e+05 ; 4.847e-09 ; True ; 2 5 101 108 124 138 163 170 177 183 241 254 269 317 334 339 373  ; 1 3 3 7 3 3 2 5 2 3 
1.24e+05 ; 6.31e-09 ; True ; 2 13 36 101 108 124 138 170 177 211 241 254 269 317 334 339 373  ; 2 3 3 7 2 3 2 4 2 3 
1.25e+05 ; 6.561e-09 ; True ; 2 5 101 108 124 138 163 170 177 211 241 254 269 317 334 339 373  ; 2 3 3 7 3 3 2 5 2 2 
1.27e+05 ; 6.595e-09 ; True ; 2 5 101 108 124 138 163 170 177 211 241 254 269 317 339 366 373  ; 2 2 3 7 3 3 3 5 2 2 
1.3e+05 ; 6.662e-09 ; True ; 2 5 101 108 170 177 183 211 222 241 265 269 317 339 344 373 394  ; 2 2 3 7 3 3 2 6 2 3 
1.41e+05 ; 7.962e-09 ; True ; 2 32 36 42 53 108 138 139 170 177 241 254 269 317 330 334 339 394  ; 2 3 3 6 3 2 2 3 3 3 
1.41e+05 ; 9.669e-09 ; True ; 2 5 6 101 108 124 138 163 170 177 211 241 254 269 317 334 339 373  ; 2 3 3 7 3 3 3 5 2 2 
1.43e+05 ; 9.817e-09 ; True ; 2 5 13 101 108 124 138 170 177 211 241 254 269 317 339 344 373 388  ; 2 2 3 7 3 3 3 6 2 3 
1.59e+05 ; 1.016e-08 ; True ; 2 13 41 56 57 124 138 170 177 211 241 254 269 317 334 339 344 373 388  ; 3 4 3 5 2 2 4 6 2 2 
1.6e+05 ; 1.207e-08 ; True ; 2 32 36 53 56 57 108 117 138 139 170 177 241 269 317 334 339 344 394  ; 3 4 3 6 3 2 2 5 2 3 
1.6e+05 ; 1.327e-08 ; True ; 2 36 53 101 108 124 138 163 170 177 211 241 254 269 317 334 339 351 373  ; 3 3 3 7 2 3 2 4 3 3 
1.6e+05 ; 1.387e-08 ; True ; 2 5 13 66 101 108 124 138 170 177 211 241 254 269 317 339 344 373 388  ; 2 2 3 7 3 3 3 6 3 3 
1.78e+05 ; 1.516e-08 ; True ; 2 36 57 101 124 138 163 170 177 183 241 254 269 317 328 334 339 366 373 388  ; 2 3 3 6 2 4 4 4 2 3 
1.79e+05 ; 1.567e-08 ; True ; 2 32 36 53 56 57 108 117 122 138 139 170 177 241 269 317 334 339 344 394  ; 3 4 4 6 3 2 2 5 2 3 
1.81e+05 ; 1.805e-08 ; True ; 2 22 36 53 56 57 102 108 139 170 177 203 241 269 317 334 339 344 388 394  ; 3 4 3 6 3 2 3 6 2 3 
1.82e+05 ; 1.882e-08 ; True ; 2 36 53 57 75 101 102 108 170 175 203 241 269 317 334 339 344 378 388 394  ; 3 3 2 6 3 3 3 4 3 3 

RUN 2:
Optimum Distance: 0

Optimal Team: 
Required Skills: 8 15 22 26 35 42 46 48 52 55 
Distance; Skill Score; isValid; Team; Skill Counts
1.1e+04 ; 2.676e-12 ; True ; 2 170 183 241 269 339  ; 1 1 1 2 1 1 1 2 1 1 
1.2e+04 ; 3.519e-12 ; True ; 2 108 170 241 269 339  ; 1 1 1 3 1 1 1 2 1 1 
1.401e+04 ; 3.529e-12 ; True ; 2 138 170 241 254 269 317  ; 1 1 1 2 2 1 1 1 1 1 
1.501e+04 ; 4.641e-12 ; True ; 2 108 138 170 241 269 317  ; 1 1 1 3 2 1 1 1 1 1 
1.6e+04 ; 5.231e-12 ; True ; 1 108 138 170 241 269 339  ; 1 2 1 2 1 1 1 2 1 1 
1.6e+04 ; 1.026e-11 ; True ; 2 170 183 241 269 317 339  ; 1 1 2 2 2 1 1 2 1 1 
1.7e+04 ; 1.35e-11 ; True ; 2 108 170 241 269 317 339  ; 1 1 2 3 2 1 1 2 1 1 
2.101e+04 ; 1.35e-11 ; True ; 101 112 138 170 241 254 269 339  ; 1 2 1 3 1 2 1 2 1 1 
2.201e+04 ; 1.577e-11 ; True ; 2 108 138 170 269 317 339 364  ; 1 2 2 4 1 1 1 2 1 1 
2.201e+04 ; 2.334e-11 ; True ; 2 138 170 241 269 317 339 340  ; 1 2 2 2 2 1 1 3 1 1 
2.3e+04 ; 2.652e-11 ; True ; 1 108 133 170 241 269 317 339  ; 1 1 2 3 2 1 2 2 1 1 
2.4e+04 ; 3.118e-11 ; True ; 101 108 112 170 241 269 317 339  ; 1 1 2 4 2 2 1 2 1 1 
2.4e+04 ; 3.122e-11 ; True ; 2 108 133 170 241 269 317 339  ; 1 1 2 4 2 1 2 2 1 1 
2.801e+04 ; 5.177e-11 ; True ; 101 112 138 170 241 254 269 317 339  ; 1 2 2 3 2 2 1 2 1 1 
2.901e+04 ; 6.022e-11 ; True ; 56 101 112 170 241 254 269 317 339  ; 1 2 2 3 2 2 1 3 1 1 
3.001e+04 ; 6.127e-11 ; True ; 1 101 108 133 170 241 269 317 339  ; 1 1 2 4 2 2 2 2 1 1 
3.1e+04 ; 6.522e-11 ; True ; 2 101 108 112 170 241 269 317 339  ; 1 1 2 5 2 2 1 2 2 1 
3.1e+04 ; 6.825e-11 ; True ; 2 101 112 170 241 269 317 339 340  ; 1 1 2 4 2 2 1 3 2 1 
3.2e+04 ; 7.127e-11 ; True ; 67 101 108 112 170 241 269 317 339  ; 1 1 2 4 2 2 2 3 1 1 
3.501e+04 ; 8.829e-11 ; True ; 56 101 112 138 170 241 254 269 317 339  ; 1 3 2 3 2 2 1 3 1 1 
3.701e+04 ; 9.741e-11 ; True ; 2 101 138 170 183 241 269 317 329 339  ; 1 2 2 3 2 2 1 2 2 1 
3.701e+04 ; 1.334e-10 ; True ; 1 56 101 108 112 170 241 269 317 339  ; 1 2 2 4 2 2 1 3 2 1 
3.801e+04 ; 1.341e-10 ; True ; 1 101 112 133 170 241 269 317 339 344  ; 1 1 2 4 2 2 2 3 2 1 
3.901e+04 ; 1.393e-10 ; True ; 1 101 108 133 170 226 241 269 317 339  ; 1 2 2 4 2 2 2 3 1 1 
4e+04 ; 1.483e-10 ; True ; 2 101 108 112 170 241 269 317 339 344  ; 1 1 2 5 2 2 1 3 2 2 
4e+04 ; 1.491e-10 ; True ; 2 101 112 133 170 241 269 317 339 344  ; 1 1 2 5 2 2 2 3 2 1 
4.401e+04 ; 1.621e-10 ; True ; 1 2 101 112 138 170 241 254 269 317 339  ; 1 2 2 4 2 2 1 2 3 1 
4.401e+04 ; 2.253e-10 ; True ; 1 101 112 133 138 170 241 254 269 317 339  ; 1 2 2 4 2 2 2 2 2 1 
4.601e+04 ; 2.621e-10 ; True ; 1 56 101 108 112 120 170 241 269 317 339  ; 1 2 2 4 2 2 2 3 2 1 
4.601e+04 ; 2.914e-10 ; True ; 1 56 101 108 112 133 170 241 269 317 339  ; 1 2 2 5 2 2 2 3 2 1 
5e+04 ; 3.099e-10 ; True ; 2 101 108 112 162 170 241 269 317 339 344  ; 1 2 2 5 2 2 1 4 2 2 
5e+04 ; 3.115e-10 ; True ; 2 101 112 133 170 193 241 269 317 339 344  ; 1 2 2 5 2 2 2 4 2 1 
5.2e+04 ; 3.13e-10 ; True ; 2 101 108 112 133 170 241 317 338 339 340  ; 1 1 2 6 2 2 2 3 2 2 
5.501e+04 ; 3.521e-10 ; True ; 1 2 36 101 112 138 170 241 254 269 317 339  ; 1 2 2 5 2 2 1 2 3 2 
5.601e+04 ; 4.653e-10 ; True ; 1 67 101 112 138 170 241 254 269 317 339 344  ; 1 2 2 3 2 2 2 4 2 2 
5.601e+04 ; 5.123e-10 ; True ; 1 106 112 133 138 170 241 254 269 317 339 344  ; 1 2 2 4 2 2 2 3 2 2 
5.701e+04 ; 5.176e-10 ; True ; 1 101 108 112 138 170 211 241 269 317 339 340  ; 2 2 2 4 2 2 1 3 2 2 
5.701e+04 ; 6.09e-10 ; True ; 1 56 101 108 112 133 170 241 269 317 339 344  ; 1 2 2 5 2 2 2 4 2 2 
6.1e+04 ; 6.152e-10 ; True ; 2 101 108 112 162 170 241 269 317 338 339 344  ; 2 2 2 5 2 2 1 4 2 2 
6.3e+04 ; 6.284e-10 ; True ; 2 67 101 108 112 170 226 241 317 338 339 340  ; 1 2 2 5 2 2 2 5 2 2 
6.601e+04 ; 8.319e-10 ; True ; 1 99 101 110 112 115 133 170 241 269 317 339 373  ; 1 2 3 5 2 2 2 3 2 2 
6.801e+04 ; 8.447e-10 ; True ; 1 99 101 112 115 133 170 241 269 317 338 339 373  ; 2 1 3 5 2 2 2 3 2 2 
6.801e+04 ; 8.605e-10 ; True ; 1 56 101 108 112 133 170 241 269 317 329 339 340  ; 1 2 2 5 2 2 2 4 3 2 
6.901e+04 ; 9.133e-10 ; True ; 2 5 101 108 112 138 170 241 254 269 317 338 339  ; 2 2 2 6 3 2 1 3 2 2 
6.901e+04 ; 9.556e-10 ; True ; 1 99 101 108 112 133 170 226 241 269 317 339 373  ; 1 2 3 6 2 2 2 4 2 2 
6.901e+04 ; 1.209e-09 ; True ; 1 56 101 108 112 133 170 241 269 317 338 339 340  ; 2 2 2 5 2 2 2 4 2 2 
7.3e+04 ; 1.247e-09 ; True ; 2 101 108 112 162 170 241 269 317 338 339 344 394  ; 2 2 2 5 2 2 2 5 2 2 
8.001e+04 ; 1.277e-09 ; True ; 1 5 101 102 108 112 133 170 241 254 265 269 317 339  ; 1 2 2 6 3 2 2 3 3 2 
8.001e+04 ; 1.397e-09 ; True ; 1 56 101 112 124 170 217 241 254 269 317 338 339 344  ; 2 3 2 3 2 2 2 5 2 2 
8.001e+04 ; 1.597e-09 ; True ; 1 101 102 108 112 133 170 217 241 269 317 338 339 340  ; 2 2 2 5 2 2 2 3 3 2 
8.101e+04 ; 1.657e-09 ; True ; 1 41 99 101 108 112 138 170 241 269 317 338 339 344  ; 2 2 2 5 2 2 2 3 2 3 
8.201e+04 ; 1.708e-09 ; True ; 1 2 67 101 108 112 162 170 241 254 269 317 338 339  ; 2 2 2 5 2 2 2 4 3 2 
8.201e+04 ; 1.822e-09 ; True ; 1 56 101 108 112 120 170 241 269 317 338 339 340 373  ; 2 2 3 5 2 2 2 5 2 2 
8.201e+04 ; 1.919e-09 ; True ; 1 5 101 103 108 112 133 170 241 269 317 338 339 344  ; 2 2 2 6 3 2 2 4 2 2 
9.301e+04 ; 2.328e-09 ; True ; 1 67 101 106 112 138 170 241 254 269 317 338 339 341 344  ; 2 2 2 5 2 4 2 4 2 2 
9.301e+04 ; 2.351e-09 ; True ; 1 99 101 106 112 133 170 226 241 254 269 317 329 338 339  ; 2 2 2 5 2 3 2 3 3 2 
9.401e+04 ; 2.575e-09 ; True ; 1 2 67 101 112 138 170 241 254 269 317 338 339 344 373  ; 2 2 3 5 2 2 2 5 3 2 
9.501e+04 ; 2.685e-09 ; True ; 1 67 101 112 115 133 138 170 211 241 269 317 339 340 373  ; 2 2 3 5 2 2 3 5 2 2 
9.601e+04 ; 2.701e-09 ; True ; 1 2 67 101 108 112 149 162 170 241 254 269 317 338 339  ; 2 2 2 6 2 3 2 4 3 2 
9.601e+04 ; 2.885e-09 ; True ; 1 4 67 101 108 112 133 170 241 269 317 338 339 344 373  ; 2 2 3 6 2 2 3 5 2 2 
9.801e+04 ; 2.925e-09 ; True ; 1 67 101 108 112 162 170 241 269 317 338 339 341 344 373  ; 2 2 3 6 2 3 2 6 2 2 
9.901e+04 ; 2.958e-09 ; True ; 5 56 67 101 108 112 170 241 269 317 329 338 339 344 373  ; 2 2 3 6 3 2 2 7 2 2 
1e+05 ; 2.959e-09 ; True ; 5 67 101 108 112 149 170 226 241 269 317 329 338 339 344  ; 2 2 2 6 3 3 2 6 2 2 
1.08e+05 ; 3.428e-09 ; True ; 1 67 99 101 115 138 170 241 254 269 317 329 338 339 341 373  ; 2 2 3 4 2 3 2 4 2 3 
1.09e+05 ; 3.796e-09 ; True ; 1 41 101 110 112 115 132 138 170 241 269 317 338 339 340 373  ; 2 3 3 5 2 2 2 4 2 3 
1.09e+05 ; 3.833e-09 ; True ; 1 2 67 101 112 138 170 193 241 254 269 317 338 339 344 373  ; 2 3 3 5 2 2 2 6 3 2 
1.09e+05 ; 3.945e-09 ; True ; 1 56 99 101 108 112 120 170 241 269 317 329 338 339 341 373  ; 2 2 3 6 2 3 2 4 3 2 
1.1e+05 ; 4.125e-09 ; True ; 1 5 101 103 115 133 170 241 254 269 317 329 338 339 341 373  ; 2 2 3 6 3 3 2 4 2 2 
1.12e+05 ; 4.327e-09 ; True ; 1 5 67 108 133 138 170 211 241 269 317 329 339 341 344 373  ; 2 2 3 6 3 2 3 6 2 2 
1.13e+05 ; 4.338e-09 ; True ; 5 67 101 108 112 138 149 170 226 241 269 317 329 338 339 344  ; 2 3 2 6 3 3 2 6 2 2 
1.14e+05 ; 4.354e-09 ; True ; 5 67 106 112 138 170 211 241 269 294 317 339 340 341 344 373  ; 2 2 3 6 3 3 2 7 2 2 
1.14e+05 ; 4.543e-09 ; True ; 1 5 67 108 112 149 170 217 241 269 317 338 339 341 344 373  ; 2 2 3 7 3 3 2 6 2 2 
1.15e+05 ; 4.577e-09 ; True ; 5 67 101 108 112 149 170 226 241 269 317 329 338 339 340 373  ; 2 2 3 7 3 3 2 7 2 2 
1.24e+05 ; 5.068e-09 ; True ; 5 67 101 106 138 170 211 241 254 269 290 294 317 329 339 341 388  ; 2 2 2 5 3 4 3 4 2 2 
1.24e+05 ; 5.528e-09 ; True ; 1 57 67 101 106 112 138 170 241 254 269 290 317 339 341 344 373  ; 2 2 3 6 2 4 2 5 2 3 
1.25e+05 ; 5.784e-09 ; True ; 1 53 99 101 108 112 120 170 217 241 269 317 329 339 341 344 373  ; 2 2 3 6 2 3 2 4 3 3 
1.26e+05 ; 6.323e-09 ; True ; 5 67 101 108 112 138 170 211 241 269 290 294 317 329 339 341 373  ; 2 2 3 7 3 3 2 5 3 2 
1.26e+05 ; 6.349e-09 ; True ; 1 5 101 108 112 133 170 241 254 265 269 317 329 338 339 341 373  ; 2 2 3 8 3 3 2 4 3 2 
1.27e+05 ; 6.561e-09 ; True ; 1 5 101 108 115 133 170 226 241 269 317 329 334 338 339 341 373  ; 2 3 3 7 3 3 2 5 2 2 
1.29e+05 ; 6.937e-09 ; True ; 1 5 41 101 108 133 149 170 226 241 269 317 329 338 339 340 373  ; 2 2 3 8 3 3 3 6 2 2 
1.31e+05 ; 6.989e-09 ; True ; 5 67 101 108 112 133 149 170 226 241 269 317 329 338 339 344 373  ; 2 2 3 8 3 3 3 7 2 2 
1.4e+05 ; 7.079e-09 ; True ; 1 41 101 106 109 112 170 217 241 254 269 317 329 338 339 341 344 390  ; 2 3 3 6 2 4 2 3 3 2 
1.41e+05 ; 7.275e-09 ; True ; 1 13 53 99 101 108 112 120 170 217 241 269 317 329 339 341 344 373  ; 2 2 3 6 2 3 2 4 4 3 
1.42e+05 ; 9.272e-09 ; True ; 5 67 101 108 112 138 170 211 241 269 287 290 294 317 329 339 341 373  ; 2 3 3 7 3 3 2 5 3 2 
1.43e+05 ; 9.41e-09 ; True ; 1 67 101 103 112 133 138 170 211 241 269 317 338 339 340 341 344 373  ; 3 3 3 6 2 3 3 6 2 2 
1.44e+05 ; 9.62e-09 ; True ; 5 16 67 101 108 112 138 170 211 241 269 287 290 317 329 339 341 344  ; 2 3 3 7 3 3 2 5 2 3 
1.45e+05 ; 9.84e-09 ; True ; 5 67 101 108 112 162 170 241 254 269 317 329 334 338 339 341 344 373  ; 2 3 3 7 3 3 2 7 2 3 
1.47e+05 ; 9.968e-09 ; True ; 4 5 67 101 108 112 120 170 211 241 269 317 329 338 339 341 344 373  ; 3 2 3 7 3 3 3 6 2 2 
1.47e+05 ; 9.991e-09 ; True ; 5 67 101 108 112 162 170 211 241 254 269 317 329 338 339 341 344 373  ; 3 2 3 7 3 3 2 7 2 3 
1.58e+05 ; 1.127e-08 ; True ; 1 41 101 106 112 138 170 211 226 241 254 269 317 329 338 339 340 341 390  ; 3 3 3 6 2 4 2 4 3 2 
1.58e+05 ; 1.213e-08 ; True ; 1 41 101 106 112 124 138 170 211 226 241 254 269 317 338 339 340 341 390  ; 3 3 3 6 2 4 3 5 2 2 
1.59e+05 ; 1.268e-08 ; True ; 1 41 101 106 108 134 138 170 211 226 241 254 269 317 338 339 340 341 373  ; 3 3 3 7 2 4 2 5 2 3 
1.6e+05 ; 1.317e-08 ; True ; 1 6 41 53 101 108 112 138 170 211 226 241 254 269 317 339 341 344 390  ; 3 3 3 6 2 3 3 4 2 3 
1.62e+05 ; 1.391e-08 ; True ; 1 5 67 101 108 112 162 170 217 241 269 317 318 329 338 339 341 344 373  ; 2 3 3 7 3 3 2 7 3 3 
1.64e+05 ; 1.408e-08 ; True ; 4 5 67 74 101 108 112 120 170 211 241 269 317 329 338 339 341 344 373  ; 3 2 3 7 3 3 3 6 3 2 
1.64e+05 ; 1.441e-08 ; True ; 2 5 67 101 108 109 112 162 170 241 254 269 317 329 338 339 341 344 373  ; 2 3 3 8 3 3 2 7 3 3 
1.65e+05 ; 1.465e-08 ; True ; 5 67 101 108 109 112 162 170 211 241 254 269 317 329 338 339 341 344 373  ; 3 3 3 7 3 3 2 7 2 3 
1.76e+05 ; 1.714e-08 ; True ; 1 41 101 106 112 124 138 170 211 226 241 254 269 317 329 338 339 340 341 390  ; 3 3 3 6 2 4 3 5 3 2 
1.77e+05 ; 1.737e-08 ; True ; 1 36 41 101 106 112 138 170 211 226 241 254 269 317 329 338 339 340 341 390  ; 3 3 3 7 2 4 2 4 3 3 
1.81e+05 ; 1.951e-08 ; True ; 5 41 101 106 108 138 170 211 226 241 254 269 306 317 329 339 340 341 373 388  ; 2 3 3 8 3 4 3 6 2 3 

RUN 3:
Optimum Distance: 0

Optimal Team: 
Required Skills: 8 15 22 26 35 42 46 48 52 55 
Distance; Skill Score; isValid; Team; Skill Counts
1.1e+04 ; 2.676e-12 ; True ; 2 170 183 241 269 339  ; 1 1 1 2 1 1 1 2 1 1 
1.2e+04 ; 3.519e-12 ; True ; 2 108 170 241 269 339  ; 1 1 1 3 1 1 1 2 1 1 
1.401e+04 ; 3.529e-12 ; True ; 2 138 170 183 241 269 317  ; 1 1 1 2 2 1 1 1 1 1 
1.501e+04 ; 5.271e-12 ; True ; 2 138 170 241 269 317 344  ; 1 1 1 2 2 1 1 2 1 1 
1.6e+04 ; 6.879e-12 ; True ; 2 108 138 170 241 269 339  ; 1 2 1 3 1 1 1 2 1 1 
1.6e+04 ; 6.905e-12 ; True ; 2 170 177 183 241 269 339  ; 1 1 1 3 1 2 1 2 1 1 
1.6e+04 ; 1.026e-11 ; True ; 2 170 183 241 269 317 339  ; 1 1 2 2 2 1 1 2 1 1 
1.7e+04 ; 1.35e-11 ; True ; 2 108 170 241 269 317 339  ; 1 1 2 3 2 1 1 2 1 1 
2.101e+04 ; 1.35e-11 ; True ; 2 138 170 177 183 241 269 339  ; 1 2 1 3 1 2 1 2 1 1 
2.101e+04 ; 2.006e-11 ; True ; 2 138 170 183 241 269 317 339  ; 1 2 2 2 2 1 1 2 1 1 
2.201e+04 ; 2.638e-11 ; True ; 2 108 138 170 241 269 317 339  ; 1 2 2 3 2 1 1 2 1 1 
2.3e+04 ; 3.118e-11 ; True ; 2 108 170 177 241 269 317 339  ; 1 1 2 4 2 2 1 2 1 1 
2.4e+04 ; 3.627e-11 ; True ; 2 18 108 170 241 269 317 339  ; 1 1 2 4 2 2 1 3 1 1 
2.801e+04 ; 3.775e-11 ; True ; 2 138 170 183 241 269 317 329 339  ; 1 2 2 2 2 1 1 2 2 1 
2.901e+04 ; 5.177e-11 ; True ; 2 138 170 177 241 269 310 317 339  ; 1 2 2 3 2 2 1 2 1 1 
2.901e+04 ; 6.022e-11 ; True ; 2 18 138 170 183 241 269 317 339  ; 1 2 2 3 2 2 1 3 1 1 
3.001e+04 ; 7.09e-11 ; True ; 2 18 108 138 170 241 269 317 339  ; 1 2 2 4 2 2 1 3 1 1 
3.1e+04 ; 7.127e-11 ; True ; 2 108 124 170 177 241 269 317 339  ; 1 1 2 4 2 2 2 3 1 1 
3.2e+04 ; 7.62e-11 ; True ; 2 18 41 170 241 269 317 339 340  ; 1 1 2 4 2 2 2 4 1 1 
3.2e+04 ; 7.922e-11 ; True ; 2 18 41 108 170 241 269 317 339  ; 1 1 2 5 2 2 2 3 1 1 
3.701e+04 ; 9.741e-11 ; True ; 2 46 138 170 177 241 269 317 329 339  ; 1 2 2 3 2 2 1 2 2 1 
3.701e+04 ; 1.177e-10 ; True ; 2 138 140 170 177 241 269 317 339 344  ; 1 2 2 3 2 2 1 3 1 2 
3.801e+04 ; 1.21e-10 ; True ; 2 108 138 170 177 241 269 317 338 339  ; 2 2 2 4 2 2 1 2 1 1 
3.801e+04 ; 1.334e-10 ; True ; 2 18 108 138 170 241 269 317 329 339  ; 1 2 2 4 2 2 1 3 2 1 
3.901e+04 ; 1.393e-10 ; True ; 2 18 41 138 170 241 269 290 317 339  ; 1 2 2 4 2 2 2 3 1 1 
4e+04 ; 1.434e-10 ; True ; 2 73 124 170 177 241 269 317 339 344  ; 1 1 2 4 2 2 2 4 2 1 
4e+04 ; 1.491e-10 ; True ; 2 73 108 124 170 177 241 269 317 339  ; 1 1 2 5 2 2 2 3 2 1 
4e+04 ; 1.529e-10 ; True ; 2 18 36 162 170 241 269 304 317 339  ; 1 2 2 4 2 2 1 5 1 2 
4.1e+04 ; 1.647e-10 ; True ; 2 18 36 108 162 170 241 269 317 339  ; 1 2 2 5 2 2 1 4 1 2 
4.1e+04 ; 1.656e-10 ; True ; 2 18 41 108 170 226 241 269 317 339  ; 1 2 2 5 2 2 2 4 1 1 
4.601e+04 ; 2.253e-10 ; True ; 2 41 43 138 170 177 241 269 317 329 339  ; 1 2 2 4 2 2 2 2 2 1 
4.701e+04 ; 2.621e-10 ; True ; 2 73 124 138 140 170 177 241 269 317 339  ; 1 2 2 4 2 2 2 3 2 1 
4.801e+04 ; 2.911e-10 ; True ; 2 108 124 138 170 177 241 269 317 339 344  ; 1 2 2 4 2 2 2 4 1 2 
5e+04 ; 3.115e-10 ; True ; 2 73 108 124 170 177 241 269 317 339 340  ; 1 1 2 5 2 2 2 4 2 2 
5.1e+04 ; 3.34e-10 ; True ; 2 18 36 41 162 170 241 269 317 339 344  ; 1 2 2 5 2 2 2 5 1 2 
5.3e+04 ; 3.347e-10 ; True ; 2 18 41 108 112 170 226 241 317 338 339  ; 1 2 2 6 2 2 2 4 2 1 
5.801e+04 ; 4.405e-10 ; True ; 2 41 138 170 177 241 269 290 317 329 339 395  ; 1 2 2 4 2 2 2 2 2 2 
5.901e+04 ; 5.779e-10 ; True ; 2 108 124 138 170 177 241 269 311 317 339 344  ; 2 2 2 4 2 2 2 4 1 2 
6.1e+04 ; 5.783e-10 ; True ; 2 41 59 108 170 177 241 269 311 317 339 344  ; 2 1 2 5 2 2 2 3 2 2 
6.1e+04 ; 6.184e-10 ; True ; 2 73 108 124 170 177 241 269 311 317 339 340  ; 2 1 2 5 2 2 2 4 2 2 
6.3e+04 ; 6.432e-10 ; True ; 2 18 36 108 112 133 138 170 241 317 338 339  ; 1 2 2 7 2 2 2 3 2 2 
6.3e+04 ; 6.629e-10 ; True ; 18 41 108 112 170 211 226 241 269 317 339 344  ; 2 2 2 5 2 2 2 5 1 2 
6.4e+04 ; 6.644e-10 ; True ; 2 18 41 108 112 170 211 241 304 311 317 339  ; 2 1 2 6 2 2 2 4 2 2 
6.901e+04 ; 7.599e-10 ; True ; 2 67 102 108 138 170 177 241 269 311 317 339 391  ; 2 2 3 4 2 2 2 3 2 1 
7.001e+04 ; 8.382e-10 ; True ; 2 67 108 138 170 177 241 269 290 295 317 339 341  ; 1 2 2 5 2 3 2 3 2 2 
7.001e+04 ; 8.473e-10 ; True ; 2 4 108 124 138 170 177 241 269 311 317 339 344  ; 2 3 2 4 2 2 2 4 1 2 
7.101e+04 ; 9.006e-10 ; True ; 2 18 41 108 138 170 241 269 290 295 317 339 341  ; 1 2 2 6 2 3 2 3 2 2 
7.101e+04 ; 9.455e-10 ; True ; 2 106 108 124 138 170 177 241 269 311 317 339 344  ; 2 2 2 5 2 3 2 4 1 2 
7.201e+04 ; 1.02e-09 ; True ; 5 18 36 112 133 138 170 211 241 269 290 317 339  ; 2 2 2 6 3 2 2 4 1 2 
7.3e+04 ; 1.214e-09 ; True ; 2 41 108 112 170 177 226 241 269 317 338 339 395  ; 2 2 2 6 2 2 2 3 2 2 
7.4e+04 ; 1.299e-09 ; True ; 2 18 41 108 112 170 211 226 241 269 290 317 339  ; 2 2 2 6 2 2 2 4 2 2 
8.201e+04 ; 1.588e-09 ; True ; 2 67 102 108 138 170 177 241 269 311 317 339 344 391  ; 2 2 3 4 2 2 2 4 2 2 
8.401e+04 ; 1.652e-09 ; True ; 2 18 124 138 170 241 269 290 295 304 311 317 339 341  ; 2 2 2 4 2 3 2 5 2 2 
8.401e+04 ; 1.779e-09 ; True ; 2 106 108 124 138 170 177 231 241 269 311 317 339 344  ; 2 2 2 5 2 3 2 4 2 2 
8.501e+04 ; 1.843e-09 ; True ; 2 5 66 108 124 170 177 241 269 311 317 321 339 344  ; 2 2 2 5 3 2 2 5 2 2 
8.6e+04 ; 1.98e-09 ; True ; 5 18 36 108 112 138 170 211 241 269 317 339 379 394  ; 2 2 2 6 3 2 2 5 2 2 
9.501e+04 ; 2.244e-09 ; True ; 2 67 102 108 138 170 177 241 269 311 317 329 339 344 391  ; 2 2 3 4 2 2 2 4 3 2 
9.601e+04 ; 2.329e-09 ; True ; 2 67 102 108 138 170 177 241 269 310 311 317 339 344 391  ; 2 2 3 4 2 2 2 4 2 3 
9.601e+04 ; 2.622e-09 ; True ; 1 18 103 108 115 124 133 170 241 256 269 311 317 339 341  ; 2 2 2 5 2 3 3 4 2 2 
9.701e+04 ; 2.692e-09 ; True ; 5 18 36 66 112 138 139 170 241 269 290 311 317 339 394  ; 2 2 3 5 3 2 2 5 2 2 
9.801e+04 ; 2.706e-09 ; True ; 2 18 124 133 138 170 241 269 290 295 304 311 317 339 341  ; 2 2 2 5 2 3 3 5 2 2 
9.801e+04 ; 2.892e-09 ; True ; 5 18 103 108 112 133 170 241 255 256 269 290 311 317 339  ; 2 2 3 6 3 2 2 5 2 2 
9.801e+04 ; 3.04e-09 ; True ; 5 18 36 66 112 133 138 170 241 269 290 311 317 339 373  ; 2 2 3 7 3 2 2 5 2 2 
1.1e+05 ; 3.422e-09 ; True ; 2 25 67 102 108 138 170 177 241 269 311 317 329 339 344 391  ; 2 2 3 4 3 2 2 5 3 2 
1.1e+05 ; 3.691e-09 ; True ; 1 2 108 124 133 138 170 241 269 304 311 317 321 329 339 341  ; 2 3 2 5 2 2 3 4 3 2 
1.11e+05 ; 3.874e-09 ; True ; 1 18 103 108 115 124 133 170 190 241 256 269 311 317 339 341  ; 2 2 2 5 3 3 3 4 2 2 
1.11e+05 ; 4.087e-09 ; True ; 5 18 41 53 66 103 108 112 170 241 255 269 290 317 329 339  ; 2 2 3 6 3 2 2 5 3 2 
1.12e+05 ; 4.241e-09 ; True ; 5 18 103 108 112 115 133 170 241 255 269 290 311 317 329 339  ; 2 2 3 6 3 2 2 5 2 3 
1.13e+05 ; 4.296e-09 ; True ; 5 18 36 66 112 133 138 170 241 269 290 311 317 339 373 376  ; 2 2 3 7 3 2 2 5 3 2 
1.13e+05 ; 4.475e-09 ; True ; 5 18 41 53 99 103 108 112 170 241 255 269 317 329 339 341  ; 2 2 3 7 3 3 2 5 2 2 
1.15e+05 ; 4.543e-09 ; True ; 5 18 41 108 112 170 211 226 241 255 256 290 311 317 339 341  ; 2 2 3 7 3 3 2 6 2 2 
1.26e+05 ; 4.598e-09 ; True ; 5 18 36 66 103 106 133 138 170 241 255 269 290 311 317 339 373  ; 2 3 4 7 3 3 2 6 1 2 
1.26e+05 ; 5.68e-09 ; True ; 1 18 103 108 110 115 124 133 170 190 241 256 269 311 317 339 341  ; 2 3 2 5 3 3 3 4 2 2 
1.27e+05 ; 5.992e-09 ; True ; 5 18 103 108 112 115 133 170 241 255 256 269 290 311 317 329 339  ; 2 2 3 6 3 2 2 5 3 3 
1.28e+05 ; 5.992e-09 ; True ; 5 18 103 108 110 112 115 133 170 241 255 256 269 311 317 329 339  ; 2 3 3 6 3 2 2 5 3 2 
1.28e+05 ; 6.241e-09 ; True ; 5 18 75 99 108 110 112 115 133 170 241 255 256 269 311 317 339  ; 2 2 3 6 3 3 2 5 2 3 
1.28e+05 ; 6.313e-09 ; True ; 5 18 99 103 108 112 133 170 193 211 241 255 269 290 317 329 339  ; 2 3 3 6 3 2 2 6 2 3 
1.29e+05 ; 6.337e-09 ; True ; 5 18 67 103 112 115 138 170 241 269 290 311 317 325 339 341 373  ; 2 3 3 6 3 3 2 6 2 2 
1.29e+05 ; 6.457e-09 ; True ; 5 18 36 66 112 138 170 211 241 269 290 311 317 339 344 373 394  ; 3 2 3 6 3 2 2 7 2 3 
1.29e+05 ; 6.772e-09 ; True ; 5 18 36 66 112 133 138 170 211 241 269 290 311 317 339 373 394  ; 3 2 3 7 3 2 3 6 2 2 
1.42e+05 ; 8.786e-09 ; True ; 5 18 99 103 108 110 112 115 133 170 241 255 256 269 311 317 329 339  ; 2 3 3 6 3 2 2 5 3 3 
1.44e+05 ; 8.954e-09 ; True ; 5 18 53 66 99 103 108 112 170 241 255 269 317 318 329 339 341 394  ; 2 2 3 6 3 3 2 6 3 3 
1.45e+05 ; 8.966e-09 ; True ; 5 18 103 108 110 112 115 124 133 170 241 255 256 269 311 317 329 339  ; 2 3 3 6 3 2 3 6 3 2 
1.45e+05 ; 9.62e-09 ; True ; 5 18 103 108 112 115 133 170 241 255 256 265 269 290 311 317 339 341  ; 2 3 3 7 3 3 2 5 2 3 
1.46e+05 ; 1.033e-08 ; True ; 5 18 36 66 106 112 133 138 170 211 241 269 290 311 317 339 373 394  ; 3 2 3 8 3 3 3 6 2 2 
1.6e+05 ; 1.145e-08 ; True ; 5 18 103 108 110 112 115 133 138 170 241 255 256 269 290 311 317 329 339  ; 2 4 3 6 3 2 2 5 3 3 
1.61e+05 ; 1.366e-08 ; True ; 5 18 41 101 103 112 115 133 170 241 255 256 265 269 290 311 317 329 339  ; 2 3 3 7 3 3 3 5 3 2 
1.63e+05 ; 1.418e-08 ; True ; 5 18 103 108 112 115 120 133 170 241 255 256 265 269 290 311 317 339 341  ; 2 3 3 7 3 3 3 5 2 3 
1.8e+05 ; 1.843e-08 ; True ; 5 18 101 103 108 112 115 133 170 241 255 256 265 269 290 311 317 329 339 341  ; 2 3 3 8 3 4 2 5 3 3 
1.8e+05 ; 2.076e-08 ; True ; 5 18 41 101 103 108 112 115 133 170 241 255 256 265 269 290 311 317 329 339  ; 2 3 3 8 3 3 3 5 3 3 

RUN 4:
Optimum Distance: 0

Optimal Team: 
Required Skills: 8 15 22 26 35 42 46 48 52 55 
Distance; Skill Score; isValid; Team; Skill Counts
1.1e+04 ; 2.676e-12 ; True ; 2 170 183 241 269 339  ; 1 1 1 2 1 1 1 2 1 1 
1.2e+04 ; 3.519e-12 ; True ; 2 108 170 241 269 339  ; 1 1 1 3 1 1 1 2 1 1 
1.401e+04 ; 3.529e-12 ; True ; 2 138 170 183 241 269 317  ; 1 1 1 2 2 1 1 1 1 1 
1.501e+04 ; 5.271e-12 ; True ; 2 138 170 241 269 317 344  ; 1 1 1 2 2 1 1 2 1 1 
1.6e+04 ; 6.879e-12 ; True ; 2 108 138 170 241 269 339  ; 1 2 1 3 1 1 1 2 1 1 
1.7e+04 ; 8.068e-12 ; True ; 2 36 170 177 269 317 339  ; 1 1 2 4 1 1 1 2 1 1 
1.7e+04 ; 1.35e-11 ; True ; 2 108 170 241 269 317 339  ; 1 1 2 3 2 1 1 2 1 1 
2.101e+04 ; 2.006e-11 ; True ; 2 138 170 183 241 269 317 339  ; 1 2 2 2 2 1 1 2 1 1 
2.201e+04 ; 2.638e-11 ; True ; 2 108 138 170 241 269 317 339  ; 1 2 2 3 2 1 1 2 1 1 
2.3e+04 ; 3.118e-11 ; True ; 2 108 170 177 241 269 317 339  ; 1 1 2 4 2 2 1 2 1 1 
2.4e+04 ; 3.627e-11 ; True ; 2 18 36 170 241 269 317 339  ; 1 1 2 4 2 2 1 3 1 1 
2.801e+04 ; 5.177e-11 ; True ; 2 138 170 177 241 254 269 317 339  ; 1 2 2 3 2 2 1 2 1 1 
2.901e+04 ; 6.095e-11 ; True ; 2 108 138 170 177 241 269 317 339  ; 1 2 2 4 2 2 1 2 1 1 
3.001e+04 ; 6.439e-11 ; True ; 2 162 170 177 241 269 304 317 339  ; 1 2 2 3 2 2 1 4 1 1 
3.1e+04 ; 7.127e-11 ; True ; 2 36 170 177 241 269 317 339 394  ; 1 1 2 4 2 2 2 3 1 1 
3.2e+04 ; 7.62e-11 ; True ; 2 18 36 170 241 269 317 339 394  ; 1 1 2 4 2 2 2 4 1 1 
3.601e+04 ; 8.829e-11 ; True ; 2 56 138 170 177 241 254 269 317 339  ; 1 3 2 3 2 2 1 3 1 1 
3.701e+04 ; 1.198e-10 ; True ; 2 41 138 170 177 183 241 269 317 339  ; 1 2 2 4 2 2 2 2 1 1 
3.801e+04 ; 1.393e-10 ; True ; 2 108 138 170 177 241 269 317 339 394  ; 1 2 2 4 2 2 2 3 1 1 
3.901e+04 ; 1.426e-10 ; True ; 2 18 112 138 170 241 269 317 339 344  ; 1 2 2 4 2 2 1 4 2 1 
3.901e+04 ; 1.483e-10 ; True ; 2 56 108 112 170 177 241 269 317 339  ; 1 2 2 5 2 2 1 3 2 1 
4e+04 ; 1.548e-10 ; True ; 2 108 133 170 177 226 241 269 317 339  ; 1 2 2 5 2 2 2 3 1 1 
4.3e+04 ; 1.601e-10 ; True ; 2 18 41 108 112 170 241 311 317 339  ; 1 1 2 6 2 2 2 3 2 1 
4.401e+04 ; 1.956e-10 ; True ; 2 56 101 112 138 170 241 254 269 317 339  ; 1 3 2 4 2 2 1 3 2 1 
4.601e+04 ; 2.009e-10 ; True ; 2 57 138 140 170 177 241 254 269 317 339  ; 2 2 2 3 2 2 1 2 1 2 
4.601e+04 ; 2.277e-10 ; True ; 2 57 101 112 138 170 241 254 269 317 339  ; 2 2 2 4 2 2 1 2 2 1 
4.701e+04 ; 2.621e-10 ; True ; 2 73 138 170 177 241 269 304 317 319 339  ; 1 2 2 4 2 2 2 3 2 1 
4.701e+04 ; 2.788e-10 ; True ; 2 56 101 112 170 241 254 269 317 339 344  ; 1 2 2 4 2 2 1 4 2 2 
4.801e+04 ; 2.803e-10 ; True ; 2 36 138 145 170 177 241 269 317 339 394  ; 1 2 2 4 2 2 2 4 2 1 
4.901e+04 ; 3.027e-10 ; True ; 2 108 133 170 177 183 226 241 269 317 339  ; 1 2 2 5 2 2 2 3 1 2 
5e+04 ; 3.074e-10 ; True ; 2 57 108 133 170 177 226 241 269 317 339  ; 2 2 2 5 2 2 2 3 1 1 
5e+04 ; 3.115e-10 ; True ; 2 36 101 112 170 241 269 317 339 344 394  ; 1 1 2 5 2 2 2 4 2 2 
5.1e+04 ; 3.236e-10 ; True ; 2 41 108 162 170 177 211 241 304 317 339  ; 1 2 2 5 2 2 2 4 1 2 
5.501e+04 ; 3.426e-10 ; True ; 2 56 57 138 140 170 177 241 254 269 317 339  ; 2 3 2 3 2 2 1 3 1 2 
5.501e+04 ; 3.843e-10 ; True ; 2 56 101 112 138 170 241 254 269 317 339 366  ; 1 3 2 4 2 2 2 3 2 1 
5.601e+04 ; 4.45e-10 ; True ; 2 57 101 112 138 140 170 241 254 269 317 339  ; 2 2 2 4 2 2 1 2 2 2 
5.701e+04 ; 4.972e-10 ; True ; 2 41 101 112 138 170 241 254 269 311 317 339  ; 2 2 2 5 2 2 2 2 2 1 
5.701e+04 ; 5.478e-10 ; True ; 2 101 112 138 170 241 254 269 317 339 344 394  ; 1 2 2 4 2 2 2 4 2 2 
5.801e+04 ; 5.695e-10 ; True ; 2 73 108 138 170 177 241 269 304 317 319 339  ; 1 2 2 5 2 2 2 3 2 2 
5.901e+04 ; 5.783e-10 ; True ; 2 57 112 133 138 170 177 241 269 304 317 339  ; 2 2 2 5 2 2 2 3 2 1 
5.901e+04 ; 6.09e-10 ; True ; 2 56 108 112 140 170 177 241 269 317 339 394  ; 1 2 2 5 2 2 2 4 2 2 
6.001e+04 ; 6.152e-10 ; True ; 2 36 57 101 112 162 170 241 269 304 317 339  ; 2 2 2 5 2 2 1 4 2 2 
6.1e+04 ; 6.284e-10 ; True ; 2 18 41 112 162 170 241 269 304 317 339 395  ; 1 2 2 5 2 2 2 5 2 2 
6.2e+04 ; 6.424e-10 ; True ; 2 18 41 108 162 170 241 254 269 311 317 339  ; 2 2 2 5 2 2 2 4 1 2 
6.4e+04 ; 6.542e-10 ; True ; 2 18 41 108 112 162 170 241 311 317 339 395  ; 1 2 2 6 2 2 2 4 2 2 
6.701e+04 ; 6.714e-10 ; True ; 2 56 101 112 138 170 203 241 254 269 317 339 344  ; 1 3 2 5 3 2 1 4 2 2 
6.701e+04 ; 6.892e-10 ; True ; 2 18 56 57 59 138 140 170 241 254 269 317 339  ; 2 3 2 3 2 2 1 4 2 2 
6.801e+04 ; 7.427e-10 ; True ; 2 56 57 138 170 177 241 254 269 304 317 339 394  ; 2 3 2 3 2 2 2 5 1 2 
6.801e+04 ; 8.289e-10 ; True ; 2 56 112 138 170 177 241 254 269 304 317 339 394  ; 1 3 2 4 2 2 2 5 2 2 
6.801e+04 ; 1.017e-09 ; True ; 2 57 101 112 138 140 170 241 254 269 317 339 394  ; 2 2 2 4 2 2 2 3 2 2 
7.001e+04 ; 1.087e-09 ; True ; 2 57 112 138 170 177 241 254 269 304 317 339 394  ; 2 2 2 4 2 2 2 4 2 2 
7.101e+04 ; 1.13e-09 ; True ; 2 57 108 112 138 170 177 241 269 317 339 394 395  ; 2 2 2 5 2 2 2 3 2 2 
7.101e+04 ; 1.209e-09 ; True ; 2 101 108 112 138 170 241 269 311 317 339 344 394  ; 2 2 2 5 2 2 2 4 2 2 
7.4e+04 ; 1.247e-09 ; True ; 2 57 108 112 124 162 170 177 241 304 311 317 339  ; 2 2 2 5 2 2 2 5 2 2 
7.4e+04 ; 1.299e-09 ; True ; 2 18 41 108 112 162 170 241 269 311 317 339 395  ; 2 2 2 6 2 2 2 4 2 2 
7.901e+04 ; 1.319e-09 ; True ; 2 32 56 112 138 140 170 177 241 254 269 317 339 394  ; 1 3 2 5 3 2 2 4 2 2 
8.001e+04 ; 1.772e-09 ; True ; 2 56 57 108 112 138 170 177 241 254 269 317 339 394  ; 2 3 2 5 2 2 2 4 2 2 
8.101e+04 ; 1.779e-09 ; True ; 2 101 112 138 170 177 241 254 269 304 311 317 339 394  ; 2 2 2 5 2 3 2 4 2 2 
8.201e+04 ; 1.788e-09 ; True ; 2 57 101 108 112 138 170 177 183 241 269 317 339 394  ; 2 2 2 6 2 3 2 3 2 2 
8.201e+04 ; 1.919e-09 ; True ; 2 41 56 57 101 112 170 203 241 254 269 317 339 344  ; 2 2 2 6 3 2 2 4 2 2 
8.501e+04 ; 2.009e-09 ; True ; 2 41 57 108 112 162 170 177 241 269 304 317 339 364  ; 2 2 2 7 2 3 2 4 2 2 
9.301e+04 ; 2.121e-09 ; True ; 2 41 56 57 101 112 138 170 203 241 254 269 317 339 394  ; 2 3 2 6 3 2 3 4 2 1 
9.301e+04 ; 2.356e-09 ; True ; 2 32 56 57 59 138 140 170 177 183 241 269 317 339 394  ; 2 3 2 4 3 2 2 4 2 2 
9.401e+04 ; 2.458e-09 ; True ; 2 32 57 59 101 138 140 170 177 241 254 269 317 339 394  ; 2 2 2 5 3 3 2 3 2 2 
9.501e+04 ; 2.648e-09 ; True ; 2 57 101 112 138 170 177 241 254 269 304 311 317 339 394  ; 3 2 2 5 2 3 2 4 2 2 
9.601e+04 ; 2.802e-09 ; True ; 2 4 41 101 112 138 170 177 241 269 304 311 317 339 344  ; 2 3 2 6 2 3 2 4 2 2 
9.601e+04 ; 2.849e-09 ; True ; 2 41 56 57 101 108 112 170 241 254 269 311 317 339 394  ; 3 2 2 6 2 2 3 4 2 2 
9.701e+04 ; 2.896e-09 ; True ; 2 41 73 108 138 162 170 177 241 269 304 311 317 339 394  ; 2 3 2 6 2 2 3 5 2 2 
9.701e+04 ; 2.896e-09 ; True ; 2 41 56 101 108 112 170 241 254 269 311 317 339 344 394  ; 2 2 2 6 2 2 3 5 2 3 
9.801e+04 ; 2.914e-09 ; True ; 2 57 101 112 170 177 183 193 203 241 269 317 339 344 394  ; 2 2 2 6 3 3 2 5 2 2 
9.901e+04 ; 2.918e-09 ; True ; 2 41 57 112 132 162 170 177 203 241 269 304 317 339 394  ; 2 2 2 6 3 2 3 5 2 2 
1e+05 ; 2.936e-09 ; True ; 2 36 57 73 101 162 170 177 241 269 311 317 339 344 394  ; 3 2 2 6 2 3 2 5 2 2 
1e+05 ; 3.029e-09 ; True ; 2 41 57 73 101 162 170 241 254 269 317 339 344 364 373  ; 2 2 3 7 2 3 2 5 2 2 
1.06e+05 ; 3.454e-09 ; True ; 2 32 56 57 59 138 140 170 177 183 241 254 269 317 339 394  ; 2 3 2 4 3 2 2 4 2 3 
1.07e+05 ; 3.825e-09 ; True ; 2 16 32 56 57 59 138 170 177 183 241 254 269 317 339 394  ; 2 3 3 5 3 2 2 4 2 2 
1.07e+05 ; 3.975e-09 ; True ; 2 32 56 57 73 112 138 170 177 183 241 254 269 317 339 394  ; 2 3 2 6 3 2 2 4 3 2 
1.1e+05 ; 4.114e-09 ; True ; 2 41 56 73 133 138 170 177 183 241 254 269 311 317 339 344  ; 2 3 2 6 2 2 3 4 2 3 
1.1e+05 ; 4.375e-09 ; True ; 2 41 101 112 138 170 177 203 241 254 269 311 317 339 344 394  ; 2 2 2 7 3 3 3 4 2 2 
1.12e+05 ; 4.515e-09 ; True ; 2 18 41 57 73 138 170 177 203 241 254 269 304 317 339 394  ; 2 2 2 7 3 3 3 5 2 2 
1.18e+05 ; 4.583e-09 ; True ; 2 18 41 57 112 162 170 191 203 241 311 317 339 344 394 395  ; 2 2 3 7 3 2 3 7 2 2 
1.22e+05 ; 5.608e-09 ; True ; 2 16 32 56 57 59 138 140 170 177 183 241 254 269 317 339 394  ; 2 3 3 5 3 2 2 4 2 3 
1.24e+05 ; 5.787e-09 ; True ; 2 56 57 73 138 139 170 177 203 241 254 269 304 317 339 394 395  ; 2 3 3 5 3 2 2 5 2 3 
1.25e+05 ; 6.182e-09 ; True ; 2 13 41 101 112 138 170 177 203 241 254 269 311 317 339 344 394  ; 2 2 2 7 3 3 3 4 3 2 
1.26e+05 ; 6.646e-09 ; True ; 2 36 41 101 112 138 170 177 203 241 254 269 311 317 339 344 394  ; 2 2 2 8 3 3 3 4 2 3 
1.29e+05 ; 6.721e-09 ; True ; 2 32 57 73 101 133 138 170 177 241 269 311 317 339 340 344 394  ; 3 2 2 7 3 3 3 5 2 2 
1.38e+05 ; 7.79e-09 ; True ; 2 32 56 57 59 67 138 140 170 177 183 241 254 269 317 339 342 394  ; 2 3 3 4 3 2 3 6 2 3 
1.4e+05 ; 9.272e-09 ; True ; 2 16 56 57 101 112 138 170 177 203 241 254 269 304 317 339 369 394  ; 2 3 3 7 3 3 2 5 3 2 
1.44e+05 ; 9.283e-09 ; True ; 2 41 57 73 101 138 162 170 191 203 241 269 304 317 319 329 339 395  ; 2 3 3 7 3 2 3 5 3 2 
1.44e+05 ; 9.817e-09 ; True ; 2 41 57 73 133 138 162 170 177 203 241 254 269 304 311 317 339 344  ; 3 3 2 7 3 2 3 5 2 3 
1.45e+05 ; 9.84e-09 ; True ; 2 18 41 57 73 112 138 170 177 203 241 254 269 304 317 339 344 394  ; 2 2 2 8 3 3 3 6 3 3 
1.58e+05 ; 1.061e-08 ; True ; 2 18 56 57 101 112 138 170 177 203 239 241 254 269 304 317 339 369 394  ; 2 3 2 7 3 4 2 6 4 2 
1.6e+05 ; 1.183e-08 ; True ; 2 41 57 101 112 138 170 177 203 241 254 269 294 304 313 317 319 339 394  ; 2 2 3 7 3 3 4 4 3 2 
1.6e+05 ; 1.29e-08 ; True ; 2 16 57 101 112 138 162 170 177 241 254 269 294 304 317 319 339 394 395  ; 2 3 3 6 2 3 3 5 3 3 
1.62e+05 ; 1.395e-08 ; True ; 2 41 57 73 138 162 170 177 203 241 254 269 304 311 317 339 342 344 394  ; 3 3 3 6 3 2 3 7 2 3 
1.63e+05 ; 1.398e-08 ; True ; 2 41 57 73 101 112 162 170 177 183 241 254 269 311 317 339 342 344 394  ; 3 2 3 7 2 3 3 6 3 3 
1.64e+05 ; 1.408e-08 ; True ; 2 41 57 73 101 112 162 170 177 183 193 241 269 311 317 339 342 344 394  ; 3 3 3 7 2 3 3 7 3 2 
1.78e+05 ; 1.675e-08 ; True ; 2 16 57 101 112 138 162 170 177 241 254 269 294 304 313 317 319 339 394 395  ; 2 3 4 6 2 3 3 5 3 3 
1.79e+05 ; 1.774e-08 ; True ; 2 16 57 101 112 138 149 162 170 177 241 254 269 294 304 317 319 339 394 395  ; 2 3 3 7 2 4 3 5 3 3 
1.82e+05 ; 1.906e-08 ; True ; 2 41 57 101 132 138 162 170 191 203 231 241 269 279 304 317 319 329 339 395  ; 2 3 3 6 3 3 3 5 3 3 
1.84e+05 ; 1.935e-08 ; True ; 2 16 57 80 87 101 112 162 170 177 241 269 302 311 317 319 339 344 394 395  ; 3 2 3 6 3 3 3 5 3 3 

RUN 5:
Optimum Distance: 0

Optimal Team: 
Required Skills: 8 15 22 26 35 42 46 48 52 55 
Distance; Skill Score; isValid; Team; Skill Counts
1.1e+04 ; 2.676e-12 ; True ; 2 170 183 241 269 339  ; 1 1 1 2 1 1 1 2 1 1 
1.2e+04 ; 3.519e-12 ; True ; 2 36 170 241 269 339  ; 1 1 1 3 1 1 1 2 1 1 
1.501e+04 ; 5.271e-12 ; True ; 2 138 170 241 269 317 340  ; 1 1 1 2 2 1 1 2 1 1 
1.6e+04 ; 6.879e-12 ; True ; 2 36 138 170 241 269 339  ; 1 2 1 3 1 1 1 2 1 1 
1.6e+04 ; 1.026e-11 ; True ; 2 170 183 241 269 317 339  ; 1 1 2 2 2 1 1 2 1 1 
1.7e+04 ; 1.35e-11 ; True ; 2 36 170 241 269 317 339  ; 1 1 2 3 2 1 1 2 1 1 
2.201e+04 ; 1.577e-11 ; True ; 2 108 138 170 177 269 317 339  ; 1 2 2 4 1 1 1 2 1 1 
2.201e+04 ; 2.638e-11 ; True ; 2 36 138 170 241 269 317 339  ; 1 2 2 3 2 1 1 2 1 1 
2.3e+04 ; 3.118e-11 ; True ; 2 36 170 177 241 269 317 339  ; 1 1 2 4 2 2 1 2 1 1 
2.4e+04 ; 3.627e-11 ; True ; 2 18 36 170 241 269 317 339  ; 1 1 2 4 2 2 1 3 1 1 
2.801e+04 ; 4.579e-11 ; True ; 56 57 101 170 241 254 317 330 339  ; 1 2 2 2 2 2 1 3 1 1 
2.901e+04 ; 5.177e-11 ; True ; 2 99 138 170 177 241 269 317 339  ; 1 2 2 3 2 2 1 2 1 1 
2.901e+04 ; 6.095e-11 ; True ; 2 36 138 170 177 241 269 317 339  ; 1 2 2 4 2 2 1 2 1 1 
3.001e+04 ; 6.439e-11 ; True ; 2 18 138 170 241 269 317 339 340  ; 1 2 2 3 2 2 1 4 1 1 
3.1e+04 ; 7.127e-11 ; True ; 2 36 170 177 241 269 317 339 394  ; 1 1 2 4 2 2 2 3 1 1 
3.2e+04 ; 7.581e-11 ; True ; 2 18 36 170 241 269 317 339 340  ; 1 1 2 4 2 2 1 4 1 2 
3.3e+04 ; 7.62e-11 ; True ; 18 36 112 170 241 269 317 339 394  ; 1 1 2 4 2 2 2 4 1 1 
3.501e+04 ; 1.133e-10 ; True ; 56 101 112 170 241 254 269 317 330 339  ; 1 2 2 3 2 2 1 3 2 1 
3.701e+04 ; 1.183e-10 ; True ; 2 138 170 177 183 241 269 317 339 394  ; 1 2 2 3 2 2 2 3 1 1 
3.701e+04 ; 1.334e-10 ; True ; 2 56 101 112 170 241 254 269 317 339  ; 1 2 2 4 2 2 1 3 2 1 
3.801e+04 ; 1.386e-10 ; True ; 2 36 138 170 177 241 269 317 339 340  ; 1 2 2 4 2 2 1 3 1 2 
3.901e+04 ; 1.393e-10 ; True ; 2 36 101 138 170 241 269 317 339 394  ; 1 2 2 4 2 2 2 3 1 1 
3.901e+04 ; 1.483e-10 ; True ; 2 36 56 101 112 170 241 269 317 339  ; 1 2 2 5 2 2 1 3 2 1 
4e+04 ; 1.49e-10 ; True ; 2 36 56 170 177 241 269 317 339 394  ; 1 2 2 4 2 2 2 4 1 1 
4e+04 ; 1.548e-10 ; True ; 36 56 101 112 133 170 241 269 317 339  ; 1 2 2 5 2 2 2 3 1 1 
4.1e+04 ; 1.586e-10 ; True ; 2 18 36 112 170 241 269 317 339 340  ; 1 1 2 5 2 2 1 4 2 2 
4.401e+04 ; 1.885e-10 ; True ; 2 56 57 101 112 170 241 254 317 330 339  ; 1 2 2 4 2 2 1 3 3 1 
4.401e+04 ; 2.249e-10 ; True ; 2 56 57 101 170 241 254 269 317 330 339  ; 2 2 2 3 2 2 1 3 2 1 
4.501e+04 ; 2.368e-10 ; True ; 56 57 101 112 170 241 254 317 330 339 340  ; 1 2 2 3 2 2 1 4 2 2 
4.501e+04 ; 2.608e-10 ; True ; 36 56 57 101 112 170 241 254 317 330 339  ; 1 2 2 4 2 2 1 3 2 2 
4.601e+04 ; 2.621e-10 ; True ; 2 56 57 101 133 170 241 254 317 330 339  ; 1 2 2 4 2 2 2 3 2 1 
4.601e+04 ; 2.648e-10 ; True ; 2 56 57 101 112 170 241 254 269 317 339  ; 2 2 2 4 2 2 1 3 2 1 
4.701e+04 ; 2.723e-10 ; True ; 2 36 101 138 170 241 254 269 317 339 394  ; 1 2 2 4 2 2 2 3 1 2 
4.701e+04 ; 2.899e-10 ; True ; 2 36 56 101 112 170 241 254 269 317 339  ; 1 2 2 5 2 2 1 3 2 2 
4.801e+04 ; 3.027e-10 ; True ; 36 56 101 112 133 170 241 254 269 317 339  ; 1 2 2 5 2 2 2 3 1 2 
4.901e+04 ; 3.115e-10 ; True ; 2 36 56 101 112 170 241 269 317 339 394  ; 1 2 2 5 2 2 2 4 2 1 
5e+04 ; 3.13e-10 ; True ; 2 36 112 133 170 177 241 269 317 339 340  ; 1 1 2 6 2 2 2 3 2 2 
5e+04 ; 3.236e-10 ; True ; 36 56 101 112 133 170 241 269 317 339 340  ; 1 2 2 5 2 2 2 4 1 2 
5.301e+04 ; 3.742e-10 ; True ; 2 56 57 101 112 170 241 254 269 317 330 339  ; 2 2 2 4 2 2 1 3 3 1 
5.401e+04 ; 4.7e-10 ; True ; 56 57 101 112 170 241 254 269 317 330 339 340  ; 2 2 2 3 2 2 1 4 2 2 
5.501e+04 ; 5.176e-10 ; True ; 2 36 56 57 101 170 241 254 269 317 330 339  ; 2 2 2 4 2 2 1 3 2 2 
5.601e+04 ; 5.405e-10 ; True ; 36 56 57 101 133 170 241 254 269 317 330 339  ; 2 2 2 4 2 2 2 3 1 2 
5.701e+04 ; 5.695e-10 ; True ; 2 36 56 57 101 133 170 241 254 317 330 339  ; 1 2 2 5 2 2 2 3 2 2 
5.701e+04 ; 5.783e-10 ; True ; 2 56 57 101 112 133 170 241 254 269 317 339  ; 2 2 2 5 2 2 2 3 2 1 
5.801e+04 ; 6.09e-10 ; True ; 2 36 56 101 112 170 241 254 269 317 339 394  ; 1 2 2 5 2 2 2 4 2 2 
5.901e+04 ; 6.152e-10 ; True ; 2 36 56 57 112 170 177 241 269 317 339 344  ; 2 2 2 5 2 2 1 4 2 2 
5.901e+04 ; 6.184e-10 ; True ; 2 36 56 57 101 112 170 241 269 317 339 394  ; 2 2 2 5 2 2 2 4 2 1 
6.001e+04 ; 6.424e-10 ; True ; 2 36 56 57 133 170 177 241 269 317 339 344  ; 2 2 2 5 2 2 2 4 1 2 
6.001e+04 ; 6.542e-10 ; True ; 2 36 56 101 112 133 170 241 269 317 339 340  ; 1 2 2 6 2 2 2 4 2 2 
6.501e+04 ; 7.861e-10 ; True ; 2 56 57 101 112 170 241 254 269 317 330 339 394  ; 2 2 2 4 2 2 2 4 3 1 
6.501e+04 ; 8.13e-10 ; True ; 2 56 57 101 108 112 170 241 254 269 317 330 339  ; 2 2 2 5 2 2 1 3 3 2 
6.601e+04 ; 9.53e-10 ; True ; 56 57 101 112 170 241 254 269 317 330 339 344 394  ; 2 2 2 3 2 2 2 5 2 2 
6.701e+04 ; 1.13e-09 ; True ; 2 36 56 57 101 133 170 241 254 269 317 330 339  ; 2 2 2 5 2 2 2 3 2 2 
6.901e+04 ; 1.209e-09 ; True ; 2 36 56 57 101 112 170 241 254 269 317 339 394  ; 2 2 2 5 2 2 2 4 2 2 
7.101e+04 ; 1.299e-09 ; True ; 2 36 56 57 101 112 133 170 241 269 317 339 344  ; 2 2 2 6 2 2 2 4 2 2 
7.801e+04 ; 1.708e-09 ; True ; 2 36 56 57 101 112 170 241 254 269 317 330 339 394  ; 2 2 2 5 2 2 2 4 3 2 
7.801e+04 ; 1.779e-09 ; True ; 36 56 57 101 106 112 170 241 254 269 317 330 339 394  ; 2 2 2 5 2 3 2 4 2 2 
7.901e+04 ; 1.836e-09 ; True ; 18 36 56 57 101 112 170 241 254 269 317 330 339 394  ; 2 2 2 5 2 3 2 5 2 2 
8.101e+04 ; 1.911e-09 ; True ; 2 56 57 101 112 133 170 177 241 254 269 317 339 344  ; 2 2 2 6 2 3 2 4 2 2 
8.301e+04 ; 2.009e-09 ; True ; 2 36 56 57 101 112 133 170 177 241 269 317 339 344  ; 2 2 2 7 2 3 2 4 2 2 
9.101e+04 ; 2.148e-09 ; True ; 2 13 36 56 57 101 112 170 241 254 269 317 330 339 394  ; 2 2 2 5 2 2 2 4 4 2 
9.201e+04 ; 2.422e-09 ; True ; 18 56 101 112 138 170 211 241 254 269 317 330 339 344 388  ; 2 3 2 4 2 3 2 5 2 2 
9.201e+04 ; 2.701e-09 ; True ; 2 36 56 57 101 112 170 241 254 269 317 330 339 364 394  ; 2 2 2 6 2 3 2 4 3 2 
9.401e+04 ; 2.755e-09 ; True ; 2 36 56 57 101 108 133 170 241 254 269 317 330 339 364  ; 2 2 2 7 2 3 2 3 2 3 
9.501e+04 ; 2.946e-09 ; True ; 2 36 56 57 101 112 133 170 177 241 254 269 317 339 344  ; 2 2 2 7 2 3 2 4 2 3 
9.601e+04 ; 2.969e-09 ; True ; 2 32 56 101 112 133 170 241 254 269 311 317 339 341 344  ; 2 2 2 7 3 3 2 4 2 2 
9.701e+04 ; 2.991e-09 ; True ; 2 36 56 57 101 112 133 170 177 211 241 269 317 339 344  ; 3 2 2 7 2 3 2 4 2 2 
9.801e+04 ; 3.04e-09 ; True ; 2 18 36 56 101 112 133 170 175 241 269 311 317 339 340  ; 2 3 2 7 2 3 2 5 2 2 
1.01e+05 ; 3.056e-09 ; True ; 2 36 56 101 112 133 170 241 311 317 338 339 340 341 394  ; 2 2 2 7 2 3 3 5 2 2 
1.04e+05 ; 3.96e-09 ; True ; 2 36 56 57 101 112 170 241 254 269 317 330 334 339 341 394  ; 2 3 2 6 2 3 2 4 3 2 
1.07e+05 ; 3.98e-09 ; True ; 2 36 56 57 101 112 170 241 254 269 317 319 330 339 364 394  ; 2 2 2 6 2 3 3 4 3 2 
1.08e+05 ; 4.087e-09 ; True ; 2 36 56 101 112 124 170 177 211 241 254 269 317 330 339 344  ; 2 2 2 6 2 3 2 5 3 3 
1.08e+05 ; 4.181e-09 ; True ; 2 18 32 56 101 112 170 211 241 254 269 317 330 339 344 394  ; 2 2 2 6 3 3 2 6 3 2 
1.09e+05 ; 4.273e-09 ; True ; 2 32 36 56 101 124 170 177 211 241 254 269 317 330 339 344  ; 2 2 2 6 3 3 2 5 2 3 
1.1e+05 ; 4.515e-09 ; True ; 2 32 56 101 112 133 170 177 241 254 269 311 317 339 344 394  ; 2 2 2 7 3 3 3 5 2 2 
1.12e+05 ; 4.549e-09 ; True ; 2 36 56 57 101 112 133 170 177 211 241 269 317 339 344 394  ; 3 2 2 7 2 3 3 5 2 2 
1.14e+05 ; 4.566e-09 ; True ; 2 22 36 56 57 112 124 133 170 203 241 269 317 339 341 344  ; 2 3 2 7 3 2 3 6 2 2 
1.21e+05 ; 5.384e-09 ; True ; 2 56 101 112 138 170 177 211 241 254 269 317 330 339 344 388 391  ; 2 3 3 5 2 3 2 4 3 2 
1.21e+05 ; 6.015e-09 ; True ; 2 32 56 57 101 112 124 170 177 241 254 269 317 330 339 344 391  ; 2 2 3 6 3 3 2 5 3 2 
1.22e+05 ; 6.224e-09 ; True ; 2 18 32 56 57 101 112 124 170 211 241 254 269 317 330 339 344  ; 3 2 2 6 3 3 2 6 3 2 
1.24e+05 ; 6.721e-09 ; True ; 2 18 32 56 101 112 133 138 170 241 254 269 311 317 339 340 394  ; 2 3 2 7 3 3 3 6 2 2 
1.27e+05 ; 6.824e-09 ; True ; 2 18 32 56 101 112 133 170 211 241 254 269 311 317 339 344 394  ; 3 2 2 7 3 3 3 6 2 2 
1.38e+05 ; 8.482e-09 ; True ; 2 36 56 101 112 138 170 177 211 241 254 269 317 330 339 344 388 391  ; 2 3 3 6 2 3 2 4 3 3 
1.38e+05 ; 8.82e-09 ; True ; 2 32 56 57 101 103 112 124 170 177 241 254 269 317 330 339 344 391  ; 2 3 3 6 3 3 2 5 3 2 
1.4e+05 ; 9.497e-09 ; True ; 2 32 36 56 101 112 124 170 177 211 241 254 269 317 330 339 344 394  ; 2 2 2 7 3 3 3 6 3 3 
1.43e+05 ; 9.928e-09 ; True ; 2 18 32 56 101 112 133 170 175 241 254 269 311 317 339 340 344 394  ; 2 3 2 7 3 3 3 7 2 3 
1.44e+05 ; 1.029e-08 ; True ; 2 5 18 36 56 101 112 133 170 175 241 254 269 311 317 339 340 394  ; 2 3 2 8 3 3 3 7 2 3 
1.56e+05 ; 1.133e-08 ; True ; 2 32 56 57 101 112 124 133 170 177 241 254 269 317 330 339 344 364 388  ; 2 2 2 8 3 4 4 5 3 2 
1.58e+05 ; 1.238e-08 ; True ; 2 32 36 46 56 101 112 124 170 177 211 241 254 269 317 330 339 344 394  ; 2 2 2 7 3 3 3 6 3 4 
1.59e+05 ; 1.277e-08 ; True ; 2 32 56 57 101 112 124 133 177 211 241 254 269 317 321 330 339 344 395  ; 3 3 2 6 3 3 2 4 3 3 
1.61e+05 ; 1.398e-08 ; True ; 2 32 56 101 112 124 170 175 177 211 241 254 256 311 317 339 344 373 394  ; 2 3 3 7 3 3 3 7 3 2 
1.61e+05 ; 1.478e-08 ; True ; 2 18 32 56 101 112 133 170 175 211 241 254 269 311 317 339 340 344 394  ; 3 3 2 7 3 3 3 7 2 3 
1.74e+05 ; 1.479e-08 ; True ; 2 32 56 57 101 112 124 170 177 190 211 241 254 256 269 317 330 339 344 391  ; 3 2 3 6 4 3 2 5 4 2 
1.74e+05 ; 1.644e-08 ; True ; 2 18 32 56 101 106 112 124 138 170 190 211 241 254 269 317 330 339 344 394  ; 2 3 2 7 4 4 3 7 3 2 
1.76e+05 ; 1.881e-08 ; True ; 2 4 18 32 56 101 112 133 170 177 211 241 254 269 317 330 339 340 391 394  ; 2 3 3 8 3 4 3 6 3 2 
1.77e+05 ; 1.927e-08 ; True ; 2 18 32 56 101 112 133 138 170 175 211 241 254 269 311 317 339 340 344 394  ; 3 4 2 7 3 3 3 7 2 3 
1.82e+05 ; 1.952e-08 ; True ; 2 18 32 57 101 112 133 170 175 177 241 254 269 311 317 339 340 344 388 390  ; 3 2 3 8 3 4 3 5 2 3 

RUN 6:
Optimum Distance: 0

Optimal Team: 
Required Skills: 8 15 22 26 35 42 46 48 52 55 
Distance; Skill Score; isValid; Team; Skill Counts
1.1e+04 ; 2.676e-12 ; True ; 2 170 183 241 269 339  ; 1 1 1 2 1 1 1 2 1 1 
1.2e+04 ; 3.519e-12 ; True ; 2 36 170 241 269 339  ; 1 1 1 3 1 1 1 2 1 1 
1.401e+04 ; 3.529e-12 ; True ; 2 138 170 183 241 269 317  ; 1 1 1 2 2 1 1 1 1 1 
1.501e+04 ; 5.271e-12 ; True ; 2 138 170 241 269 317 340  ; 1 1 1 2 2 1 1 2 1 1 
1.6e+04 ; 6.879e-12 ; True ; 2 36 138 170 241 269 339  ; 1 2 1 3 1 1 1 2 1 1 
1.6e+04 ; 1.026e-11 ; True ; 2 170 183 241 269 317 339  ; 1 1 2 2 2 1 1 2 1 1 
1.7e+04 ; 1.35e-11 ; True ; 2 36 170 241 269 317 339  ; 1 1 2 3 2 1 1 2 1 1 
2.101e+04 ; 1.36e-11 ; True ; 2 106 138 170 241 269 304 317  ; 1 1 1 3 2 2 1 2 1 1 
2.101e+04 ; 2.006e-11 ; True ; 2 138 170 183 241 269 317 339  ; 1 2 2 2 2 1 1 2 1 1 
2.201e+04 ; 2.334e-11 ; True ; 2 138 170 241 269 304 317 339  ; 1 2 2 2 2 1 1 3 1 1 
2.201e+04 ; 2.638e-11 ; True ; 2 36 138 170 241 269 317 339  ; 1 2 2 3 2 1 1 2 1 1 
2.201e+04 ; 2.648e-11 ; True ; 2 170 177 183 241 269 317 339  ; 1 1 2 3 2 2 1 2 1 1 
2.3e+04 ; 3.081e-11 ; True ; 2 106 170 241 269 304 317 339  ; 1 1 2 3 2 2 1 3 1 1 
2.3e+04 ; 3.118e-11 ; True ; 2 36 170 177 241 269 317 339  ; 1 1 2 4 2 2 1 2 1 1 
2.4e+04 ; 3.627e-11 ; True ; 2 18 36 170 241 269 317 339  ; 1 1 2 4 2 2 1 3 1 1 
2.801e+04 ; 5.177e-11 ; True ; 2 138 140 170 177 241 269 317 339  ; 1 2 2 3 2 2 1 2 1 1 
2.901e+04 ; 6.022e-11 ; True ; 2 106 138 170 241 269 304 317 339  ; 1 2 2 3 2 2 1 3 1 1 
2.901e+04 ; 6.095e-11 ; True ; 2 36 138 170 177 241 269 317 339  ; 1 2 2 4 2 2 1 2 1 1 
3.001e+04 ; 6.439e-11 ; True ; 2 106 162 170 241 269 304 317 339  ; 1 2 2 3 2 2 1 4 1 1 
3.001e+04 ; 7.09e-11 ; True ; 2 18 36 138 170 241 269 317 339  ; 1 2 2 4 2 2 1 3 1 1 
3.1e+04 ; 7.127e-11 ; True ; 2 106 133 170 241 269 304 317 339  ; 1 1 2 4 2 2 2 3 1 1 
3.2e+04 ; 7.62e-11 ; True ; 2 18 133 170 241 269 317 339 344  ; 1 1 2 4 2 2 2 4 1 1 
3.601e+04 ; 1.177e-10 ; True ; 2 106 138 170 241 254 269 304 317 339  ; 1 2 2 3 2 2 1 3 1 2 
3.801e+04 ; 1.386e-10 ; True ; 2 36 106 138 170 241 269 304 317 339  ; 1 2 2 4 2 2 1 3 1 2 
3.801e+04 ; 1.393e-10 ; True ; 2 106 133 138 170 241 269 304 317 339  ; 1 2 2 4 2 2 2 3 1 1 
3.901e+04 ; 1.49e-10 ; True ; 2 106 133 162 170 241 269 304 317 339  ; 1 2 2 4 2 2 2 4 1 1 
4e+04 ; 1.548e-10 ; True ; 2 36 106 133 170 241 269 304 317 339  ; 1 1 2 5 2 2 2 3 1 2 
4e+04 ; 1.548e-10 ; True ; 2 36 56 133 170 177 241 269 317 339  ; 1 2 2 5 2 2 2 3 1 1 
4.1e+04 ; 1.656e-10 ; True ; 2 18 36 133 162 170 241 269 317 339  ; 1 2 2 5 2 2 2 4 1 1 
4.501e+04 ; 2.215e-10 ; True ; 2 13 106 138 170 241 254 269 304 317 339  ; 1 2 2 3 2 2 1 3 2 2 
4.601e+04 ; 2.242e-10 ; True ; 2 13 108 138 140 170 177 241 269 317 339  ; 1 2 2 4 2 2 1 2 2 2 
4.701e+04 ; 2.279e-10 ; True ; 2 106 133 138 170 241 269 304 317 339 364  ; 1 2 2 5 2 3 2 3 1 1 
4.701e+04 ; 2.608e-10 ; True ; 2 73 106 138 170 183 241 269 304 317 339  ; 1 2 2 4 2 2 1 3 2 2 
4.701e+04 ; 2.621e-10 ; True ; 2 13 133 138 170 177 241 269 304 317 339  ; 1 2 2 4 2 2 2 3 2 1 
4.701e+04 ; 2.723e-10 ; True ; 2 133 138 140 170 241 269 304 317 339 364  ; 1 2 2 4 2 2 2 3 1 2 
4.801e+04 ; 3.027e-10 ; True ; 2 36 106 133 138 170 241 269 304 317 339  ; 1 2 2 5 2 2 2 3 1 2 
4.901e+04 ; 3.236e-10 ; True ; 2 36 106 133 162 170 241 269 304 317 339  ; 1 2 2 5 2 2 2 4 1 2 
5.1e+04 ; 3.347e-10 ; True ; 2 18 36 112 133 162 170 241 269 317 339  ; 1 2 2 6 2 2 2 4 2 1 
5.701e+04 ; 3.448e-10 ; True ; 2 5 13 106 138 170 177 241 269 304 317 339  ; 1 2 2 5 3 3 1 4 2 1 
5.701e+04 ; 4.266e-10 ; True ; 2 73 106 138 170 183 241 269 304 317 339 364  ; 1 2 2 5 2 3 1 3 2 2 
5.701e+04 ; 4.288e-10 ; True ; 2 13 36 138 170 177 241 269 317 339 364 394  ; 1 2 2 5 2 3 2 3 2 1 
5.801e+04 ; 4.786e-10 ; True ; 2 36 106 133 138 170 241 269 304 317 339 364  ; 1 2 2 6 2 3 2 3 1 2 
5.801e+04 ; 5.176e-10 ; True ; 2 36 57 106 138 170 241 269 304 317 329 339  ; 2 2 2 4 2 2 1 3 2 2 
5.801e+04 ; 5.478e-10 ; True ; 2 13 36 138 170 177 241 269 317 339 344 394  ; 1 2 2 4 2 2 2 4 2 2 
5.901e+04 ; 6.119e-10 ; True ; 2 36 73 106 133 138 170 241 269 304 317 339  ; 1 2 2 6 2 2 2 3 2 2 
6.001e+04 ; 6.542e-10 ; True ; 2 36 73 106 133 162 170 241 269 304 317 339  ; 1 2 2 6 2 2 2 4 2 2 
6.901e+04 ; 6.958e-10 ; True ; 2 36 106 138 139 170 241 269 304 317 339 364 394  ; 1 2 3 5 2 3 2 4 1 2 
6.901e+04 ; 9.006e-10 ; True ; 2 36 106 133 138 170 241 269 304 317 329 339 364  ; 1 2 2 6 2 3 2 3 2 2 
7.001e+04 ; 9.5e-10 ; True ; 2 36 57 106 133 138 170 241 269 304 317 339 364  ; 2 2 2 6 2 3 2 3 1 2 
7.001e+04 ; 1.13e-09 ; True ; 2 36 57 106 133 138 170 241 269 304 317 329 339  ; 2 2 2 5 2 2 2 3 2 2 
7.101e+04 ; 1.214e-09 ; True ; 2 36 57 73 106 133 138 170 241 269 304 317 339  ; 2 2 2 6 2 2 2 3 2 2 
7.201e+04 ; 1.299e-09 ; True ; 2 36 57 73 106 133 162 170 241 269 304 317 339  ; 2 2 2 6 2 2 2 4 2 2 
8.201e+04 ; 1.407e-09 ; True ; 2 36 73 106 138 139 170 241 269 304 317 339 364 394  ; 1 2 3 6 2 3 2 4 2 2 
8.201e+04 ; 1.664e-09 ; True ; 2 57 59 106 133 138 170 241 269 304 317 339 364 395  ; 2 2 2 5 2 3 2 3 2 2 
8.201e+04 ; 1.772e-09 ; True ; 2 36 57 106 133 138 162 170 241 269 304 317 329 339  ; 2 3 2 5 2 2 2 4 2 2 
8.301e+04 ; 1.897e-09 ; True ; 2 36 57 59 106 133 138 170 191 241 269 304 317 339  ; 2 2 3 6 2 2 2 4 2 2 
8.301e+04 ; 1.904e-09 ; True ; 2 36 57 73 133 138 162 170 241 269 304 317 339 364  ; 2 3 2 6 2 2 2 4 2 2 
8.401e+04 ; 1.911e-09 ; True ; 2 36 57 106 133 162 170 241 269 304 317 329 339 364  ; 2 2 2 6 2 3 2 4 2 2 
8.501e+04 ; 2.009e-09 ; True ; 2 36 57 73 106 133 162 170 241 269 304 317 339 341  ; 2 2 2 7 2 3 2 4 2 2 
8.6e+04 ; 2.017e-09 ; True ; 2 32 36 57 73 133 149 162 170 241 269 304 317 339  ; 2 2 2 7 3 2 2 4 2 2 
9.501e+04 ; 2.128e-09 ; True ; 2 36 73 106 138 139 162 170 241 269 304 317 339 364 394  ; 1 3 3 6 2 3 2 5 2 2 
9.601e+04 ; 2.946e-09 ; True ; 2 36 57 73 106 133 138 162 170 241 269 304 317 339 364  ; 2 3 2 7 2 3 2 4 2 2 
9.701e+04 ; 2.961e-09 ; True ; 2 36 57 73 106 133 138 170 241 269 304 317 339 364 394  ; 2 2 2 7 2 3 3 4 2 2 
9.901e+04 ; 3.064e-09 ; True ; 2 5 36 57 106 133 162 170 239 241 269 304 317 339 364  ; 2 2 2 7 3 3 2 5 2 2 
1e+05 ; 3.076e-09 ; True ; 2 32 36 57 73 101 133 149 162 170 241 269 304 317 339  ; 2 2 2 8 3 3 2 4 2 2 
1.09e+05 ; 3.242e-09 ; True ; 2 5 56 57 73 106 138 139 170 241 269 304 317 339 364 394  ; 2 3 3 6 3 3 2 6 2 1 
1.1e+05 ; 3.309e-09 ; True ; 2 36 57 106 133 138 139 162 170 241 269 304 317 339 364 394  ; 2 3 3 6 2 3 3 5 1 2 
1.1e+05 ; 3.932e-09 ; True ; 2 57 73 106 138 139 140 162 170 241 269 304 317 339 341 394  ; 2 3 3 5 2 3 2 5 2 2 
1.1e+05 ; 4.262e-09 ; True ; 2 14 36 57 106 133 138 162 170 241 269 304 317 339 364 394  ; 2 3 2 6 2 3 3 5 2 2 
1.11e+05 ; 4.273e-09 ; True ; 2 5 57 73 101 138 140 148 162 170 241 269 304 317 339 364  ; 2 3 2 6 3 3 2 5 2 2 
1.12e+05 ; 4.325e-09 ; True ; 2 36 57 73 106 133 138 139 170 241 269 304 317 339 341 394  ; 2 2 3 7 2 3 3 4 2 2 
1.12e+05 ; 4.492e-09 ; True ; 2 5 36 53 73 106 138 170 241 269 304 317 339 364 394 395  ; 2 2 2 7 3 3 2 5 2 3 
1.15e+05 ; 4.51e-09 ; True ; 2 32 36 43 57 73 101 133 149 162 170 241 269 304 317 339  ; 2 2 2 8 3 3 2 4 2 3 
1.16e+05 ; 4.533e-09 ; True ; 2 32 36 57 73 106 133 162 170 241 269 317 339 364 394 395  ; 2 2 2 8 3 3 3 4 2 2 
1.25e+05 ; 4.629e-09 ; True ; 2 13 57 106 138 139 162 170 241 269 304 317 328 339 364 394 395  ; 2 3 3 4 2 4 2 5 2 2 
1.26e+05 ; 6.061e-09 ; True ; 2 36 57 73 106 138 139 145 162 170 241 269 304 317 339 364 394  ; 2 3 3 6 2 3 2 6 3 2 
1.26e+05 ; 6.194e-09 ; True ; 2 36 57 73 106 138 139 162 170 241 269 304 317 339 364 394 395  ; 2 3 3 6 2 3 2 5 2 3 
1.26e+05 ; 6.408e-09 ; True ; 2 5 36 57 106 138 145 162 170 241 269 290 304 317 339 364 394  ; 2 3 2 6 3 3 2 7 2 3 
1.28e+05 ; 6.577e-09 ; True ; 2 5 36 53 73 106 133 138 162 170 225 241 269 304 317 339 341  ; 2 3 2 8 3 3 2 5 3 2 
1.3e+05 ; 6.687e-09 ; True ; 2 25 36 53 57 73 106 133 162 170 241 269 304 317 339 364 395  ; 3 2 2 7 3 3 2 5 2 3 
1.32e+05 ; 6.748e-09 ; True ; 2 32 36 53 57 73 106 133 162 170 241 269 317 339 364 394 395  ; 3 2 2 8 3 3 3 4 2 2 
1.42e+05 ; 7.544e-09 ; True ; 2 32 57 73 106 138 139 140 162 170 175 241 269 304 317 339 394 395  ; 2 4 3 5 3 2 2 5 2 3 
1.42e+05 ; 8.583e-09 ; True ; 2 14 36 57 73 106 133 138 162 170 241 269 304 317 339 341 364 394  ; 2 3 2 8 2 4 3 5 3 2 
1.43e+05 ; 8.932e-09 ; True ; 2 36 57 73 106 138 139 145 162 170 241 269 304 317 339 364 388 394  ; 2 3 3 6 2 3 3 6 3 2 
1.43e+05 ; 9.497e-09 ; True ; 2 25 36 57 73 106 133 138 162 170 241 269 304 317 330 339 364 394  ; 2 3 2 7 3 3 3 6 3 2 
1.44e+05 ; 9.855e-09 ; True ; 2 25 36 57 73 106 133 138 162 170 241 269 304 317 339 364 394 395  ; 2 3 2 7 3 3 3 6 2 3 
1.47e+05 ; 1.001e-08 ; True ; 2 25 36 53 57 73 106 133 162 170 241 269 304 317 339 364 394 395  ; 3 2 2 7 3 3 3 6 2 3 
1.49e+05 ; 1.006e-08 ; True ; 2 32 36 53 57 73 106 110 133 149 162 170 241 304 317 339 394 395  ; 2 3 2 8 3 3 3 5 2 3 
1.61e+05 ; 1.141e-08 ; True ; 2 36 57 73 106 138 139 140 162 170 241 269 304 317 339 341 378 394 395  ; 2 3 3 6 2 3 2 5 3 4 
1.61e+05 ; 1.288e-08 ; True ; 2 5 13 53 57 73 106 133 138 170 177 241 269 304 317 339 364 394 395  ; 3 2 2 8 3 4 3 5 3 2 
1.61e+05 ; 1.393e-08 ; True ; 2 25 36 57 73 106 133 138 162 170 241 269 304 317 330 339 364 394 395  ; 2 3 2 7 3 3 3 6 3 3 
1.62e+05 ; 1.467e-08 ; True ; 2 25 36 53 57 73 106 133 138 162 170 241 269 304 317 339 364 394 395  ; 3 3 2 7 3 3 3 6 2 3 
1.79e+05 ; 1.881e-08 ; True ; 2 5 13 45 53 57 73 106 133 138 170 177 241 269 304 317 339 364 394 395  ; 3 2 3 8 3 4 3 5 3 2 
1.79e+05 ; 1.888e-08 ; True ; 2 5 13 53 57 73 106 133 138 140 170 177 241 269 304 317 339 364 394 395  ; 3 2 2 8 3 4 3 5 3 3 
1.79e+05 ; 1.912e-08 ; True ; 2 25 36 53 57 73 106 133 138 162 170 241 254 269 304 317 339 364 394 395  ; 3 3 2 7 3 3 3 6 2 4 
1.81e+05 ; 2.073e-08 ; True ; 2 25 36 53 57 73 106 133 138 162 170 206 241 269 304 317 339 364 394 395  ; 3 3 2 7 3 3 3 6 3 3 

RUN 7:
Optimum Distance: 0

Optimal Team: 
Required Skills: 8 15 22 26 35 42 46 48 52 55 
Distance; Skill Score; isValid; Team; Skill Counts
1.1e+04 ; 2.676e-12 ; True ; 2 170 183 241 269 339  ; 1 1 1 2 1 1 1 2 1 1 
1.2e+04 ; 3.519e-12 ; True ; 2 36 170 241 269 339  ; 1 1 1 3 1 1 1 2 1 1 
1.401e+04 ; 3.529e-12 ; True ; 2 138 170 183 241 269 317  ; 1 1 1 2 2 1 1 1 1 1 
1.501e+04 ; 5.271e-12 ; True ; 2 138 170 241 269 317 340  ; 1 1 1 2 2 1 1 2 1 1 
1.6e+04 ; 6.879e-12 ; True ; 2 36 138 170 241 269 339  ; 1 2 1 3 1 1 1 2 1 1 
1.6e+04 ; 1.026e-11 ; True ; 2 170 183 241 269 317 339  ; 1 1 2 2 2 1 1 2 1 1 
1.7e+04 ; 1.35e-11 ; True ; 2 36 170 241 269 317 339  ; 1 1 2 3 2 1 1 2 1 1 
2.101e+04 ; 1.36e-11 ; True ; 2 138 170 177 241 269 317 344  ; 1 1 1 3 2 2 1 2 1 1 
2.101e+04 ; 2.006e-11 ; True ; 2 138 170 183 241 269 317 339  ; 1 2 2 2 2 1 1 2 1 1 
2.201e+04 ; 2.638e-11 ; True ; 2 36 138 170 241 269 317 339  ; 1 2 2 3 2 1 1 2 1 1 
2.201e+04 ; 2.648e-11 ; True ; 2 140 170 177 241 269 317 339  ; 1 1 2 3 2 2 1 2 1 1 
2.3e+04 ; 3.118e-11 ; True ; 2 36 170 177 241 269 317 339  ; 1 1 2 4 2 2 1 2 1 1 
2.4e+04 ; 3.627e-11 ; True ; 2 18 108 170 241 269 317 339  ; 1 1 2 4 2 2 1 3 1 1 
2.801e+04 ; 5.177e-11 ; True ; 2 138 170 177 183 241 269 317 339  ; 1 2 2 3 2 2 1 2 1 1 
2.901e+04 ; 6.095e-11 ; True ; 2 36 138 170 177 241 269 317 339  ; 1 2 2 4 2 2 1 2 1 1 
3.001e+04 ; 7.09e-11 ; True ; 2 18 36 138 170 241 269 317 339  ; 1 2 2 4 2 2 1 3 1 1 
3.1e+04 ; 7.127e-11 ; True ; 2 36 67 170 177 241 269 317 339  ; 1 1 2 4 2 2 2 3 1 1 
3.2e+04 ; 7.587e-11 ; True ; 2 18 108 112 170 241 269 317 339  ; 1 1 2 5 2 2 1 3 2 1 
3.2e+04 ; 7.922e-11 ; True ; 2 18 36 133 170 241 269 317 339  ; 1 1 2 5 2 2 2 3 1 1 
3.601e+04 ; 8.972e-11 ; True ; 2 138 140 170 177 241 269 317 339 364  ; 1 2 2 4 2 3 1 2 1 1 
3.701e+04 ; 9.973e-11 ; True ; 2 36 138 170 177 241 269 317 339 364  ; 1 2 2 5 2 3 1 2 1 1 
3.701e+04 ; 1.198e-10 ; True ; 2 133 138 140 170 241 269 317 339 364  ; 1 2 2 4 2 2 2 2 1 1 
3.801e+04 ; 1.393e-10 ; True ; 2 36 67 138 170 177 241 269 317 339  ; 1 2 2 4 2 2 2 3 1 1 
3.901e+04 ; 1.483e-10 ; True ; 2 18 108 112 138 170 241 269 317 339  ; 1 2 2 5 2 2 1 3 2 1 
4e+04 ; 1.548e-10 ; True ; 2 36 133 170 177 241 269 317 339 344  ; 1 1 2 5 2 2 2 3 1 2 
4.1e+04 ; 1.647e-10 ; True ; 2 18 36 56 108 170 241 269 317 339  ; 1 2 2 5 2 2 1 4 1 2 
4.3e+04 ; 1.656e-10 ; True ; 2 18 36 133 170 193 241 317 338 339  ; 1 2 2 5 2 2 2 4 1 1 
4.601e+04 ; 2.04e-10 ; True ; 2 138 170 177 183 241 269 317 339 344 364  ; 1 2 2 4 2 3 1 3 1 2 
4.601e+04 ; 2.058e-10 ; True ; 2 5 138 140 170 177 241 269 291 317 339  ; 1 2 2 4 3 2 2 3 1 1 
4.701e+04 ; 2.105e-10 ; True ; 2 36 133 138 170 177 241 269 317 339 364  ; 1 2 2 6 2 3 2 2 1 1 
4.701e+04 ; 2.723e-10 ; True ; 2 133 138 170 177 183 241 269 317 339 344  ; 1 2 2 4 2 2 2 3 1 2 
4.801e+04 ; 2.911e-10 ; True ; 2 36 67 138 170 177 241 269 317 339 344  ; 1 2 2 4 2 2 2 4 1 2 
4.801e+04 ; 2.914e-10 ; True ; 2 36 67 112 138 170 177 241 269 317 339  ; 1 2 2 5 2 2 2 3 2 1 
4.901e+04 ; 3.13e-10 ; True ; 2 18 108 112 133 138 170 241 269 317 339  ; 1 2 2 6 2 2 2 3 2 1 
5.2e+04 ; 3.252e-10 ; True ; 2 18 36 108 133 170 175 241 311 317 339  ; 1 2 2 6 2 2 2 3 1 2 
5.3e+04 ; 3.34e-10 ; True ; 2 18 36 133 170 193 241 311 317 339 344  ; 1 2 2 5 2 2 2 5 1 2 
5.601e+04 ; 3.873e-10 ; True ; 2 5 138 140 170 177 241 269 291 295 317 339  ; 1 2 2 4 3 2 2 3 2 1 
5.701e+04 ; 4.455e-10 ; True ; 2 133 138 170 177 183 241 269 317 339 340 364  ; 1 2 2 5 2 3 2 3 1 2 
5.801e+04 ; 4.763e-10 ; True ; 2 36 67 138 170 177 241 269 317 339 344 364  ; 1 2 2 5 2 3 2 4 1 2 
5.801e+04 ; 5.123e-10 ; True ; 2 112 138 170 183 241 269 317 339 344 364 366  ; 1 2 2 4 2 2 2 3 2 2 
5.901e+04 ; 5.478e-10 ; True ; 2 36 138 145 170 177 241 269 317 339 344 366  ; 1 2 2 4 2 2 2 4 2 2 
5.901e+04 ; 5.695e-10 ; True ; 2 36 101 112 138 170 241 269 317 339 344 366  ; 1 2 2 5 2 2 2 3 2 2 
5.901e+04 ; 6.152e-10 ; True ; 2 36 56 57 112 170 177 241 269 317 339 344  ; 2 2 2 5 2 2 1 4 2 2 
6.1e+04 ; 6.424e-10 ; True ; 2 18 36 43 56 57 133 170 241 269 317 339  ; 2 2 2 5 2 2 2 4 1 2 
6.1e+04 ; 6.542e-10 ; True ; 2 18 36 56 108 112 170 241 269 317 339 366  ; 1 2 2 6 2 2 2 4 2 2 
6.901e+04 ; 6.582e-10 ; True ; 2 32 138 170 177 183 241 269 317 339 344 364 366  ; 1 2 2 5 3 3 2 3 1 2 
6.901e+04 ; 6.658e-10 ; True ; 2 32 36 56 57 138 170 177 241 269 317 339 366  ; 2 3 2 5 3 2 2 3 1 1 
7.001e+04 ; 8.382e-10 ; True ; 2 36 138 170 177 241 269 317 324 339 344 364 366  ; 1 2 2 5 2 3 2 3 2 2 
7.001e+04 ; 9.006e-10 ; True ; 2 36 101 112 138 170 177 241 269 291 317 339 340  ; 1 2 2 6 2 3 2 3 2 2 
7.001e+04 ; 9.18e-10 ; True ; 2 32 36 56 57 112 170 177 241 269 317 339 366  ; 2 2 2 6 3 2 2 3 2 1 
7.101e+04 ; 9.491e-10 ; True ; 2 5 53 108 138 170 177 241 269 317 339 344 366  ; 2 2 2 5 3 2 2 4 1 2 
7.101e+04 ; 1.13e-09 ; True ; 2 36 57 133 138 170 241 269 306 317 339 344 364  ; 2 2 2 5 2 2 2 3 2 2 
8.001e+04 ; 1.252e-09 ; True ; 2 32 56 57 138 170 177 241 254 269 317 339 344 366  ; 2 3 2 4 3 2 2 4 1 2 
8.201e+04 ; 1.292e-09 ; True ; 2 5 56 57 138 140 170 177 241 269 317 339 344 366  ; 2 3 2 4 3 2 2 5 1 2 
8.201e+04 ; 1.392e-09 ; True ; 2 32 36 56 57 138 170 177 241 269 317 339 344 366  ; 2 3 2 5 3 2 2 4 1 2 
8.201e+04 ; 1.432e-09 ; True ; 2 32 36 56 57 112 170 177 217 241 269 317 339 344  ; 2 3 2 6 3 2 1 4 2 2 
8.301e+04 ; 1.485e-09 ; True ; 2 133 138 170 177 183 187 241 269 311 317 339 340 390  ; 2 2 3 4 2 2 2 3 2 2 
8.301e+04 ; 1.786e-09 ; True ; 2 5 53 108 138 170 177 241 269 295 317 339 344 366  ; 2 2 2 5 3 2 2 4 2 2 
8.501e+04 ; 1.871e-09 ; True ; 2 5 36 56 57 170 177 222 241 269 317 339 340 394  ; 2 2 2 5 3 2 2 6 2 2 
8.501e+04 ; 2.009e-09 ; True ; 2 18 36 53 56 108 112 170 177 241 269 317 339 366  ; 2 2 2 7 2 3 2 4 2 2 
8.501e+04 ; 2.01e-09 ; True ; 2 5 18 36 56 57 112 170 241 269 317 339 344 366  ; 2 2 2 6 3 2 2 6 2 2 
9.501e+04 ; 2.618e-09 ; True ; 2 32 56 57 112 138 170 177 241 269 317 339 344 366 395  ; 2 3 2 5 3 2 2 4 2 2 
9.601e+04 ; 2.813e-09 ; True ; 2 32 36 56 57 112 170 177 217 241 269 300 317 339 344  ; 2 3 2 6 3 2 2 4 2 2 
9.701e+04 ; 2.903e-09 ; True ; 2 5 36 56 57 133 138 170 177 187 241 269 317 339 344  ; 2 3 2 6 3 2 2 5 2 2 
9.901e+04 ; 2.969e-09 ; True ; 2 5 36 43 56 57 133 170 177 241 269 317 339 364 379  ; 2 2 2 7 3 3 2 4 2 2 
1.08e+05 ; 3.441e-09 ; True ; 0 2 32 36 56 57 75 170 217 241 269 306 317 339 340 366  ; 2 3 3 4 3 2 2 4 2 2 
1.11e+05 ; 3.604e-09 ; True ; 2 32 57 87 138 140 170 177 231 241 269 317 339 344 364 366  ; 2 2 2 5 3 3 2 3 2 3 
1.11e+05 ; 4.141e-09 ; True ; 2 32 36 56 138 170 177 211 231 241 269 317 339 344 364 366  ; 2 3 2 6 3 3 2 4 2 2 
1.11e+05 ; 4.273e-09 ; True ; 2 32 36 56 57 68 112 170 177 217 241 269 317 339 344 366  ; 2 3 2 6 3 3 2 5 2 2 
1.13e+05 ; 4.375e-09 ; True ; 2 32 36 56 57 133 170 177 231 241 269 317 339 344 364 366  ; 2 2 2 7 3 3 3 4 2 2 
1.25e+05 ; 5.145e-09 ; True ; 2 32 36 56 57 138 170 177 217 232 241 269 306 317 339 344 366  ; 2 4 3 5 3 2 2 5 2 2 
1.25e+05 ; 5.184e-09 ; True ; 0 2 5 56 57 75 87 149 170 177 241 269 317 339 344 366 378  ; 2 2 3 5 3 4 2 5 2 2 
1.26e+05 ; 5.549e-09 ; True ; 2 5 36 56 57 112 138 170 177 217 241 269 317 339 340 366 395  ; 2 4 2 6 3 2 2 5 2 3 
1.26e+05 ; 5.612e-09 ; True ; 2 5 36 56 57 138 170 177 217 241 269 306 317 339 344 366 373  ; 2 4 3 6 3 2 2 6 2 2 
1.27e+05 ; 5.839e-09 ; True ; 0 2 5 56 57 87 148 149 170 177 241 269 317 339 344 366 378  ; 2 2 3 5 3 3 3 5 2 2 
1.28e+05 ; 6.273e-09 ; True ; 2 5 36 56 57 133 138 170 177 187 241 269 317 339 344 366 395  ; 2 3 2 6 3 2 3 5 2 3 
1.28e+05 ; 6.323e-09 ; True ; 2 32 36 56 57 112 149 170 177 214 241 269 306 317 339 344 366  ; 2 2 3 7 3 3 2 5 3 2 
1.28e+05 ; 6.337e-09 ; True ; 0 2 5 36 56 57 101 170 177 241 269 306 317 339 340 344 366  ; 2 2 3 6 3 3 2 6 2 3 
1.29e+05 ; 6.455e-09 ; True ; 2 5 36 56 57 112 149 170 177 241 269 317 338 339 366 391 395  ; 3 2 3 7 3 3 2 4 2 2 
1.29e+05 ; 6.561e-09 ; True ; 2 5 16 36 56 57 120 170 177 217 222 241 269 317 339 344 364  ; 2 3 3 7 3 3 2 5 2 2 
1.4e+05 ; 6.818e-09 ; True ; 2 5 32 56 57 87 138 170 177 217 241 269 291 306 317 339 344 366  ; 2 4 2 5 4 2 3 5 2 2 
1.4e+05 ; 7.366e-09 ; True ; 0 2 32 36 56 57 75 159 170 177 217 241 269 306 317 339 344 366  ; 2 3 3 5 3 4 2 4 2 2 
1.41e+05 ; 7.438e-09 ; True ; 0 2 5 56 57 67 75 87 149 170 177 241 269 306 317 339 340 378  ; 2 2 3 5 3 4 2 6 3 2 
1.42e+05 ; 8.261e-09 ; True ; 2 18 32 36 56 57 138 170 177 217 232 241 269 306 317 339 344 366  ; 2 4 3 6 3 3 2 6 2 2 
1.43e+05 ; 8.292e-09 ; True ; 0 2 5 36 56 57 75 101 170 177 241 269 306 317 339 340 344 366  ; 2 2 3 6 3 4 2 6 2 3 
1.44e+05 ; 9.092e-09 ; True ; 2 5 36 56 57 112 138 170 177 187 241 269 304 317 338 339 344 366  ; 3 3 2 6 3 2 2 6 3 3 
1.45e+05 ; 9.151e-09 ; True ; 2 5 36 56 57 87 149 170 177 206 217 241 269 317 339 344 366 390  ; 2 3 3 6 3 3 2 5 2 3 
1.45e+05 ; 9.465e-09 ; True ; 2 5 36 56 57 112 149 170 177 217 241 269 317 338 339 366 391 395  ; 3 3 3 7 3 3 2 4 2 2 
1.46e+05 ; 9.917e-09 ; True ; 2 5 36 56 57 112 149 170 177 211 241 269 304 317 339 344 366 390  ; 3 2 3 7 3 3 2 6 2 3 
1.57e+05 ; 1.091e-08 ; True ; 0 2 5 56 57 67 75 87 149 170 177 217 241 269 306 317 339 340 378  ; 2 3 3 5 3 4 2 6 3 2 
1.6e+05 ; 1.154e-08 ; True ; 2 5 36 56 57 112 138 159 170 177 217 241 269 295 317 339 344 366 395  ; 2 4 2 6 3 3 2 5 3 3 
1.61e+05 ; 1.172e-08 ; True ; 0 2 5 36 56 57 75 101 170 177 241 269 306 317 339 340 344 366 378  ; 2 2 3 6 3 4 2 6 3 3 
1.61e+05 ; 1.195e-08 ; True ; 2 5 36 56 57 149 170 177 217 241 269 291 306 317 339 344 366 390 391  ; 2 3 4 6 3 3 3 5 2 2 
1.62e+05 ; 1.349e-08 ; True ; 2 5 36 56 57 112 149 170 177 217 231 241 269 291 317 338 339 366 395  ; 3 3 2 7 3 3 3 4 3 2 
1.63e+05 ; 1.432e-08 ; True ; 2 5 36 56 57 112 149 170 177 217 241 269 317 338 339 344 366 391 395  ; 3 3 3 7 3 3 2 5 2 3 
1.79e+05 ; 1.437e-08 ; True ; 0 2 5 36 56 57 75 101 159 170 177 241 269 306 317 339 340 344 366 378  ; 2 2 3 6 3 5 2 6 3 3 
1.8e+05 ; 1.744e-08 ; True ; 0 2 5 36 56 57 75 101 170 177 211 241 269 306 317 339 340 344 366 378  ; 3 2 3 6 3 4 2 6 3 3 
1.81e+05 ; 1.793e-08 ; True ; 2 5 36 56 57 112 149 170 177 211 217 222 241 269 317 339 344 366 390 391  ; 3 3 4 7 3 3 2 5 3 2 

RUN 8:
Optimum Distance: 0

Optimal Team: 
Required Skills: 8 15 22 26 35 42 46 48 52 55 
Distance; Skill Score; isValid; Team; Skill Counts
1.1e+04 ; 2.676e-12 ; True ; 2 170 183 241 269 339  ; 1 1 1 2 1 1 1 2 1 1 
1.2e+04 ; 3.519e-12 ; True ; 2 108 170 241 269 339  ; 1 1 1 3 1 1 1 2 1 1 
1.401e+04 ; 3.529e-12 ; True ; 2 138 170 241 254 269 317  ; 1 1 1 2 2 1 1 1 1 1 
1.501e+04 ; 5.271e-12 ; True ; 2 138 170 241 269 304 317  ; 1 1 1 2 2 1 1 2 1 1 
1.6e+04 ; 6.084e-12 ; True ; 2 138 170 241 269 339 340  ; 1 2 1 2 1 1 1 3 1 1 
1.6e+04 ; 6.879e-12 ; True ; 2 108 138 170 241 269 339  ; 1 2 1 3 1 1 1 2 1 1 
1.6e+04 ; 1.026e-11 ; True ; 2 170 183 241 269 317 339  ; 1 1 2 2 2 1 1 2 1 1 
1.7e+04 ; 1.35e-11 ; True ; 2 36 170 241 269 317 339  ; 1 1 2 3 2 1 1 2 1 1 
2.101e+04 ; 2.006e-11 ; True ; 2 138 170 183 241 269 317 339  ; 1 2 2 2 2 1 1 2 1 1 
2.201e+04 ; 2.638e-11 ; True ; 2 108 138 170 241 269 317 339  ; 1 2 2 3 2 1 1 2 1 1 
2.3e+04 ; 2.652e-11 ; True ; 2 41 43 170 241 269 317 339  ; 1 1 2 3 2 1 2 2 1 1 
2.4e+04 ; 3.118e-11 ; True ; 101 108 112 170 241 269 317 339  ; 1 1 2 4 2 2 1 2 1 1 
2.4e+04 ; 3.627e-11 ; True ; 2 18 108 170 241 269 317 339  ; 1 1 2 4 2 2 1 3 1 1 
2.901e+04 ; 3.937e-11 ; True ; 1 101 115 138 170 241 269 317 339  ; 1 2 2 2 2 2 1 2 1 1 
2.901e+04 ; 5.177e-11 ; True ; 2 138 170 177 241 269 290 317 339  ; 1 2 2 3 2 2 1 2 1 1 
2.901e+04 ; 6.095e-11 ; True ; 2 108 138 170 241 269 317 339 364  ; 1 2 2 4 2 2 1 2 1 1 
3.001e+04 ; 6.103e-11 ; True ; 2 41 108 138 170 241 269 317 339  ; 1 2 2 4 2 1 2 2 1 1 
3.1e+04 ; 7.09e-11 ; True ; 18 108 112 138 170 241 269 317 339  ; 1 2 2 4 2 2 1 3 1 1 
3.2e+04 ; 7.127e-11 ; True ; 41 101 112 170 241 269 304 317 339  ; 1 1 2 4 2 2 2 3 1 1 
3.4e+04 ; 7.62e-11 ; True ; 2 18 108 170 211 241 317 339 394  ; 1 1 2 4 2 2 2 4 1 1 
3.501e+04 ; 8.829e-11 ; True ; 56 101 112 138 170 241 254 269 317 339  ; 1 3 2 3 2 2 1 3 1 1 
3.501e+04 ; 9.741e-11 ; True ; 1 101 112 138 170 241 254 269 317 339  ; 1 2 2 3 2 2 1 2 2 1 
3.601e+04 ; 1.147e-10 ; True ; 1 101 108 112 138 170 241 269 317 339  ; 1 2 2 4 2 2 1 2 2 1 
3.701e+04 ; 1.191e-10 ; True ; 101 108 112 138 170 241 254 269 317 339  ; 1 2 2 4 2 2 1 2 1 2 
3.701e+04 ; 1.198e-10 ; True ; 2 41 101 138 170 241 254 269 317 339  ; 1 2 2 4 2 2 2 2 1 1 
3.701e+04 ; 1.334e-10 ; True ; 1 56 101 108 112 170 241 269 317 339  ; 1 2 2 4 2 2 1 3 2 1 
3.801e+04 ; 1.393e-10 ; True ; 41 56 101 112 170 241 254 269 317 339  ; 1 2 2 4 2 2 2 3 1 1 
3.901e+04 ; 1.483e-10 ; True ; 2 56 101 108 112 170 241 269 317 339  ; 1 2 2 5 2 2 1 3 2 1 
4e+04 ; 1.491e-10 ; True ; 2 41 101 112 170 241 269 317 339 344  ; 1 1 2 5 2 2 2 3 2 1 
4e+04 ; 1.548e-10 ; True ; 41 56 101 108 112 170 241 269 317 339  ; 1 2 2 5 2 2 2 3 1 1 
4.3e+04 ; 1.656e-10 ; True ; 2 18 108 133 170 241 304 317 338 339  ; 1 1 2 5 2 2 2 4 1 2 
4.301e+04 ; 1.661e-10 ; True ; 1 56 101 112 138 170 241 254 269 317 339  ; 1 3 2 3 2 2 1 3 2 1 
4.401e+04 ; 1.956e-10 ; True ; 2 56 101 112 138 170 241 254 269 317 339  ; 1 3 2 4 2 2 1 3 2 1 
4.401e+04 ; 2.242e-10 ; True ; 1 101 108 112 138 170 241 254 269 317 339  ; 1 2 2 4 2 2 1 2 2 2 
4.501e+04 ; 2.253e-10 ; True ; 1 41 101 112 138 170 241 254 269 317 339  ; 1 2 2 4 2 2 2 2 2 1 
4.601e+04 ; 2.341e-10 ; True ; 1 41 101 108 138 170 241 254 269 317 339  ; 1 2 2 4 2 2 2 2 1 2 
4.601e+04 ; 2.648e-10 ; True ; 2 56 57 101 112 170 241 254 269 317 339  ; 2 2 2 4 2 2 1 3 2 1 
4.701e+04 ; 2.723e-10 ; True ; 41 101 112 138 170 241 254 269 317 339 344  ; 1 2 2 4 2 2 2 3 1 2 
4.701e+04 ; 2.914e-10 ; True ; 1 41 56 101 108 112 170 241 269 317 339  ; 1 2 2 5 2 2 2 3 2 1 
4.801e+04 ; 3.027e-10 ; True ; 41 56 101 108 112 170 241 254 269 317 339  ; 1 2 2 5 2 2 2 3 1 2 
4.901e+04 ; 3.13e-10 ; True ; 2 41 56 101 108 112 170 241 269 317 339  ; 1 2 2 6 2 2 2 3 2 1 
5e+04 ; 3.236e-10 ; True ; 41 56 101 108 112 170 241 269 317 339 344  ; 1 2 2 5 2 2 2 4 1 2 
5.401e+04 ; 3.49e-10 ; True ; 1 56 101 112 138 170 241 254 269 317 339 394  ; 1 3 2 3 2 2 2 4 2 1 
5.501e+04 ; 3.687e-10 ; True ; 1 41 101 112 138 170 241 254 269 317 339 364  ; 1 2 2 5 2 3 2 2 2 1 
5.601e+04 ; 4.266e-10 ; True ; 1 101 108 112 138 170 241 269 317 339 344 364  ; 1 2 2 5 2 3 1 3 2 2 
5.601e+04 ; 4.473e-10 ; True ; 1 41 57 101 112 138 170 241 254 269 317 339  ; 2 2 2 4 2 2 2 2 2 1 
5.601e+04 ; 4.653e-10 ; True ; 1 67 101 112 138 170 241 254 269 317 339 344  ; 1 2 2 3 2 2 2 4 2 2 
5.601e+04 ; 5.203e-10 ; True ; 1 41 56 57 101 112 170 241 254 269 317 339  ; 2 2 2 4 2 2 2 3 2 1 
5.601e+04 ; 5.695e-10 ; True ; 1 41 56 101 108 112 170 241 254 269 317 339  ; 1 2 2 5 2 2 2 3 2 2 
5.801e+04 ; 6.09e-10 ; True ; 1 41 56 101 108 112 170 241 269 317 339 344  ; 1 2 2 5 2 2 2 4 2 2 
5.901e+04 ; 6.184e-10 ; True ; 2 41 56 57 101 112 170 241 269 317 339 344  ; 2 2 2 5 2 2 2 4 2 1 
6.1e+04 ; 6.184e-10 ; True ; 2 57 67 101 108 112 170 241 269 317 339 344  ; 2 1 2 5 2 2 2 4 2 2 
6.2e+04 ; 6.424e-10 ; True ; 2 41 53 101 108 170 226 241 269 317 339 344  ; 2 2 2 5 2 2 2 4 1 2 
6.501e+04 ; 7.628e-10 ; True ; 1 41 56 57 101 112 138 170 241 254 269 317 339  ; 2 3 2 4 2 2 2 3 2 1 
6.601e+04 ; 8.033e-10 ; True ; 1 41 56 101 112 138 170 241 254 269 317 339 344  ; 1 3 2 4 2 2 2 4 2 2 
6.701e+04 ; 8.382e-10 ; True ; 1 41 101 112 138 170 241 254 269 317 339 344 364  ; 1 2 2 5 2 3 2 3 2 2 
6.701e+04 ; 8.473e-10 ; True ; 41 56 57 101 112 138 170 241 254 269 317 339 344  ; 2 3 2 4 2 2 2 4 1 2 
6.701e+04 ; 1.13e-09 ; True ; 1 41 56 57 101 108 112 170 241 254 269 317 339  ; 2 2 2 5 2 2 2 3 2 2 
7.101e+04 ; 1.214e-09 ; True ; 2 36 41 57 101 112 138 170 241 269 317 339 344  ; 2 2 2 6 2 2 2 3 2 2 
7.701e+04 ; 1.248e-09 ; True ; 1 41 56 57 101 112 138 170 241 254 269 317 339 364  ; 2 3 2 5 2 3 2 3 2 1 
7.701e+04 ; 1.276e-09 ; True ; 1 41 56 57 101 112 170 241 254 269 317 330 339 373  ; 2 2 3 5 2 2 2 4 3 1 
7.801e+04 ; 1.314e-09 ; True ; 1 41 56 101 112 138 170 241 254 269 317 339 344 364  ; 1 3 2 5 2 3 2 4 2 2 
7.801e+04 ; 1.594e-09 ; True ; 1 41 56 57 101 112 138 170 241 254 269 317 339 344  ; 2 3 2 4 2 2 2 4 2 2 
7.901e+04 ; 1.602e-09 ; True ; 1 41 56 57 101 108 170 241 254 269 317 330 339 394  ; 2 2 2 4 2 2 3 4 2 2 
8.001e+04 ; 1.67e-09 ; True ; 1 20 41 57 101 112 138 170 241 254 269 317 339 344  ; 2 2 2 5 3 2 2 3 2 2 
8.001e+04 ; 1.897e-09 ; True ; 1 41 56 57 101 108 112 170 241 254 269 317 339 373  ; 2 2 3 6 2 2 2 4 2 2 
8.401e+04 ; 1.957e-09 ; True ; 1 41 57 101 108 112 170 226 241 269 317 339 344 373  ; 2 2 3 6 2 2 2 5 2 2 
9e+04 ; 1.994e-09 ; True ; 2 36 41 57 108 112 193 241 269 317 339 364 373 394  ; 2 2 3 7 2 2 2 4 2 2 
9.101e+04 ; 2.356e-09 ; True ; 20 56 57 112 138 170 241 254 269 317 330 339 364 394 395  ; 2 3 2 4 3 2 2 4 2 2 
9.101e+04 ; 2.431e-09 ; True ; 1 20 56 57 101 112 138 170 241 254 269 317 339 344 394  ; 2 3 2 4 3 2 2 5 2 2 
9.101e+04 ; 2.449e-09 ; True ; 1 32 41 56 57 101 112 138 170 241 254 269 317 339 395  ; 2 3 2 5 3 2 2 3 2 2 
9.201e+04 ; 2.672e-09 ; True ; 1 41 56 57 101 112 138 170 241 254 269 317 339 344 373  ; 2 3 3 5 2 2 2 5 2 2 
9.301e+04 ; 2.781e-09 ; True ; 1 41 56 57 108 112 138 170 241 254 269 317 339 364 373  ; 2 3 3 6 2 2 2 4 2 2 
9.301e+04 ; 2.946e-09 ; True ; 1 20 41 56 57 101 108 112 170 241 254 269 317 339 373  ; 2 2 3 7 3 2 2 4 2 2 
1e+05 ; 3.052e-09 ; True ; 2 36 41 57 101 108 112 162 170 241 269 317 339 344 364  ; 2 2 2 8 2 3 2 4 2 3 
1.05e+05 ; 3.078e-09 ; True ; 1 20 56 57 101 112 138 170 241 254 269 317 339 364 373 395  ; 2 3 3 6 3 3 1 4 2 2 
1.05e+05 ; 3.637e-09 ; True ; 1 20 56 57 101 112 124 138 170 241 254 269 317 339 344 394  ; 2 3 2 4 3 2 3 6 2 2 
1.06e+05 ; 3.932e-09 ; True ; 1 6 56 57 101 112 138 170 241 254 269 317 339 344 364 373  ; 2 3 3 5 2 3 2 5 2 2 
1.08e+05 ; 3.945e-09 ; True ; 1 41 57 101 112 138 170 241 254 269 317 329 339 344 364 373  ; 2 2 3 6 2 3 2 4 3 2 
1.08e+05 ; 4.125e-09 ; True ; 1 20 57 101 112 138 170 241 254 269 317 339 364 373 394 395  ; 2 2 3 6 3 3 2 4 2 2 
1.08e+05 ; 4.336e-09 ; True ; 1 20 41 57 101 112 138 170 241 254 269 317 339 344 364 373  ; 2 2 3 7 3 3 2 4 2 2 
1.09e+05 ; 4.441e-09 ; True ; 1 41 56 57 101 108 112 170 241 254 269 317 339 344 364 373  ; 2 2 3 7 2 3 2 5 2 3 
1.11e+05 ; 4.493e-09 ; True ; 1 4 20 41 57 101 108 112 170 241 269 317 339 344 364 373  ; 2 2 3 8 3 3 2 4 2 2 
1.14e+05 ; 4.574e-09 ; True ; 2 36 41 57 101 108 112 170 175 241 269 317 339 344 364 373  ; 2 2 3 9 2 3 2 4 2 3 
1.2e+05 ; 5.68e-09 ; True ; 1 20 56 57 101 112 124 138 170 241 254 269 317 339 364 366 395  ; 2 3 2 5 3 3 3 4 2 2 
1.21e+05 ; 6.337e-09 ; True ; 1 20 56 57 101 112 138 170 241 254 269 317 339 344 364 373 394  ; 2 3 3 6 3 3 2 6 2 2 
1.24e+05 ; 6.358e-09 ; True ; 1 20 56 57 101 108 112 170 241 254 269 317 339 364 366 373 395  ; 2 2 3 7 3 3 2 4 2 3 
1.29e+05 ; 6.545e-09 ; True ; 36 41 57 101 112 138 170 175 241 251 269 317 339 344 364 373 394  ; 2 3 3 7 2 3 3 5 2 2 
1.34e+05 ; 6.621e-09 ; True ; 36 41 57 101 106 112 134 170 175 203 211 241 317 318 339 373 394  ; 2 2 3 8 3 3 3 4 2 2 
1.34e+05 ; 8.82e-09 ; True ; 1 20 56 57 101 112 138 170 241 254 269 317 330 339 364 373 394 395  ; 2 3 3 6 3 3 2 5 3 2 
1.37e+05 ; 9.198e-09 ; True ; 1 20 56 57 101 112 124 138 170 241 254 269 317 339 364 366 373 395  ; 2 3 3 6 3 3 3 5 2 2 
1.47e+05 ; 9.356e-09 ; True ; 1 36 41 57 101 106 112 134 170 175 203 211 241 317 318 339 373 394  ; 2 2 3 8 3 3 3 4 3 2 
1.53e+05 ; 9.817e-09 ; True ; 1 20 56 57 101 112 124 138 168 170 241 254 269 317 339 364 373 394 395  ; 2 3 3 7 3 3 3 6 2 2 
1.55e+05 ; 1.369e-08 ; True ; 1 20 53 56 57 101 112 124 138 170 241 254 269 317 339 364 366 373 395  ; 3 3 3 6 3 3 3 5 2 2 
1.65e+05 ; 1.379e-08 ; True ; 1 41 56 57 101 108 134 159 170 203 211 226 241 317 318 339 344 373 394  ; 2 3 3 6 3 3 3 7 2 3 
1.75e+05 ; 1.666e-08 ; True ; 1 20 41 56 57 101 112 170 193 241 254 269 311 317 330 339 364 369 394 395  ; 3 3 2 6 3 3 3 5 4 2 
1.81e+05 ; 1.752e-08 ; True ; 1 41 53 56 96 101 106 134 170 175 203 241 254 269 317 318 339 373 394 395  ; 2 3 4 6 3 3 3 5 2 3 
1.83e+05 ; 1.774e-08 ; True ; 1 20 56 57 101 148 149 170 175 231 241 269 310 317 339 344 366 369 373 395  ; 2 3 3 5 3 3 3 5 3 3 
1.86e+05 ; 1.778e-08 ; True ; 1 41 46 57 96 101 106 134 170 175 203 211 226 241 317 318 339 344 373 394  ; 2 3 4 6 3 3 3 6 2 3 

RUN 9:
Optimum Distance: 0

Optimal Team: 
Required Skills: 8 15 22 26 35 42 46 48 52 55 
Distance; Skill Score; isValid; Team; Skill Counts
1.1e+04 ; 2.676e-12 ; True ; 2 170 183 241 269 339  ; 1 1 1 2 1 1 1 2 1 1 
1.2e+04 ; 3.519e-12 ; True ; 2 108 170 241 269 339  ; 1 1 1 3 1 1 1 2 1 1 
1.401e+04 ; 3.529e-12 ; True ; 2 138 170 183 241 269 317  ; 1 1 1 2 2 1 1 1 1 1 
1.501e+04 ; 5.271e-12 ; True ; 2 138 170 241 269 304 317  ; 1 1 1 2 2 1 1 2 1 1 
1.6e+04 ; 6.879e-12 ; True ; 2 108 138 170 241 269 339  ; 1 2 1 3 1 1 1 2 1 1 
1.6e+04 ; 1.026e-11 ; True ; 2 170 183 241 269 317 339  ; 1 1 2 2 2 1 1 2 1 1 
1.7e+04 ; 1.35e-11 ; True ; 2 108 170 241 269 317 339  ; 1 1 2 3 2 1 1 2 1 1 
2.101e+04 ; 1.36e-11 ; True ; 2 138 170 177 241 269 317 340  ; 1 1 1 3 2 2 1 2 1 1 
2.101e+04 ; 2.006e-11 ; True ; 2 138 170 183 241 269 317 339  ; 1 2 2 2 2 1 1 2 1 1 
2.201e+04 ; 2.334e-11 ; True ; 2 138 170 241 269 317 339 340  ; 1 2 2 2 2 1 1 3 1 1 
2.201e+04 ; 2.638e-11 ; True ; 2 108 138 170 241 269 317 339  ; 1 2 2 3 2 1 1 2 1 1 
2.201e+04 ; 2.648e-11 ; True ; 2 140 170 177 241 269 317 339  ; 1 1 2 3 2 2 1 2 1 1 
2.3e+04 ; 3.081e-11 ; True ; 2 170 177 241 269 317 339 340  ; 1 1 2 3 2 2 1 3 1 1 
2.3e+04 ; 3.118e-11 ; True ; 2 36 170 177 241 269 317 339  ; 1 1 2 4 2 2 1 2 1 1 
2.4e+04 ; 3.627e-11 ; True ; 2 18 108 170 241 269 317 339  ; 1 1 2 4 2 2 1 3 1 1 
2.801e+04 ; 5.177e-11 ; True ; 2 138 140 170 177 241 269 317 339  ; 1 2 2 3 2 2 1 2 1 1 
2.901e+04 ; 6.022e-11 ; True ; 2 138 170 177 241 269 317 339 340  ; 1 2 2 3 2 2 1 3 1 1 
2.901e+04 ; 6.095e-11 ; True ; 2 36 138 170 241 269 317 339 364  ; 1 2 2 4 2 2 1 2 1 1 
3.001e+04 ; 6.439e-11 ; True ; 2 18 138 170 241 269 317 339 340  ; 1 2 2 3 2 2 1 4 1 1 
3.1e+04 ; 7.127e-11 ; True ; 2 41 170 177 241 269 304 317 339  ; 1 1 2 4 2 2 2 3 1 1 
3.2e+04 ; 7.2e-11 ; True ; 2 18 57 108 170 241 269 317 339  ; 2 1 2 4 2 2 1 3 1 1 
3.2e+04 ; 7.922e-11 ; True ; 2 18 108 133 170 241 269 317 339  ; 1 1 2 5 2 2 2 3 1 1 
3.501e+04 ; 9.741e-11 ; True ; 2 101 138 170 241 254 269 317 330 339  ; 1 2 2 3 2 2 1 2 2 1 
3.701e+04 ; 1.198e-10 ; True ; 2 41 43 138 170 177 241 269 317 339  ; 1 2 2 4 2 2 2 2 1 1 
3.801e+04 ; 1.393e-10 ; True ; 2 41 138 170 177 241 269 304 317 339  ; 1 2 2 4 2 2 2 3 1 1 
3.901e+04 ; 1.407e-10 ; True ; 2 18 57 108 138 170 241 269 317 339  ; 2 2 2 4 2 2 1 3 1 1 
4e+04 ; 1.548e-10 ; True ; 2 56 108 133 170 177 241 269 317 339  ; 1 2 2 5 2 2 2 3 1 1 
4.1e+04 ; 1.656e-10 ; True ; 2 18 108 133 170 241 269 304 317 339  ; 1 1 2 5 2 2 2 4 1 2 
4.501e+04 ; 2.226e-10 ; True ; 2 101 124 138 170 241 254 269 317 330 339  ; 1 2 2 3 2 2 2 3 2 1 
4.601e+04 ; 2.253e-10 ; True ; 2 41 138 170 177 183 241 269 317 329 339  ; 1 2 2 4 2 2 2 2 2 1 
4.701e+04 ; 2.602e-10 ; True ; 2 41 43 108 138 170 241 269 317 339 364  ; 1 2 2 5 2 2 2 2 1 2 
4.801e+04 ; 2.621e-10 ; True ; 2 41 138 170 177 241 269 304 306 317 339  ; 1 2 2 4 2 2 2 3 2 1 
4.801e+04 ; 2.723e-10 ; True ; 41 43 101 112 138 170 241 269 304 317 339  ; 1 2 2 4 2 2 2 3 1 2 
4.801e+04 ; 2.765e-10 ; True ; 2 41 57 138 170 241 269 304 317 339 364  ; 2 2 2 4 2 2 2 3 1 1 
4.901e+04 ; 2.941e-10 ; True ; 2 18 57 108 138 170 241 269 304 317 339  ; 2 2 2 4 2 2 1 4 1 2 
4.901e+04 ; 3.115e-10 ; True ; 2 41 101 112 162 170 241 269 304 317 339  ; 1 2 2 5 2 2 2 4 2 1 
5e+04 ; 3.236e-10 ; True ; 2 56 108 133 170 177 241 269 304 317 339  ; 1 2 2 5 2 2 2 4 1 2 
5.601e+04 ; 3.443e-10 ; True ; 41 43 56 57 138 170 241 269 317 330 339 364  ; 2 3 2 3 2 2 2 3 1 1 
5.601e+04 ; 4.473e-10 ; True ; 2 41 57 138 170 241 254 269 317 330 339 364  ; 2 2 2 4 2 2 2 2 2 1 
5.701e+04 ; 4.646e-10 ; True ; 2 41 43 57 138 140 170 241 269 317 339 364  ; 2 2 2 4 2 2 2 2 1 2 
5.801e+04 ; 5.695e-10 ; True ; 2 41 43 112 138 170 241 269 317 339 344 364  ; 1 2 2 5 2 2 2 3 2 2 
5.901e+04 ; 5.783e-10 ; True ; 2 41 56 57 108 149 170 241 269 317 330 339  ; 2 2 2 5 2 2 2 3 2 1 
6.1e+04 ; 6.09e-10 ; True ; 2 56 108 133 170 177 241 269 272 304 317 339  ; 1 2 2 5 2 2 2 4 2 2 
6.1e+04 ; 6.184e-10 ; True ; 2 56 112 133 170 241 269 317 338 339 344 364  ; 2 2 2 5 2 2 2 4 2 1 
6.501e+04 ; 7.628e-10 ; True ; 2 41 56 57 138 170 241 254 269 317 330 339 364  ; 2 3 2 4 2 2 2 3 2 1 
6.801e+04 ; 8.809e-10 ; True ; 2 41 56 57 108 138 170 241 254 269 317 339 364  ; 2 3 2 5 2 2 2 3 1 2 
6.901e+04 ; 9.006e-10 ; True ; 2 41 43 101 112 138 170 241 269 304 317 339 364  ; 1 2 2 6 2 3 2 3 2 2 
6.901e+04 ; 1.13e-09 ; True ; 2 41 56 57 108 149 170 241 254 269 317 330 339  ; 2 2 2 5 2 2 2 3 2 2 
7.901e+04 ; 1.491e-09 ; True ; 2 41 56 57 138 149 170 241 254 269 317 330 339 395  ; 2 3 2 4 2 2 2 3 2 2 
8.201e+04 ; 1.774e-09 ; True ; 2 41 43 57 108 138 170 191 241 269 317 330 339 364  ; 2 2 3 6 2 2 2 3 2 2 
8.301e+04 ; 1.786e-09 ; True ; 2 5 41 43 53 101 138 170 241 269 304 317 329 339  ; 2 2 2 5 3 2 2 4 2 2 
8.501e+04 ; 1.836e-09 ; True ; 2 18 57 67 108 170 217 241 269 317 330 339 344 364  ; 2 2 2 5 2 3 2 5 2 2 
9.101e+04 ; 1.978e-09 ; True ; 0 2 41 56 57 138 170 241 254 269 317 328 330 339 344  ; 2 3 3 3 2 2 2 4 2 2 
9.201e+04 ; 2.618e-09 ; True ; 2 5 56 57 108 138 149 170 241 254 269 291 317 330 339  ; 2 3 2 5 3 2 2 4 2 2 
9.601e+04 ; 2.748e-09 ; True ; 2 41 43 57 108 133 138 170 191 241 269 317 330 339 364  ; 2 2 3 7 2 2 3 3 2 2 
9.601e+04 ; 2.813e-09 ; True ; 2 5 41 56 57 108 170 241 254 269 317 330 339 364 395  ; 2 2 2 6 3 2 2 4 2 3 
9.701e+04 ; 2.892e-09 ; True ; 2 5 56 57 112 170 241 254 269 291 317 339 364 373 395  ; 2 2 3 6 3 2 2 5 2 2 
9.801e+04 ; 3.087e-09 ; True ; 2 5 36 56 57 112 149 170 191 241 269 291 317 339 344  ; 2 2 3 7 3 2 2 6 2 2 
1.07e+05 ; 3.483e-09 ; True ; 2 41 56 57 138 162 170 241 254 269 317 330 339 364 373 395  ; 2 4 3 5 2 2 2 5 2 2 
1.07e+05 ; 3.839e-09 ; True ; 2 5 56 57 108 115 138 149 170 241 254 269 291 317 330 339  ; 2 3 2 5 3 2 2 4 2 3 
1.08e+05 ; 4.241e-09 ; True ; 2 5 56 57 112 138 170 241 254 269 291 317 339 364 373 395  ; 2 3 3 6 3 2 2 5 2 2 
1.11e+05 ; 4.257e-09 ; True ; 2 5 57 138 149 170 206 241 254 269 291 317 339 344 364 373  ; 2 2 3 6 3 3 2 5 2 2 
1.12e+05 ; 4.48e-09 ; True ; 2 5 16 41 57 67 108 138 170 241 269 317 330 339 344 364  ; 2 2 3 7 3 2 3 5 2 2 
1.12e+05 ; 4.636e-09 ; True ; 2 5 41 56 101 112 149 170 191 241 254 269 317 338 339 395  ; 2 2 3 8 3 3 2 5 2 2 
1.21e+05 ; 5.784e-09 ; True ; 2 41 56 57 112 138 140 170 191 241 254 269 317 330 339 364 377  ; 2 3 3 6 2 3 2 4 3 2 
1.24e+05 ; 6.337e-09 ; True ; 2 5 41 56 68 101 138 170 191 241 254 269 317 330 338 339 395  ; 2 3 3 6 3 3 2 6 2 2 
1.26e+05 ; 6.416e-09 ; True ; 2 5 41 56 68 101 170 191 241 254 269 291 317 330 338 339 344  ; 2 2 3 6 3 3 3 7 2 2 
1.27e+05 ; 6.536e-09 ; True ; 2 5 41 43 57 108 138 162 170 241 269 317 330 339 364 373 395  ; 2 3 3 7 3 2 2 5 2 3 
1.39e+05 ; 7.54e-09 ; True ; 2 41 43 56 57 112 138 140 170 191 217 241 269 317 330 339 364 377  ; 2 4 3 6 2 3 2 4 3 2 
1.4e+05 ; 8.954e-09 ; True ; 2 5 41 56 68 101 138 170 191 241 254 269 317 329 330 338 339 395  ; 2 3 3 6 3 3 2 6 3 2 
1.42e+05 ; 9.128e-09 ; True ; 2 41 43 56 57 112 138 140 170 191 241 269 291 317 339 344 364 377  ; 2 3 3 6 2 3 3 5 2 3 
1.44e+05 ; 1.012e-08 ; True ; 2 5 18 41 43 57 108 138 162 170 241 269 317 330 339 364 373 395  ; 2 3 3 8 3 3 2 6 2 3 
1.58e+05 ; 1.153e-08 ; True ; 2 41 43 56 57 112 138 140 148 170 191 241 254 269 287 317 339 364 377  ; 2 4 3 6 2 3 3 4 2 3 
1.6e+05 ; 1.208e-08 ; True ; 2 41 43 56 57 112 138 140 170 191 241 269 291 304 317 339 344 364 377  ; 2 3 3 6 2 3 3 6 2 4 
1.6e+05 ; 1.297e-08 ; True ; 2 5 43 56 68 138 149 170 191 241 254 269 291 311 317 330 338 339 344  ; 3 3 3 5 3 3 2 7 2 3 
1.61e+05 ; 1.3e-08 ; True ; 2 5 43 67 75 112 138 149 170 191 241 254 269 291 317 330 338 339 395  ; 2 2 3 6 3 3 3 5 3 3 
1.62e+05 ; 1.43e-08 ; True ; 2 5 18 41 42 43 57 108 138 162 170 241 269 317 330 339 364 373 395  ; 2 3 3 8 3 3 2 6 3 3 
1.78e+05 ; 1.662e-08 ; True ; 2 41 43 56 57 112 138 140 170 177 191 241 269 291 304 317 339 344 364 377  ; 2 3 3 7 2 4 3 6 2 4 
1.79e+05 ; 1.691e-08 ; True ; 2 5 43 56 68 138 149 170 191 241 254 269 291 311 317 330 338 339 344 395  ; 3 3 3 5 3 3 2 7 2 4 
1.8e+05 ; 1.714e-08 ; True ; 2 41 43 56 68 78 138 149 170 191 241 254 269 291 317 338 339 344 364 369  ; 2 3 3 6 2 4 3 6 3 3 
1.8e+05 ; 1.764e-08 ; True ; 2 5 18 56 57 68 138 149 170 191 241 254 269 291 317 338 339 344 379 380  ; 3 3 3 6 3 4 2 8 3 2 
1.8e+05 ; 1.795e-08 ; True ; 2 5 20 43 67 75 112 138 149 170 191 241 254 269 291 317 330 338 339 395  ; 2 2 3 7 4 3 3 5 3 3 

RUN 10:
Optimum Distance: 0

Optimal Team: 
Required Skills: 8 15 22 26 35 42 46 48 52 55 
Distance; Skill Score; isValid; Team; Skill Counts
1.1e+04 ; 2.676e-12 ; True ; 2 170 183 241 269 339  ; 1 1 1 2 1 1 1 2 1 1 
1.2e+04 ; 3.519e-12 ; True ; 2 36 170 241 269 339  ; 1 1 1 3 1 1 1 2 1 1 
1.401e+04 ; 3.529e-12 ; True ; 2 138 170 183 241 269 317  ; 1 1 1 2 2 1 1 1 1 1 
1.501e+04 ; 5.271e-12 ; True ; 2 138 170 241 269 304 317  ; 1 1 1 2 2 1 1 2 1 1 
1.6e+04 ; 6.879e-12 ; True ; 2 36 138 170 241 269 339  ; 1 2 1 3 1 1 1 2 1 1 
1.6e+04 ; 1.026e-11 ; True ; 2 170 183 241 269 317 339  ; 1 1 2 2 2 1 1 2 1 1 
1.7e+04 ; 1.35e-11 ; True ; 2 36 170 241 269 317 339  ; 1 1 2 3 2 1 1 2 1 1 
2.101e+04 ; 1.36e-11 ; True ; 2 138 170 241 269 304 317 364  ; 1 1 1 3 2 2 1 2 1 1 
2.101e+04 ; 2.006e-11 ; True ; 2 138 170 183 241 269 317 339  ; 1 2 2 2 2 1 1 2 1 1 
2.201e+04 ; 2.638e-11 ; True ; 2 36 138 170 241 269 317 339  ; 1 2 2 3 2 1 1 2 1 1 
2.3e+04 ; 3.118e-11 ; True ; 2 36 170 177 241 269 317 339  ; 1 1 2 4 2 2 1 2 1 1 
2.4e+04 ; 3.122e-11 ; True ; 2 41 108 170 241 269 317 339  ; 1 1 2 4 2 1 2 2 1 1 
2.4e+04 ; 3.627e-11 ; True ; 2 18 108 170 241 269 317 339  ; 1 1 2 4 2 2 1 3 1 1 
2.801e+04 ; 5.177e-11 ; True ; 2 138 170 183 241 269 317 339 364  ; 1 2 2 3 2 2 1 2 1 1 
2.901e+04 ; 6.022e-11 ; True ; 2 138 170 241 269 304 317 339 364  ; 1 2 2 3 2 2 1 3 1 1 
2.901e+04 ; 6.095e-11 ; True ; 2 108 138 170 241 269 317 339 364  ; 1 2 2 4 2 2 1 2 1 1 
3.001e+04 ; 7.09e-11 ; True ; 2 18 108 138 170 241 269 317 339  ; 1 2 2 4 2 2 1 3 1 1 
3.2e+04 ; 7.881e-11 ; True ; 2 18 36 108 170 241 269 317 339  ; 1 1 2 5 2 2 1 3 1 2 
3.2e+04 ; 7.922e-11 ; True ; 2 18 41 108 170 241 269 317 339  ; 1 1 2 5 2 2 2 3 1 1 
3.701e+04 ; 1.017e-10 ; True ; 73 138 170 241 254 269 317 319 339 364  ; 1 2 2 3 2 2 2 2 1 1 
3.701e+04 ; 1.147e-10 ; True ; 2 108 138 170 241 269 317 329 339 364  ; 1 2 2 4 2 2 1 2 2 1 
3.701e+04 ; 1.198e-10 ; True ; 2 41 138 140 170 241 269 317 339 364  ; 1 2 2 4 2 2 2 2 1 1 
3.801e+04 ; 1.386e-10 ; True ; 2 36 138 170 241 269 304 317 339 364  ; 1 2 2 4 2 2 1 3 1 2 
3.801e+04 ; 1.393e-10 ; True ; 2 18 41 138 170 183 241 269 317 339  ; 1 2 2 4 2 2 2 3 1 1 
3.901e+04 ; 1.49e-10 ; True ; 2 18 108 124 138 170 241 269 317 339  ; 1 2 2 4 2 2 2 4 1 1 
4e+04 ; 1.548e-10 ; True ; 18 41 73 108 138 170 241 269 317 339  ; 1 2 2 5 2 2 2 3 1 1 
4.1e+04 ; 1.656e-10 ; True ; 2 18 36 108 124 170 241 269 317 339  ; 1 1 2 5 2 2 2 4 1 2 
4.601e+04 ; 2.253e-10 ; True ; 2 73 138 170 241 254 269 317 319 339 364  ; 1 2 2 4 2 2 2 2 2 1 
4.701e+04 ; 2.505e-10 ; True ; 2 36 73 138 170 177 241 269 317 319 339  ; 1 2 2 5 2 2 2 2 2 1 
4.801e+04 ; 2.914e-10 ; True ; 2 36 73 124 138 170 241 269 317 339 364  ; 1 2 2 5 2 2 2 3 2 1 
4.901e+04 ; 3.13e-10 ; True ; 2 18 41 73 108 138 170 241 269 317 339  ; 1 2 2 6 2 2 2 3 2 1 
5e+04 ; 3.236e-10 ; True ; 18 41 73 108 138 170 241 269 317 339 344  ; 1 2 2 5 2 2 2 4 1 2 
5.601e+04 ; 3.304e-10 ; True ; 2 73 138 170 175 241 254 269 317 319 339 364  ; 1 3 2 4 2 2 2 2 2 1 
5.601e+04 ; 4.405e-10 ; True ; 2 133 138 140 170 183 241 269 317 329 339 364  ; 1 2 2 4 2 2 2 2 2 2 
5.701e+04 ; 4.896e-10 ; True ; 2 36 73 138 170 241 254 269 317 319 339 364  ; 1 2 2 5 2 2 2 2 2 2 
5.801e+04 ; 4.972e-10 ; True ; 2 53 73 108 138 170 241 269 317 319 339 364  ; 2 2 2 5 2 2 2 2 2 1 
5.901e+04 ; 5.26e-10 ; True ; 2 36 73 108 138 149 170 241 269 317 319 339  ; 1 2 2 6 2 2 2 2 2 2 
5.901e+04 ; 5.783e-10 ; True ; 2 53 67 73 108 138 170 241 269 317 339 364  ; 2 2 2 5 2 2 2 3 2 1 
6.001e+04 ; 6.542e-10 ; True ; 2 18 41 73 108 138 170 241 269 317 339 344  ; 1 2 2 6 2 2 2 4 2 2 
6.801e+04 ; 7.318e-10 ; True ; 2 57 133 138 140 170 177 241 269 317 329 339 364  ; 2 2 2 5 2 3 2 2 2 1 
6.901e+04 ; 8.188e-10 ; True ; 2 57 67 138 170 177 241 269 304 317 329 339 364  ; 2 2 2 4 2 3 2 4 2 1 
6.901e+04 ; 8.637e-10 ; True ; 2 57 67 138 140 170 177 241 269 317 318 329 339  ; 2 2 2 3 2 2 2 3 2 2 
6.901e+04 ; 9.718e-10 ; True ; 2 57 108 133 138 140 170 241 269 317 329 339 364  ; 2 2 2 5 2 2 2 2 2 2 
7.101e+04 ; 1.017e-09 ; True ; 53 67 73 102 108 138 170 241 269 317 318 339 364  ; 2 2 2 4 2 2 2 3 2 2 
7.101e+04 ; 1.209e-09 ; True ; 2 53 67 73 108 138 170 241 269 304 317 339 364  ; 2 2 2 5 2 2 2 4 2 2 
7.201e+04 ; 1.299e-09 ; True ; 2 18 36 57 67 73 108 138 170 241 269 317 339  ; 2 2 2 6 2 2 2 4 2 2 
8.201e+04 ; 1.539e-09 ; True ; 2 41 57 108 133 138 140 170 241 269 317 329 339 364  ; 2 2 2 6 2 2 3 2 2 2 
8.301e+04 ; 1.865e-09 ; True ; 2 36 53 73 108 138 170 241 269 317 319 339 364 373  ; 2 2 3 7 2 2 2 3 2 2 
8.7e+04 ; 1.879e-09 ; True ; 2 36 73 133 138 149 170 211 241 304 311 317 339 364  ; 2 2 2 7 2 3 2 3 2 2 
8.7e+04 ; 1.897e-09 ; True ; 2 53 73 103 133 170 241 269 304 317 318 339 364 373  ; 2 2 3 6 2 2 2 4 2 2 
8.8e+04 ; 2.017e-09 ; True ; 2 5 36 73 133 138 149 170 211 241 304 311 317 339  ; 2 2 2 7 3 2 2 4 2 2 
9.501e+04 ; 2.172e-09 ; True ; 2 57 73 133 138 140 170 177 241 269 310 317 329 339 364  ; 2 2 2 6 2 3 2 2 3 2 
9.601e+04 ; 2.354e-09 ; True ; 2 53 67 73 108 138 170 241 269 317 318 319 329 339 364  ; 2 2 2 5 2 2 3 3 3 2 
9.601e+04 ; 2.526e-09 ; True ; 2 18 57 66 108 133 138 140 170 241 269 317 329 339 364  ; 2 2 2 6 2 3 2 3 3 2 
9.601e+04 ; 2.701e-09 ; True ; 2 18 36 57 59 67 73 138 170 241 269 317 318 339 364  ; 2 2 2 6 2 3 2 4 3 2 
9.601e+04 ; 2.792e-09 ; True ; 0 2 18 36 57 67 73 138 170 241 269 317 318 339 341  ; 2 2 3 6 2 3 2 4 2 2 
9.701e+04 ; 2.795e-09 ; True ; 2 53 67 73 108 138 170 241 269 317 318 319 339 364 373  ; 2 2 3 6 2 2 3 4 2 2 
9.701e+04 ; 2.802e-09 ; True ; 2 36 67 102 108 138 170 203 241 269 317 338 339 342 364  ; 2 2 3 6 3 2 2 4 2 2 
9.801e+04 ; 2.969e-09 ; True ; 2 5 36 57 67 108 117 138 170 241 269 317 339 341 364  ; 2 2 2 7 3 3 2 4 2 2 
9.901e+04 ; 3.15e-09 ; True ; 2 18 32 36 57 67 73 108 138 170 241 269 317 339 373  ; 2 2 3 8 3 2 2 5 2 2 
1.1e+05 ; 3.933e-09 ; True ; 0 2 18 36 57 67 73 138 170 241 269 317 318 339 364 373  ; 2 2 4 7 2 3 2 5 2 2 
1.1e+05 ; 3.99e-09 ; True ; 2 5 36 57 59 67 73 75 138 170 241 269 317 318 339 364  ; 2 2 2 6 3 3 2 4 3 2 
1.11e+05 ; 4.019e-09 ; True ; 2 36 102 108 133 138 149 170 211 241 269 317 329 339 364 373  ; 2 2 3 8 2 3 2 3 3 2 
1.11e+05 ; 4.475e-09 ; True ; 2 18 32 36 57 59 67 138 170 241 269 317 318 339 364 373  ; 2 2 3 7 3 3 2 5 2 2 
1.13e+05 ; 4.636e-09 ; True ; 2 18 32 36 57 67 73 138 170 241 269 317 318 339 364 373  ; 2 2 3 8 3 3 2 5 2 2 
1.16e+05 ; 4.829e-09 ; True ; 2 18 32 36 57 67 73 108 170 193 241 269 317 339 364 373  ; 2 2 3 9 3 3 2 6 2 2 
1.26e+05 ; 6.42e-09 ; True ; 2 5 14 18 36 57 59 67 138 170 241 269 317 318 339 364 373  ; 2 2 3 7 3 3 2 6 3 2 
1.27e+05 ; 6.587e-09 ; True ; 2 32 36 53 67 102 108 138 170 177 241 269 317 318 339 364 373  ; 2 2 3 8 3 3 2 4 2 3 
1.27e+05 ; 6.662e-09 ; True ; 2 5 18 57 59 67 108 114 138 170 241 269 317 318 339 364 373  ; 2 3 3 7 3 3 2 6 2 2 
1.29e+05 ; 6.974e-09 ; True ; 2 18 32 36 57 67 73 108 138 170 241 269 317 318 339 364 373  ; 2 2 3 9 3 3 2 5 2 3 
1.41e+05 ; 7.043e-09 ; True ; 2 14 18 36 57 59 67 73 75 138 170 241 269 317 318 339 364 373  ; 2 2 3 7 2 4 2 5 4 2 
1.42e+05 ; 8.366e-09 ; True ; 2 5 14 18 36 57 59 67 73 138 170 241 269 317 318 339 364 373  ; 2 2 3 8 3 3 2 6 4 2 
1.43e+05 ; 9.057e-09 ; True ; 0 2 18 32 36 57 67 73 108 138 170 241 269 317 318 339 364 373  ; 2 2 4 9 3 3 2 5 2 3 
1.44e+05 ; 9.606e-09 ; True ; 2 18 57 67 73 108 138 170 175 203 241 269 317 318 329 339 364 373  ; 2 3 3 8 3 3 2 5 3 2 
1.49e+05 ; 9.743e-09 ; True ; 2 14 18 108 133 149 170 211 241 269 287 304 310 311 317 339 373 388  ; 3 2 3 7 2 3 3 5 2 3 
1.59e+05 ; 1.095e-08 ; True ; 2 5 14 18 36 57 59 67 73 75 138 170 241 269 317 318 339 364 373  ; 2 2 3 8 3 4 2 6 4 2 
1.61e+05 ; 1.131e-08 ; True ; 2 53 67 73 102 103 108 138 170 203 241 269 317 318 319 329 339 364 373  ; 2 3 3 7 3 2 3 4 4 2 
1.62e+05 ; 1.206e-08 ; True ; 2 53 67 73 102 103 108 138 170 203 241 269 317 318 319 339 342 364 373  ; 2 3 4 7 3 2 3 5 3 2 
1.62e+05 ; 1.242e-08 ; True ; 2 36 53 57 59 67 138 145 162 170 203 241 269 317 318 319 339 342 364  ; 3 3 3 5 3 2 3 6 3 2 
1.62e+05 ; 1.314e-08 ; True ; 2 5 18 32 36 57 67 73 108 138 170 241 269 294 317 318 339 342 364  ; 2 2 3 9 4 3 2 6 3 3 
1.63e+05 ; 1.386e-08 ; True ; 2 32 36 53 57 67 108 117 138 170 241 269 317 318 329 339 341 364 373  ; 3 2 3 8 3 3 2 4 3 3 
1.67e+05 ; 1.491e-08 ; True ; 2 14 18 20 108 133 149 170 211 241 269 287 304 310 311 317 339 373 388  ; 3 2 3 8 3 3 3 5 2 3 
1.8e+05 ; 1.725e-08 ; True ; 2 53 67 73 102 103 108 138 170 203 241 269 317 318 319 329 339 341 364 373  ; 2 3 3 8 3 3 3 4 4 2 
1.81e+05 ; 1.751e-08 ; True ; 2 5 18 32 36 57 67 73 108 138 170 241 269 294 317 318 339 342 364 373  ; 2 2 4 10 4 3 2 7 3 3 
1.84e+05 ; 1.815e-08 ; True ; 2 14 18 42 57 67 87 138 149 170 241 269 287 304 311 317 318 339 373 388  ; 3 3 3 5 2 3 3 6 3 3 

