m: 4
Instance: 1
Algorithm: NSGA-II
Iteration: 200
Population Size: 100
RUN 1:
Optimum Distance: 0

Optimal Team: 
Required Skills: 22 27 37 40 
Distance; Skill Score; isValid; Team; Skill Counts
1005 ; 0.003556 ; True ; 0 7 19 24  ; 1 1 1 1 
2008 ; 0.006017 ; True ; 0 7 19 24 27  ; 1 2 1 1 
3007 ; 0.006537 ; True ; 0 7 19 24 127  ; 2 1 1 1 
4006 ; 0.007722 ; True ; 0 7 19 27 108  ; 1 3 1 1 
5005 ; 0.01023 ; True ; 0 7 19 24 108  ; 1 2 2 1 
5010 ; 0.01106 ; True ; 0 7 19 24 27 127  ; 2 2 1 1 
6004 ; 0.01111 ; True ; 0 19 24 108 127  ; 2 1 2 1 
7003 ; 0.01152 ; True ; 0 19 25 108 127  ; 2 1 1 2 
7008 ; 0.01313 ; True ; 0 7 19 24 27 108  ; 1 3 2 1 
8007 ; 0.0142 ; True ; 0 7 19 27 108 127  ; 2 3 1 1 
8007 ; 0.01881 ; True ; 0 7 19 24 108 127  ; 2 2 2 1 
1e+04 ; 0.01949 ; True ; 0 19 21 39 40 108  ; 2 2 1 2 
1e+04 ; 0.01958 ; True ; 0 19 24 25 108 127  ; 2 1 2 2 
1.101e+04 ; 0.02413 ; True ; 0 7 19 24 27 108 127  ; 2 3 2 1 
1.201e+04 ; 0.02423 ; True ; 0 7 19 22 24 108 127  ; 2 2 3 1 
1.301e+04 ; 0.02501 ; True ; 0 7 19 25 27 108 127  ; 2 3 1 2 
1.301e+04 ; 0.03313 ; True ; 0 7 19 24 25 108 127  ; 2 2 2 2 
1.701e+04 ; 0.04251 ; True ; 0 7 19 24 25 27 108 127  ; 2 3 2 2 
1.801e+04 ; 0.04268 ; True ; 0 7 19 22 24 25 108 127  ; 2 2 3 2 
1.901e+04 ; 0.04404 ; True ; 0 7 19 24 25 40 108 127  ; 2 2 2 3 
1.901e+04 ; 0.0458 ; True ; 0 7 19 24 25 32 108 127  ; 3 2 2 2 
3.5e+04 ; 0.04634 ; True ; 0 3 28 39 46 61 65 108 127  ; 3 1 3 3 

RUN 2:
Optimum Distance: 0

Optimal Team: 
Required Skills: 22 27 37 40 
Distance; Skill Score; isValid; Team; Skill Counts
1005 ; 0.003556 ; True ; 0 7 19 24  ; 1 1 1 1 
2008 ; 0.006017 ; True ; 0 7 19 24 27  ; 1 2 1 1 
3007 ; 0.006537 ; True ; 0 7 19 24 127  ; 2 1 1 1 
4006 ; 0.007722 ; True ; 0 7 19 27 108  ; 1 3 1 1 
5005 ; 0.01023 ; True ; 0 7 19 24 108  ; 1 2 2 1 
5010 ; 0.01106 ; True ; 0 7 19 24 27 127  ; 2 2 1 1 
6004 ; 0.01111 ; True ; 0 19 24 108 127  ; 2 1 2 1 
7003 ; 0.01152 ; True ; 0 19 25 108 127  ; 2 1 1 2 
7008 ; 0.01313 ; True ; 0 7 19 24 27 108  ; 1 3 2 1 
8007 ; 0.0142 ; True ; 0 7 19 27 108 127  ; 2 3 1 1 
8007 ; 0.01881 ; True ; 0 7 19 24 108 127  ; 2 2 2 1 
1e+04 ; 0.01949 ; True ; 0 19 21 40 108 127  ; 2 2 1 2 
1e+04 ; 0.01958 ; True ; 0 19 24 25 108 127  ; 2 1 2 2 
1.101e+04 ; 0.02413 ; True ; 0 7 19 24 27 108 127  ; 2 3 2 1 
1.201e+04 ; 0.02423 ; True ; 0 7 19 22 24 108 127  ; 2 2 3 1 
1.301e+04 ; 0.02501 ; True ; 0 7 19 25 27 108 127  ; 2 3 1 2 
1.301e+04 ; 0.03313 ; True ; 0 7 19 24 25 108 127  ; 2 2 2 2 
1.701e+04 ; 0.04251 ; True ; 0 7 19 24 25 27 108 127  ; 2 3 2 2 
1.801e+04 ; 0.04268 ; True ; 0 7 19 22 24 25 108 127  ; 2 2 3 2 
1.901e+04 ; 0.04404 ; True ; 0 7 19 24 40 94 108 127  ; 2 2 2 3 
1.901e+04 ; 0.0458 ; True ; 0 7 19 24 25 32 108 127  ; 3 2 2 2 

RUN 3:
Optimum Distance: 0

Optimal Team: 
Required Skills: 22 27 37 40 
Distance; Skill Score; isValid; Team; Skill Counts
1005 ; 0.003556 ; True ; 0 7 19 24  ; 1 1 1 1 
2008 ; 0.006017 ; True ; 0 7 19 24 27  ; 1 2 1 1 
3007 ; 0.006537 ; True ; 0 7 19 24 127  ; 2 1 1 1 
4006 ; 0.007722 ; True ; 0 7 19 27 108  ; 1 3 1 1 
5005 ; 0.01023 ; True ; 0 7 19 24 108  ; 1 2 2 1 
5010 ; 0.01106 ; True ; 0 7 19 24 27 127  ; 2 2 1 1 
6004 ; 0.01111 ; True ; 0 19 24 108 127  ; 2 1 2 1 
7003 ; 0.01152 ; True ; 0 19 25 108 127  ; 2 1 1 2 
7008 ; 0.01313 ; True ; 0 7 19 24 27 108  ; 1 3 2 1 
8007 ; 0.0142 ; True ; 0 7 19 27 108 127  ; 2 3 1 1 
8007 ; 0.01881 ; True ; 0 7 19 24 108 127  ; 2 2 2 1 
1e+04 ; 0.01949 ; True ; 0 19 21 40 108 127  ; 2 2 1 2 
1e+04 ; 0.01958 ; True ; 0 19 24 25 108 127  ; 2 1 2 2 
1.101e+04 ; 0.02413 ; True ; 0 7 19 24 27 108 127  ; 2 3 2 1 
1.201e+04 ; 0.02423 ; True ; 0 7 19 22 24 108 127  ; 2 2 3 1 
1.301e+04 ; 0.02501 ; True ; 0 7 19 25 27 108 127  ; 2 3 1 2 
1.301e+04 ; 0.03313 ; True ; 0 7 19 24 25 108 127  ; 2 2 2 2 
1.701e+04 ; 0.04251 ; True ; 0 7 19 24 25 27 108 127  ; 2 3 2 2 
1.801e+04 ; 0.04268 ; True ; 0 7 19 22 24 25 108 127  ; 2 2 3 2 
1.901e+04 ; 0.04404 ; True ; 0 7 19 24 40 94 108 127  ; 2 2 2 3 
1.901e+04 ; 0.0458 ; True ; 0 7 19 24 32 40 108 127  ; 3 2 2 2 

RUN 4:
Optimum Distance: 0

Optimal Team: 
Required Skills: 22 27 37 40 
Distance; Skill Score; isValid; Team; Skill Counts
1005 ; 0.003556 ; True ; 0 7 19 24  ; 1 1 1 1 
2008 ; 0.006017 ; True ; 0 7 19 24 27  ; 1 2 1 1 
3007 ; 0.006537 ; True ; 0 7 19 24 127  ; 2 1 1 1 
4006 ; 0.007722 ; True ; 0 7 19 27 108  ; 1 3 1 1 
5005 ; 0.01023 ; True ; 0 7 19 24 108  ; 1 2 2 1 
5010 ; 0.01106 ; True ; 0 7 19 24 27 127  ; 2 2 1 1 
6004 ; 0.01111 ; True ; 0 19 24 108 127  ; 2 1 2 1 
7003 ; 0.01152 ; True ; 0 19 25 108 127  ; 2 1 1 2 
7008 ; 0.01313 ; True ; 0 7 19 24 27 108  ; 1 3 2 1 
8007 ; 0.0142 ; True ; 0 7 19 27 108 127  ; 2 3 1 1 
8007 ; 0.01881 ; True ; 0 7 19 24 108 127  ; 2 2 2 1 
1e+04 ; 0.01949 ; True ; 0 7 19 25 108 127  ; 2 2 1 2 
1e+04 ; 0.01958 ; True ; 0 19 24 25 108 127  ; 2 1 2 2 
1.101e+04 ; 0.02413 ; True ; 0 7 19 24 27 108 127  ; 2 3 2 1 
1.201e+04 ; 0.02423 ; True ; 0 7 19 22 24 108 127  ; 2 2 3 1 
1.301e+04 ; 0.02501 ; True ; 0 7 19 25 27 108 127  ; 2 3 1 2 
1.301e+04 ; 0.03313 ; True ; 0 7 19 24 25 108 127  ; 2 2 2 2 
1.701e+04 ; 0.04251 ; True ; 0 7 19 24 25 27 108 127  ; 2 3 2 2 
1.801e+04 ; 0.04268 ; True ; 0 7 19 22 24 25 108 127  ; 2 2 3 2 
1.901e+04 ; 0.04404 ; True ; 0 7 19 24 40 94 108 127  ; 2 2 2 3 
1.901e+04 ; 0.0458 ; True ; 0 7 19 24 25 32 108 127  ; 3 2 2 2 

RUN 5:
Optimum Distance: 0

Optimal Team: 
Required Skills: 22 27 37 40 
Distance; Skill Score; isValid; Team; Skill Counts
1005 ; 0.003556 ; True ; 5 81 126 128  ; 1 1 1 1 
3003 ; 0.006045 ; True ; 5 108 126 128  ; 1 1 2 1 
4002 ; 0.006537 ; True ; 5 15 108 127  ; 2 1 1 1 
5005 ; 0.01023 ; True ; 5 81 108 126 128  ; 1 2 2 1 
6004 ; 0.01111 ; True ; 5 15 108 126 128  ; 2 1 2 1 
7003 ; 0.01152 ; True ; 5 15 19 108 127  ; 2 1 1 2 
9006 ; 0.01318 ; True ; 5 81 108 118 126 128  ; 1 2 3 1 
9006 ; 0.01881 ; True ; 5 15 81 108 126 128  ; 2 2 2 1 
1e+04 ; 0.01958 ; True ; 5 8 15 108 126 128  ; 2 1 2 2 
1.401e+04 ; 0.02423 ; True ; 5 15 81 108 118 126 128  ; 2 2 3 1 
1.401e+04 ; 0.03313 ; True ; 5 8 15 81 108 126 128  ; 2 2 2 2 
2.001e+04 ; 0.04268 ; True ; 5 8 15 81 108 118 126 128  ; 2 2 3 2 
2.001e+04 ; 0.0458 ; True ; 5 15 81 100 102 108 126 128  ; 3 2 2 2 

RUN 6:
Optimum Distance: 0

Optimal Team: 
Required Skills: 22 27 37 40 
Distance; Skill Score; isValid; Team; Skill Counts
1005 ; 0.003556 ; True ; 5 81 126 128  ; 1 1 1 1 
2008 ; 0.006017 ; True ; 0 7 19 24 27  ; 1 2 1 1 
3003 ; 0.006045 ; True ; 5 108 126 128  ; 1 1 2 1 
3007 ; 0.006537 ; True ; 0 7 19 24 127  ; 2 1 1 1 
4006 ; 0.007722 ; True ; 0 7 19 27 108  ; 1 3 1 1 
5005 ; 0.01023 ; True ; 5 81 108 126 128  ; 1 2 2 1 
5010 ; 0.01106 ; True ; 0 7 19 24 27 127  ; 2 2 1 1 
6004 ; 0.01111 ; True ; 5 15 108 126 128  ; 2 1 2 1 
7003 ; 0.01152 ; True ; 5 15 19 108 127  ; 2 1 1 2 
7008 ; 0.01313 ; True ; 0 7 19 24 27 108  ; 1 3 2 1 
8007 ; 0.0142 ; True ; 0 7 19 27 108 127  ; 2 3 1 1 
8007 ; 0.01881 ; True ; 0 7 19 24 108 127  ; 2 2 2 1 
1e+04 ; 0.01958 ; True ; 5 8 15 108 126 128  ; 2 1 2 2 
1.101e+04 ; 0.02413 ; True ; 0 7 19 24 27 108 127  ; 2 3 2 1 
1.201e+04 ; 0.02423 ; True ; 0 7 19 22 24 108 127  ; 2 2 3 1 
1.301e+04 ; 0.02501 ; True ; 0 7 19 25 27 108 127  ; 2 3 1 2 
1.301e+04 ; 0.03313 ; True ; 0 7 19 24 25 108 127  ; 2 2 2 2 
1.701e+04 ; 0.04251 ; True ; 0 7 19 24 25 27 108 127  ; 2 3 2 2 
1.801e+04 ; 0.04268 ; True ; 0 7 19 22 24 25 108 127  ; 2 2 3 2 
1.901e+04 ; 0.04404 ; True ; 0 7 19 24 25 40 108 127  ; 2 2 2 3 
1.901e+04 ; 0.0458 ; True ; 0 7 19 24 25 32 108 127  ; 3 2 2 2 
3.1e+04 ; 0.04634 ; True ; 5 15 19 34 55 108 118 127 128  ; 3 1 3 3 

RUN 7:
Optimum Distance: 0

Optimal Team: 
Required Skills: 22 27 37 40 
Distance; Skill Score; isValid; Team; Skill Counts
1005 ; 0.003556 ; True ; 0 7 19 24  ; 1 1 1 1 
2008 ; 0.006017 ; True ; 0 7 19 24 27  ; 1 2 1 1 
3007 ; 0.006537 ; True ; 0 7 19 24 127  ; 2 1 1 1 
4006 ; 0.007722 ; True ; 0 7 19 27 108  ; 1 3 1 1 
5005 ; 0.01023 ; True ; 0 7 19 24 108  ; 1 2 2 1 
5010 ; 0.01106 ; True ; 0 7 19 24 27 127  ; 2 2 1 1 
6004 ; 0.01111 ; True ; 0 19 24 108 127  ; 2 1 2 1 
7003 ; 0.01152 ; True ; 0 19 25 108 127  ; 2 1 1 2 
7008 ; 0.01313 ; True ; 0 7 19 24 27 108  ; 1 3 2 1 
8007 ; 0.0142 ; True ; 0 7 19 27 108 127  ; 2 3 1 1 
8007 ; 0.01881 ; True ; 0 7 19 24 108 127  ; 2 2 2 1 
1e+04 ; 0.01949 ; True ; 0 7 19 25 108 127  ; 2 2 1 2 
1e+04 ; 0.01958 ; True ; 0 19 24 25 108 127  ; 2 1 2 2 
1.101e+04 ; 0.02413 ; True ; 0 7 19 24 27 108 127  ; 2 3 2 1 
1.201e+04 ; 0.02423 ; True ; 0 7 19 22 24 108 127  ; 2 2 3 1 
1.301e+04 ; 0.02501 ; True ; 0 7 19 25 27 108 127  ; 2 3 1 2 
1.301e+04 ; 0.03313 ; True ; 0 7 19 24 25 108 127  ; 2 2 2 2 
1.701e+04 ; 0.04251 ; True ; 0 7 19 24 25 27 108 127  ; 2 3 2 2 
1.801e+04 ; 0.04268 ; True ; 0 7 19 20 22 24 108 127  ; 2 2 3 2 
1.901e+04 ; 0.04404 ; True ; 0 7 19 24 40 94 108 127  ; 2 2 2 3 
1.901e+04 ; 0.0458 ; True ; 0 7 19 24 25 32 108 127  ; 3 2 2 2 

RUN 8:
Optimum Distance: 0

Optimal Team: 
Required Skills: 22 27 37 40 
Distance; Skill Score; isValid; Team; Skill Counts
1005 ; 0.003556 ; True ; 5 81 126 128  ; 1 1 1 1 
3003 ; 0.006045 ; True ; 5 108 126 128  ; 1 1 2 1 
4002 ; 0.006537 ; True ; 5 15 108 127  ; 2 1 1 1 
5005 ; 0.01023 ; True ; 5 81 108 126 128  ; 1 2 2 1 
6004 ; 0.01111 ; True ; 5 15 108 126 128  ; 2 1 2 1 
7003 ; 0.01152 ; True ; 5 15 19 108 127  ; 2 1 1 2 
9006 ; 0.01318 ; True ; 5 81 108 118 126 128  ; 1 2 3 1 
9006 ; 0.01881 ; True ; 5 15 81 108 126 128  ; 2 2 2 1 
1e+04 ; 0.01958 ; True ; 5 8 15 108 126 128  ; 2 1 2 2 
1.401e+04 ; 0.02423 ; True ; 5 15 81 108 118 126 128  ; 2 2 3 1 
1.401e+04 ; 0.03313 ; True ; 5 8 15 81 108 126 128  ; 2 2 2 2 
2.001e+04 ; 0.04268 ; True ; 5 8 15 81 108 118 126 128  ; 2 2 3 2 
2.001e+04 ; 0.0458 ; True ; 5 15 81 100 102 108 126 128  ; 3 2 2 2 
2.801e+04 ; 0.04634 ; True ; 5 8 15 40 108 118 126 127 128  ; 3 1 3 3 

RUN 9:
Optimum Distance: 0

Optimal Team: 
Required Skills: 22 27 37 40 
Distance; Skill Score; isValid; Team; Skill Counts
1005 ; 0.003556 ; True ; 0 7 19 24  ; 1 1 1 1 
2008 ; 0.006017 ; True ; 0 7 19 24 27  ; 1 2 1 1 
3007 ; 0.006537 ; True ; 0 7 19 24 127  ; 2 1 1 1 
4006 ; 0.007722 ; True ; 0 7 19 27 108  ; 1 3 1 1 
5005 ; 0.01023 ; True ; 0 7 19 24 108  ; 1 2 2 1 
5010 ; 0.01106 ; True ; 0 7 19 24 27 127  ; 2 2 1 1 
6004 ; 0.01111 ; True ; 0 19 24 108 127  ; 2 1 2 1 
7003 ; 0.01152 ; True ; 5 15 19 108 127  ; 2 1 1 2 
7008 ; 0.01313 ; True ; 0 7 19 24 27 108  ; 1 3 2 1 
8007 ; 0.0142 ; True ; 0 7 19 27 108 127  ; 2 3 1 1 
8007 ; 0.01881 ; True ; 0 7 19 24 108 127  ; 2 2 2 1 
1e+04 ; 0.01949 ; True ; 0 7 19 25 108 127  ; 2 2 1 2 
1e+04 ; 0.01958 ; True ; 0 19 24 25 108 127  ; 2 1 2 2 
1.101e+04 ; 0.02413 ; True ; 0 7 19 24 27 108 127  ; 2 3 2 1 
1.201e+04 ; 0.02423 ; True ; 0 7 19 22 24 108 127  ; 2 2 3 1 
1.301e+04 ; 0.02501 ; True ; 0 7 19 25 27 108 127  ; 2 3 1 2 
1.301e+04 ; 0.03313 ; True ; 0 7 19 24 25 108 127  ; 2 2 2 2 
1.701e+04 ; 0.04251 ; True ; 0 7 19 24 25 27 108 127  ; 2 3 2 2 
1.801e+04 ; 0.04268 ; True ; 0 7 19 22 24 25 108 127  ; 2 2 3 2 
1.901e+04 ; 0.04404 ; True ; 0 7 19 24 25 40 108 127  ; 2 2 2 3 
1.901e+04 ; 0.0458 ; True ; 0 7 19 24 25 32 108 127  ; 3 2 2 2 

RUN 10:
Optimum Distance: 0

Optimal Team: 
Required Skills: 22 27 37 40 
Distance; Skill Score; isValid; Team; Skill Counts
1005 ; 0.003556 ; True ; 0 7 19 24  ; 1 1 1 1 
2008 ; 0.006017 ; True ; 0 7 19 24 27  ; 1 2 1 1 
3007 ; 0.006537 ; True ; 0 7 19 24 127  ; 2 1 1 1 
4006 ; 0.007722 ; True ; 0 7 19 27 108  ; 1 3 1 1 
5005 ; 0.01023 ; True ; 0 7 19 24 108  ; 1 2 2 1 
5010 ; 0.01106 ; True ; 0 7 19 24 27 127  ; 2 2 1 1 
6004 ; 0.01111 ; True ; 0 19 24 108 127  ; 2 1 2 1 
7003 ; 0.01152 ; True ; 0 19 25 108 127  ; 2 1 1 2 
7008 ; 0.01313 ; True ; 0 7 19 24 27 108  ; 1 3 2 1 
8007 ; 0.0142 ; True ; 0 7 19 27 108 127  ; 2 3 1 1 
8007 ; 0.01881 ; True ; 0 7 19 24 108 127  ; 2 2 2 1 
1e+04 ; 0.01949 ; True ; 0 19 21 40 108 127  ; 2 2 1 2 
1e+04 ; 0.01958 ; True ; 0 19 24 25 108 127  ; 2 1 2 2 
1.101e+04 ; 0.02413 ; True ; 0 7 19 24 27 108 127  ; 2 3 2 1 
1.201e+04 ; 0.02423 ; True ; 0 7 19 22 24 108 127  ; 2 2 3 1 
1.301e+04 ; 0.02501 ; True ; 0 7 19 25 27 108 127  ; 2 3 1 2 
1.301e+04 ; 0.03313 ; True ; 0 7 19 24 25 108 127  ; 2 2 2 2 
1.701e+04 ; 0.04251 ; True ; 0 7 19 24 25 27 108 127  ; 2 3 2 2 
1.801e+04 ; 0.04268 ; True ; 0 7 19 22 24 25 108 127  ; 2 2 3 2 
1.901e+04 ; 0.04404 ; True ; 0 7 19 24 40 94 108 127  ; 2 2 2 3 
1.901e+04 ; 0.0458 ; True ; 0 7 19 24 25 32 108 127  ; 3 2 2 2 

