m: 6
Instance: 1
Algorithm: NSGA-II
Iteration: 300
Population Size: 100
RUN 1:
Optimum Distance: 0

Optimal Team: 
Required Skills: 11 12 15 23 55 56 
Distance; Skill Score; isValid; Team; Skill Counts
2001 ; 1.467e-05 ; True ; 6 27 87  ; 1 1 1 1 1 1 
3003 ; 2.674e-05 ; True ; 6 27 38 87  ; 1 1 1 1 1 2 
3003 ; 2.821e-05 ; True ; 27 79 87 106  ; 1 1 1 2 1 1 
5001 ; 4.556e-05 ; True ; 6 27 79 87  ; 1 2 1 2 1 1 
5005 ; 5.142e-05 ; True ; 27 38 79 87 106  ; 1 1 1 2 1 2 
6004 ; 5.251e-05 ; True ; 26 27 79 87 106  ; 1 1 1 2 2 1 
6004 ; 5.251e-05 ; True ; 18 27 79 87 106  ; 1 1 2 2 1 1 
7003 ; 8.306e-05 ; True ; 27 38 78 79 87  ; 1 2 1 2 1 2 
7003 ; 8.482e-05 ; True ; 6 27 79 87 106  ; 1 2 2 2 1 1 
9001 ; 0.0001047 ; True ; 6 27 79 87 99  ; 1 3 1 2 2 1 
1e+04 ; 0.0001186 ; True ; 26 27 35 79 87 106  ; 1 2 1 2 3 1 
1e+04 ; 0.0001546 ; True ; 27 38 79 87 99 106  ; 1 2 1 2 2 2 
1.1e+04 ; 0.0001579 ; True ; 26 27 78 79 87 106  ; 1 2 2 2 2 1 
1.2e+04 ; 0.0001909 ; True ; 6 27 35 38 79 87  ; 1 3 1 2 2 2 
1.2e+04 ; 0.0001949 ; True ; 6 27 79 87 99 106  ; 1 3 2 2 2 1 
1.4e+04 ; 0.0002177 ; True ; 6 27 78 79 87 99  ; 1 4 2 2 2 1 
1.501e+04 ; 0.0002199 ; True ; 18 26 27 35 79 87 88  ; 2 2 1 2 3 1 
1.501e+04 ; 0.0002878 ; True ; 26 27 38 78 79 87 106  ; 1 2 2 2 2 2 
1.501e+04 ; 0.0002927 ; True ; 18 27 79 87 88 99 106  ; 2 2 2 2 2 1 
1.6e+04 ; 0.0003553 ; True ; 6 27 38 79 87 99 106  ; 1 3 2 2 2 2 
1.7e+04 ; 0.0003613 ; True ; 18 27 35 78 79 87 88  ; 2 3 2 2 2 1 
1.8e+04 ; 0.0003969 ; True ; 6 27 38 78 79 87 99  ; 1 4 2 2 2 2 
1.9e+04 ; 0.0004035 ; True ; 6 27 35 78 79 87 88  ; 2 4 2 2 2 1 
2e+04 ; 0.0004224 ; True ; 6 27 33 78 79 87 99  ; 1 5 2 2 2 2 
2.001e+04 ; 0.0005336 ; True ; 18 27 38 79 87 88 99 106  ; 2 2 2 2 2 2 
2.201e+04 ; 0.0006587 ; True ; 18 27 38 78 79 87 88 99  ; 2 3 2 2 2 2 
2.4e+04 ; 0.0007357 ; True ; 18 27 33 78 79 87 88 99  ; 2 4 2 2 2 2 
2.6e+04 ; 0.0007831 ; True ; 6 27 33 35 78 79 87 88  ; 2 5 2 2 2 2 
2.801e+04 ; 0.0009214 ; True ; 18 26 27 35 38 78 79 87 88  ; 2 3 2 2 3 2 
2.901e+04 ; 0.0009506 ; True ; 18 27 38 76 78 79 87 88 99  ; 2 3 2 3 2 2 
3.001e+04 ; 0.001029 ; True ; 6 26 27 35 38 78 79 87 88  ; 2 4 2 2 3 2 
3.001e+04 ; 0.001029 ; True ; 6 18 27 38 78 79 87 88 99  ; 2 4 3 2 2 2 
3.1e+04 ; 0.001062 ; True ; 18 27 33 35 76 78 79 87 88  ; 2 4 2 3 2 2 
3.2e+04 ; 0.001095 ; True ; 18 27 33 35 78 79 87 88 99  ; 2 5 2 2 3 2 
3.4e+04 ; 0.001136 ; True ; 6 27 33 35 78 79 87 88 99  ; 2 6 2 2 3 2 
3.501e+04 ; 0.001148 ; True ; 18 26 27 35 38 79 87 88 99 106  ; 2 3 2 2 4 2 
3.501e+04 ; 0.001289 ; True ; 18 26 27 35 38 78 79 87 88 106  ; 2 3 3 2 3 2 
3.601e+04 ; 0.00133 ; True ; 18 26 27 35 38 76 78 79 87 88  ; 2 3 2 3 3 2 
3.701e+04 ; 0.001439 ; True ; 18 26 27 33 35 78 79 87 88 106  ; 2 4 3 2 3 2 
3.801e+04 ; 0.001485 ; True ; 18 26 27 33 35 76 78 79 87 88  ; 2 4 2 3 3 2 
3.901e+04 ; 0.001532 ; True ; 6 18 27 35 38 78 79 87 88 99  ; 2 5 3 2 3 2 
4e+04 ; 0.001581 ; True ; 18 27 33 35 76 78 79 87 88 99  ; 2 5 2 3 3 2 
4.1e+04 ; 0.001589 ; True ; 6 18 27 33 35 78 79 87 88 99  ; 2 6 3 2 3 2 
4.3e+04 ; 0.001639 ; True ; 6 27 33 35 76 78 79 87 88 99  ; 2 6 2 3 3 2 
4.401e+04 ; 0.00186 ; True ; 18 26 27 35 38 76 78 79 87 88 106  ; 2 3 3 3 3 2 
4.601e+04 ; 0.001974 ; True ; 6 26 27 35 38 78 79 87 88 97 106  ; 2 4 3 2 3 3 
4.601e+04 ; 0.002077 ; True ; 18 27 35 38 76 78 79 87 88 99 106  ; 2 4 3 3 3 2 
4.801e+04 ; 0.002211 ; True ; 6 18 27 35 38 76 78 79 87 88 99  ; 2 5 3 3 3 2 
5e+04 ; 0.002293 ; True ; 6 18 27 33 35 76 78 79 87 88 99  ; 2 6 3 3 3 2 
5.501e+04 ; 0.002591 ; True ; 18 26 27 35 38 76 78 79 87 88 91 106  ; 3 3 3 3 3 2 
5.601e+04 ; 0.002849 ; True ; 18 26 27 33 35 76 78 79 87 88 97 106  ; 2 4 3 3 3 3 
5.701e+04 ; 0.002894 ; True ; 6 18 26 27 35 38 76 78 79 87 88 91  ; 3 4 3 3 3 2 
5.701e+04 ; 0.003032 ; True ; 18 27 33 35 38 76 78 79 87 88 99 106  ; 2 5 3 3 3 3 
5.901e+04 ; 0.00308 ; True ; 6 18 27 35 38 69 76 78 79 87 88 99  ; 3 5 3 3 3 2 
6.001e+04 ; 0.003145 ; True ; 6 18 27 33 35 76 78 79 87 88 97 99  ; 2 6 3 3 3 3 
6.1e+04 ; 0.003195 ; True ; 6 18 27 33 35 76 78 79 86 87 88 99  ; 3 6 3 3 3 2 

RUN 2:
Optimum Distance: 0

Optimal Team: 
Required Skills: 11 12 15 23 55 56 
Distance; Skill Score; isValid; Team; Skill Counts
2001 ; 1.467e-05 ; True ; 6 27 87  ; 1 1 1 1 1 1 
3003 ; 2.674e-05 ; True ; 27 38 78 87  ; 1 1 1 1 1 2 
3003 ; 2.821e-05 ; True ; 27 79 87 106  ; 1 1 1 2 1 1 
5001 ; 4.556e-05 ; True ; 6 27 79 87  ; 1 2 1 2 1 1 
5005 ; 5.142e-05 ; True ; 27 38 79 87 106  ; 1 1 1 2 1 2 
6004 ; 5.251e-05 ; True ; 26 27 79 87 106  ; 1 1 1 2 2 1 
6004 ; 5.251e-05 ; True ; 18 27 79 87 106  ; 1 1 2 2 1 1 
7003 ; 8.041e-05 ; True ; 6 27 38 78 87  ; 1 2 2 1 1 2 
7003 ; 8.306e-05 ; True ; 27 38 78 79 87  ; 1 2 1 2 1 2 
7003 ; 8.482e-05 ; True ; 27 78 79 87 106  ; 1 2 2 2 1 1 
9001 ; 0.0001047 ; True ; 6 27 35 79 87  ; 1 3 1 2 2 1 
1e+04 ; 0.0001186 ; True ; 26 27 28 35 79 87  ; 1 2 1 2 3 1 
1e+04 ; 0.0001546 ; True ; 27 38 78 79 87 106  ; 1 2 2 2 1 2 
1.1e+04 ; 0.0001572 ; True ; 18 27 78 79 87 88  ; 2 2 2 2 1 1 
1.1e+04 ; 0.0001579 ; True ; 6 26 27 79 87 106  ; 1 2 2 2 2 1 
1.2e+04 ; 0.0001909 ; True ; 27 38 78 79 87 99  ; 1 3 1 2 2 2 
1.2e+04 ; 0.0001949 ; True ; 6 27 35 79 87 106  ; 1 3 2 2 2 1 
1.4e+04 ; 0.0002177 ; True ; 6 27 35 78 79 87  ; 1 4 2 2 2 1 
1.501e+04 ; 0.0002199 ; True ; 18 26 27 35 79 87 88  ; 2 2 1 2 3 1 
1.501e+04 ; 0.0002878 ; True ; 26 27 38 78 79 87 106  ; 1 2 2 2 2 2 
1.501e+04 ; 0.0002927 ; True ; 18 27 35 79 87 88 106  ; 2 2 2 2 2 1 
1.6e+04 ; 0.0003553 ; True ; 6 27 35 38 79 87 106  ; 1 3 2 2 2 2 
1.7e+04 ; 0.0003613 ; True ; 18 27 35 78 79 87 88  ; 2 3 2 2 2 1 
1.8e+04 ; 0.0003969 ; True ; 6 27 38 78 79 87 99  ; 1 4 2 2 2 2 
1.9e+04 ; 0.0004035 ; True ; 6 27 78 79 87 88 99  ; 2 4 2 2 2 1 
2e+04 ; 0.0004224 ; True ; 6 27 33 78 79 87 99  ; 1 5 2 2 2 2 
2.001e+04 ; 0.0005336 ; True ; 18 27 35 38 79 87 88 106  ; 2 2 2 2 2 2 
2.201e+04 ; 0.0006587 ; True ; 18 27 38 78 79 87 88 99  ; 2 3 2 2 2 2 
2.4e+04 ; 0.0007357 ; True ; 18 27 33 35 78 79 87 88  ; 2 4 2 2 2 2 
2.6e+04 ; 0.0007831 ; True ; 6 27 33 78 79 87 88 99  ; 2 5 2 2 2 2 
2.801e+04 ; 0.0009214 ; True ; 18 26 27 35 38 78 79 87 88  ; 2 3 2 2 3 2 
2.901e+04 ; 0.0009506 ; True ; 18 27 38 76 78 79 87 88 99  ; 2 3 2 3 2 2 
3.001e+04 ; 0.001029 ; True ; 6 26 27 35 38 78 79 87 88  ; 2 4 2 2 3 2 
3.001e+04 ; 0.001029 ; True ; 6 18 27 35 38 78 79 87 88  ; 2 4 3 2 2 2 
3.1e+04 ; 0.001062 ; True ; 18 27 33 76 78 79 87 88 99  ; 2 4 2 3 2 2 
3.2e+04 ; 0.001095 ; True ; 18 27 33 35 78 79 87 88 99  ; 2 5 2 2 3 2 
3.4e+04 ; 0.001136 ; True ; 6 27 33 35 78 79 87 88 99  ; 2 6 2 2 3 2 
3.501e+04 ; 0.001289 ; True ; 18 26 27 28 35 38 78 79 87 88  ; 2 3 3 2 3 2 
3.601e+04 ; 0.00133 ; True ; 18 26 27 35 38 76 78 79 87 88  ; 2 3 2 3 3 2 
3.701e+04 ; 0.001439 ; True ; 6 26 27 35 38 78 79 87 88 106  ; 2 4 3 2 3 2 
3.801e+04 ; 0.001485 ; True ; 6 18 27 38 76 78 79 87 88 99  ; 2 4 3 3 2 2 
3.901e+04 ; 0.001532 ; True ; 6 18 27 35 38 78 79 87 88 99  ; 2 5 3 2 3 2 
4e+04 ; 0.001581 ; True ; 6 18 27 33 35 76 79 87 88 99  ; 2 5 2 3 3 2 
4.1e+04 ; 0.001589 ; True ; 6 18 27 33 35 78 79 87 88 99  ; 2 6 3 2 3 2 
4.3e+04 ; 0.001639 ; True ; 6 27 33 35 65 78 79 87 88 99  ; 2 6 2 3 3 2 
4.401e+04 ; 0.00186 ; True ; 18 26 27 35 38 76 78 79 87 88 106  ; 2 3 3 3 3 2 
4.601e+04 ; 0.002037 ; True ; 18 27 33 35 38 76 79 87 88 99 106  ; 2 4 2 3 3 3 
4.701e+04 ; 0.002077 ; True ; 6 26 27 35 38 76 78 79 87 88 106  ; 2 4 3 3 3 2 
4.801e+04 ; 0.002211 ; True ; 6 18 27 33 35 76 79 87 88 99 106  ; 2 5 3 3 3 2 
5.1e+04 ; 0.002249 ; True ; 6 24 27 33 35 38 78 79 87 88 99  ; 2 6 2 3 3 3 
5.2e+04 ; 0.002293 ; True ; 6 27 33 35 55 76 78 79 87 99 106  ; 2 6 3 3 3 2 
5.401e+04 ; 0.002316 ; True ; 18 26 27 35 38 43 76 78 79 87 88 106  ; 2 3 4 3 3 2 
5.501e+04 ; 0.002591 ; True ; 18 26 27 35 38 76 78 79 86 87 88 106  ; 3 3 3 3 3 2 
5.601e+04 ; 0.002894 ; True ; 18 27 34 35 38 39 76 78 79 87 88 99  ; 3 4 3 3 3 2 
5.901e+04 ; 0.003021 ; True ; 18 27 33 35 38 76 78 79 87 88 91 99  ; 3 5 2 3 3 3 
5.901e+04 ; 0.00308 ; True ; 6 18 27 33 35 76 79 87 88 91 99 106  ; 3 5 3 3 3 2 

RUN 3:
Optimum Distance: 0

Optimal Team: 
Required Skills: 11 12 15 23 55 56 
Distance; Skill Score; isValid; Team; Skill Counts
2001 ; 1.467e-05 ; True ; 27 78 87  ; 1 1 1 1 1 1 
3003 ; 2.674e-05 ; True ; 27 38 78 87  ; 1 1 1 1 1 2 
3003 ; 2.821e-05 ; True ; 27 79 87 106  ; 1 1 1 2 1 1 
5001 ; 4.556e-05 ; True ; 6 27 79 87  ; 1 2 1 2 1 1 
5005 ; 5.142e-05 ; True ; 27 38 79 87 106  ; 1 1 1 2 1 2 
6004 ; 5.251e-05 ; True ; 26 27 79 87 106  ; 1 1 1 2 2 1 
6004 ; 5.251e-05 ; True ; 18 27 79 87 106  ; 1 1 2 2 1 1 
7003 ; 8.306e-05 ; True ; 6 27 38 79 87  ; 1 2 1 2 1 2 
7003 ; 8.482e-05 ; True ; 27 79 87 99 106  ; 1 2 1 2 2 1 
9001 ; 0.0001047 ; True ; 6 27 35 79 87  ; 1 3 1 2 2 1 
1e+04 ; 0.0001186 ; True ; 26 27 28 35 79 87  ; 1 2 1 2 3 1 
1e+04 ; 0.0001546 ; True ; 27 38 78 79 87 106  ; 1 2 2 2 1 2 
1.1e+04 ; 0.0001579 ; True ; 26 27 78 79 87 106  ; 1 2 2 2 2 1 
1.2e+04 ; 0.0001909 ; True ; 6 27 38 79 87 99  ; 1 3 1 2 2 2 
1.2e+04 ; 0.0001949 ; True ; 6 27 35 79 87 106  ; 1 3 2 2 2 1 
1.4e+04 ; 0.0002177 ; True ; 6 27 35 78 79 87  ; 1 4 2 2 2 1 
1.501e+04 ; 0.0002199 ; True ; 26 27 28 35 79 87 88  ; 2 2 1 2 3 1 
1.501e+04 ; 0.0002878 ; True ; 26 27 38 78 79 87 106  ; 1 2 2 2 2 2 
1.501e+04 ; 0.0002927 ; True ; 18 27 79 87 88 99 106  ; 2 2 2 2 2 1 
1.6e+04 ; 0.0003553 ; True ; 27 38 78 79 87 99 106  ; 1 3 2 2 2 2 
1.7e+04 ; 0.0003613 ; True ; 18 27 35 78 79 87 88  ; 2 3 2 2 2 1 
1.8e+04 ; 0.0003969 ; True ; 6 27 38 78 79 87 99  ; 1 4 2 2 2 2 
1.9e+04 ; 0.0004035 ; True ; 6 27 78 79 87 88 99  ; 2 4 2 2 2 1 
2e+04 ; 0.0004224 ; True ; 6 27 33 78 79 87 99  ; 1 5 2 2 2 2 
2.001e+04 ; 0.0005336 ; True ; 18 27 35 38 79 87 88 106  ; 2 2 2 2 2 2 
2.201e+04 ; 0.0006587 ; True ; 18 27 35 38 78 79 87 88  ; 2 3 2 2 2 2 
2.4e+04 ; 0.0007357 ; True ; 18 27 33 78 79 87 88 99  ; 2 4 2 2 2 2 
2.6e+04 ; 0.0007831 ; True ; 6 27 33 78 79 87 88 99  ; 2 5 2 2 2 2 
2.801e+04 ; 0.0009214 ; True ; 18 26 27 35 38 78 79 87 88  ; 2 3 2 2 3 2 
2.901e+04 ; 0.0009506 ; True ; 18 27 38 76 78 79 87 88 99  ; 2 3 2 3 2 2 
3.001e+04 ; 0.001029 ; True ; 6 26 27 35 38 78 79 87 88  ; 2 4 2 2 3 2 
3.001e+04 ; 0.001029 ; True ; 6 18 27 38 78 79 87 88 99  ; 2 4 3 2 2 2 
3.1e+04 ; 0.001062 ; True ; 18 27 33 76 78 79 87 88 99  ; 2 4 2 3 2 2 
3.2e+04 ; 0.001095 ; True ; 6 26 27 33 35 78 79 87 88  ; 2 5 2 2 3 2 
3.4e+04 ; 0.00113 ; True ; 6 27 33 35 78 79 87 88 93  ; 2 5 2 3 2 2 
3.5e+04 ; 0.001136 ; True ; 6 27 33 35 78 79 87 99 126  ; 2 6 2 2 3 2 
3.501e+04 ; 0.001148 ; True ; 18 26 27 28 35 38 79 87 88 99  ; 2 3 2 2 4 2 
3.501e+04 ; 0.001289 ; True ; 18 26 27 35 38 78 79 87 88 106  ; 2 3 3 2 3 2 
3.601e+04 ; 0.00133 ; True ; 18 27 35 38 76 79 87 88 99 106  ; 2 3 2 3 3 2 
3.701e+04 ; 0.001411 ; True ; 26 27 28 33 35 38 78 79 87 88  ; 2 4 2 2 3 3 
3.701e+04 ; 0.001411 ; True ; 18 27 33 35 38 78 79 87 88 106  ; 2 4 3 2 2 3 
3.701e+04 ; 0.001439 ; True ; 18 27 35 38 78 79 87 88 99 106  ; 2 4 3 2 3 2 
3.801e+04 ; 0.001485 ; True ; 18 27 35 38 76 78 79 87 88 99  ; 2 4 2 3 3 2 
3.901e+04 ; 0.001502 ; True ; 18 27 33 35 38 78 79 87 88 99  ; 2 5 2 2 3 3 
3.901e+04 ; 0.001532 ; True ; 6 26 27 33 35 78 79 87 88 106  ; 2 5 3 2 3 2 
4.1e+04 ; 0.001589 ; True ; 6 18 27 33 35 78 79 87 88 99  ; 2 6 3 2 3 2 
4.301e+04 ; 0.001605 ; True ; 18 26 27 28 35 38 78 79 87 88 106  ; 2 3 4 2 3 2 
4.4e+04 ; 0.001639 ; True ; 6 27 33 35 76 78 79 87 99 126  ; 2 6 2 3 3 2 
4.401e+04 ; 0.001768 ; True ; 18 26 27 35 38 78 79 87 88 97 106  ; 2 3 3 2 3 3 
4.501e+04 ; 0.00186 ; True ; 18 26 27 28 35 38 78 79 87 88 93  ; 2 3 3 3 3 2 
4.601e+04 ; 0.001974 ; True ; 18 27 35 38 78 79 87 88 97 99 106  ; 2 4 3 2 3 3 
4.601e+04 ; 0.002037 ; True ; 18 27 33 38 76 78 79 87 88 99 106  ; 2 4 3 3 2 3 
4.601e+04 ; 0.002077 ; True ; 18 27 35 38 76 78 79 87 88 99 106  ; 2 4 3 3 3 2 
4.701e+04 ; 0.002101 ; True ; 18 27 33 35 38 78 79 87 88 99 106  ; 2 5 3 2 3 3 
4.901e+04 ; 0.002168 ; True ; 18 27 33 35 38 78 79 87 88 93 99  ; 2 5 2 3 3 3 
4.901e+04 ; 0.002211 ; True ; 18 24 27 33 35 78 79 87 88 99 106  ; 2 5 3 3 3 2 
5.1e+04 ; 0.002249 ; True ; 6 27 33 35 38 78 79 87 88 93 99  ; 2 6 2 3 3 3 
5.2e+04 ; 0.002293 ; True ; 6 18 27 33 35 76 78 79 87 99 126  ; 2 6 3 3 3 2 
5.501e+04 ; 0.002414 ; True ; 18 26 27 33 35 38 78 79 87 88 97 106  ; 2 4 3 2 3 4 
5.501e+04 ; 0.002463 ; True ; 18 26 27 35 38 78 79 86 87 88 97 106  ; 3 3 3 2 3 3 
5.601e+04 ; 0.002537 ; True ; 18 26 27 33 35 76 79 87 88 97 99 106  ; 2 4 2 3 4 3 
5.601e+04 ; 0.002617 ; True ; 18 26 27 33 35 38 78 79 87 88 99 106  ; 2 5 3 2 4 3 
5.701e+04 ; 0.002849 ; True ; 18 26 27 33 35 65 78 79 87 88 97 106  ; 2 4 3 3 3 3 
5.701e+04 ; 0.002894 ; True ; 18 27 35 38 76 78 79 86 87 88 99 106  ; 3 4 3 3 3 2 
5.801e+04 ; 0.003032 ; True ; 18 27 33 35 38 78 79 87 88 93 99 106  ; 2 5 3 3 3 3 
6.001e+04 ; 0.003145 ; True ; 6 27 33 35 38 78 79 87 88 93 99 106  ; 2 6 3 3 3 3 
6.2e+04 ; 0.003195 ; True ; 6 27 33 35 78 79 87 88 93 99 106 117  ; 3 6 3 3 3 2 

RUN 4:
Optimum Distance: 0

Optimal Team: 
Required Skills: 11 12 15 23 55 56 
Distance; Skill Score; isValid; Team; Skill Counts
2001 ; 1.467e-05 ; True ; 6 27 87  ; 1 1 1 1 1 1 
3003 ; 2.674e-05 ; True ; 6 27 38 87  ; 1 1 1 1 1 2 
3003 ; 2.821e-05 ; True ; 27 79 87 106  ; 1 1 1 2 1 1 
5001 ; 4.556e-05 ; True ; 6 27 79 87  ; 1 2 1 2 1 1 
5005 ; 5.142e-05 ; True ; 27 38 79 87 106  ; 1 1 1 2 1 2 
6004 ; 5.229e-05 ; True ; 18 27 79 87 88  ; 2 1 1 2 1 1 
6004 ; 5.251e-05 ; True ; 26 27 79 87 106  ; 1 1 1 2 2 1 
6004 ; 5.251e-05 ; True ; 18 27 79 87 106  ; 1 1 2 2 1 1 
7003 ; 8.041e-05 ; True ; 6 27 38 87 99  ; 1 2 1 1 2 2 
7003 ; 8.306e-05 ; True ; 6 27 38 79 87  ; 1 2 1 2 1 2 
7003 ; 8.482e-05 ; True ; 27 35 79 87 106  ; 1 2 1 2 2 1 
9001 ; 0.0001047 ; True ; 6 27 35 79 87  ; 1 3 1 2 2 1 
1e+04 ; 0.0001186 ; True ; 26 27 28 35 79 87  ; 1 2 1 2 3 1 
1e+04 ; 0.0001546 ; True ; 27 38 79 87 99 106  ; 1 2 1 2 2 2 
1.1e+04 ; 0.0001579 ; True ; 6 26 27 79 87 106  ; 1 2 2 2 2 1 
1.2e+04 ; 0.0001909 ; True ; 6 27 35 38 79 87  ; 1 3 1 2 2 2 
1.2e+04 ; 0.0001949 ; True ; 6 27 35 79 87 106  ; 1 3 2 2 2 1 
1.4e+04 ; 0.0002177 ; True ; 6 27 35 78 79 87  ; 1 4 2 2 2 1 
1.501e+04 ; 0.0002199 ; True ; 18 26 27 35 79 87 88  ; 2 2 1 2 3 1 
1.501e+04 ; 0.0002878 ; True ; 6 26 27 38 79 87 106  ; 1 2 2 2 2 2 
1.501e+04 ; 0.0002927 ; True ; 18 27 79 87 88 99 106  ; 2 2 2 2 2 1 
1.6e+04 ; 0.0003553 ; True ; 6 27 38 79 87 99 106  ; 1 3 2 2 2 2 
1.7e+04 ; 0.0003613 ; True ; 6 18 27 79 87 88 99  ; 2 3 2 2 2 1 
1.8e+04 ; 0.0003969 ; True ; 6 27 38 78 79 87 99  ; 1 4 2 2 2 2 
1.9e+04 ; 0.0004035 ; True ; 6 27 35 78 79 87 88  ; 2 4 2 2 2 1 
2e+04 ; 0.0004224 ; True ; 6 27 33 35 78 79 87  ; 1 5 2 2 2 2 
2.001e+04 ; 0.0005336 ; True ; 18 27 35 38 79 87 88 106  ; 2 2 2 2 2 2 
2.201e+04 ; 0.0006587 ; True ; 6 18 27 38 79 87 88 99  ; 2 3 2 2 2 2 
2.4e+04 ; 0.0007357 ; True ; 18 27 33 78 79 87 88 99  ; 2 4 2 2 2 2 
2.6e+04 ; 0.0007831 ; True ; 6 27 33 35 78 79 87 88  ; 2 5 2 2 2 2 
2.801e+04 ; 0.0009214 ; True ; 18 26 27 35 38 78 79 87 88  ; 2 3 2 2 3 2 
2.901e+04 ; 0.0009506 ; True ; 18 27 33 35 76 79 87 88 106  ; 2 3 2 3 2 2 
3.001e+04 ; 0.001029 ; True ; 18 26 27 33 35 78 79 87 88  ; 2 4 2 2 3 2 
3.001e+04 ; 0.001029 ; True ; 6 18 27 33 79 87 88 99 106  ; 2 4 3 2 2 2 
3.1e+04 ; 0.001062 ; True ; 6 18 27 33 76 79 87 88 99  ; 2 4 2 3 2 2 
3.2e+04 ; 0.001095 ; True ; 6 26 27 33 35 78 79 87 88  ; 2 5 2 2 3 2 
3.4e+04 ; 0.001136 ; True ; 6 27 33 35 78 79 87 88 99  ; 2 6 2 2 3 2 
3.501e+04 ; 0.001289 ; True ; 18 26 27 35 38 78 79 87 88 106  ; 2 3 3 2 3 2 
3.601e+04 ; 0.00133 ; True ; 18 26 27 35 38 76 78 79 87 88  ; 2 3 2 3 3 2 
3.701e+04 ; 0.001411 ; True ; 18 26 27 33 35 38 78 79 87 88  ; 2 4 2 2 3 3 
3.701e+04 ; 0.001439 ; True ; 18 26 27 33 35 78 79 87 88 106  ; 2 4 3 2 3 2 
3.801e+04 ; 0.001485 ; True ; 6 18 26 27 33 35 76 79 87 88  ; 2 4 2 3 3 2 
3.901e+04 ; 0.001532 ; True ; 6 18 26 27 33 35 78 79 87 88  ; 2 5 3 2 3 2 
4.1e+04 ; 0.001581 ; True ; 6 26 27 33 35 49 78 79 87 88  ; 2 5 2 3 3 2 
4.1e+04 ; 0.001589 ; True ; 6 18 27 33 35 78 79 87 88 99  ; 2 6 3 2 3 2 
4.3e+04 ; 0.001639 ; True ; 6 24 27 33 35 78 79 87 88 99  ; 2 6 2 3 3 2 
4.401e+04 ; 0.001824 ; True ; 18 26 27 33 35 38 76 79 87 88 106  ; 2 3 2 3 3 3 
4.501e+04 ; 0.00186 ; True ; 18 26 27 35 38 78 79 87 88 93 106  ; 2 3 3 3 3 2 
4.501e+04 ; 0.001974 ; True ; 18 26 27 33 35 38 78 79 87 88 106  ; 2 4 3 2 3 3 
4.601e+04 ; 0.002037 ; True ; 6 18 27 33 38 76 79 87 88 99 106  ; 2 4 3 3 2 3 
4.701e+04 ; 0.002101 ; True ; 6 18 26 27 33 35 38 78 79 87 88  ; 2 5 3 2 3 3 
4.901e+04 ; 0.002168 ; True ; 6 26 27 33 35 38 78 79 87 88 127  ; 2 5 2 3 3 3 
4.901e+04 ; 0.002211 ; True ; 18 24 27 33 35 78 79 87 88 99 106  ; 2 5 3 3 3 2 
5.1e+04 ; 0.002214 ; True ; 6 18 27 33 35 78 79 87 88 99 117  ; 3 6 3 2 3 2 
5.601e+04 ; 0.002316 ; True ; 18 26 27 35 38 78 79 87 88 93 104 106  ; 2 3 3 3 4 2 
5.601e+04 ; 0.002617 ; True ; 18 26 27 33 35 38 78 79 87 88 99 106  ; 2 5 3 2 4 3 
5.701e+04 ; 0.002849 ; True ; 18 26 27 33 38 52 78 79 87 88 99 106  ; 2 4 3 3 3 3 
5.801e+04 ; 0.002928 ; True ; 6 15 26 27 33 35 38 78 79 87 88 106  ; 3 5 3 2 3 3 
5.801e+04 ; 0.003032 ; True ; 6 18 27 33 35 38 77 79 87 88 99 106  ; 2 5 3 3 3 3 
6.001e+04 ; 0.00308 ; True ; 18 24 27 33 35 78 79 87 88 91 99 106  ; 3 5 3 3 3 2 

RUN 5:
Optimum Distance: 0

Optimal Team: 
Required Skills: 11 12 15 23 55 56 
Distance; Skill Score; isValid; Team; Skill Counts
2001 ; 1.467e-05 ; True ; 27 78 87  ; 1 1 1 1 1 1 
3003 ; 2.674e-05 ; True ; 6 27 38 87  ; 1 1 1 1 1 2 
3003 ; 2.821e-05 ; True ; 27 79 87 106  ; 1 1 1 2 1 1 
5001 ; 4.556e-05 ; True ; 27 78 79 87  ; 1 2 1 2 1 1 
5005 ; 5.142e-05 ; True ; 27 38 79 87 106  ; 1 1 1 2 1 2 
6004 ; 5.251e-05 ; True ; 26 27 79 87 106  ; 1 1 1 2 2 1 
6004 ; 5.251e-05 ; True ; 18 27 79 87 106  ; 1 1 2 2 1 1 
7003 ; 8.041e-05 ; True ; 6 27 35 38 87  ; 1 2 1 1 2 2 
7003 ; 8.306e-05 ; True ; 6 27 38 79 87  ; 1 2 1 2 1 2 
7003 ; 8.482e-05 ; True ; 27 79 87 99 106  ; 1 2 1 2 2 1 
9001 ; 0.0001047 ; True ; 27 35 78 79 87  ; 1 3 1 2 2 1 
1e+04 ; 0.0001186 ; True ; 26 27 28 35 79 87  ; 1 2 1 2 3 1 
1e+04 ; 0.0001546 ; True ; 27 35 38 79 87 106  ; 1 2 1 2 2 2 
1.1e+04 ; 0.0001572 ; True ; 18 27 79 87 88 99  ; 2 2 1 2 2 1 
1.1e+04 ; 0.0001579 ; True ; 26 27 78 79 87 106  ; 1 2 2 2 2 1 
1.2e+04 ; 0.0001909 ; True ; 6 27 38 79 87 99  ; 1 3 1 2 2 2 
1.2e+04 ; 0.0001949 ; True ; 6 27 35 79 87 106  ; 1 3 2 2 2 1 
1.4e+04 ; 0.0002177 ; True ; 6 27 78 79 87 99  ; 1 4 2 2 2 1 
1.501e+04 ; 0.0002867 ; True ; 18 27 38 79 87 88 99  ; 2 2 1 2 2 2 
1.501e+04 ; 0.0002878 ; True ; 6 26 27 38 79 87 106  ; 1 2 2 2 2 2 
1.501e+04 ; 0.0002927 ; True ; 18 27 79 87 88 99 106  ; 2 2 2 2 2 1 
1.6e+04 ; 0.0003553 ; True ; 6 27 35 38 79 87 106  ; 1 3 2 2 2 2 
1.7e+04 ; 0.0003613 ; True ; 6 18 27 35 79 87 88  ; 2 3 2 2 2 1 
1.8e+04 ; 0.0003969 ; True ; 6 27 38 78 79 87 99  ; 1 4 2 2 2 2 
1.9e+04 ; 0.0004035 ; True ; 6 27 78 79 87 88 99  ; 2 4 2 2 2 1 
2e+04 ; 0.0004224 ; True ; 6 27 33 78 79 87 99  ; 1 5 2 2 2 2 
2.001e+04 ; 0.0005336 ; True ; 18 27 35 38 79 87 88 106  ; 2 2 2 2 2 2 
2.201e+04 ; 0.0006587 ; True ; 6 18 27 38 79 87 88 99  ; 2 3 2 2 2 2 
2.4e+04 ; 0.0007357 ; True ; 6 18 27 33 35 79 87 88  ; 2 4 2 2 2 2 
2.6e+04 ; 0.0007831 ; True ; 6 27 33 35 78 79 87 88  ; 2 5 2 2 2 2 
2.801e+04 ; 0.0009214 ; True ; 6 18 26 27 35 38 79 87 88  ; 2 3 2 2 3 2 
2.901e+04 ; 0.0009506 ; True ; 6 18 27 35 38 76 79 87 88  ; 2 3 2 3 2 2 
3.001e+04 ; 0.001029 ; True ; 6 18 26 27 33 35 79 87 88  ; 2 4 2 2 3 2 
3.001e+04 ; 0.001029 ; True ; 6 18 27 38 78 79 87 88 99  ; 2 4 3 2 2 2 
3.1e+04 ; 0.001062 ; True ; 6 18 27 33 76 79 87 88 99  ; 2 4 2 3 2 2 
3.2e+04 ; 0.001095 ; True ; 6 26 27 33 35 78 79 87 88  ; 2 5 2 2 3 2 
3.4e+04 ; 0.001136 ; True ; 6 27 33 35 78 79 87 88 99  ; 2 6 2 2 3 2 
3.501e+04 ; 0.001289 ; True ; 6 18 26 27 35 38 79 87 88 106  ; 2 3 3 2 3 2 
3.601e+04 ; 0.00133 ; True ; 6 18 26 27 35 38 76 79 87 88  ; 2 3 2 3 3 2 
3.701e+04 ; 0.001439 ; True ; 6 18 26 27 35 38 78 79 87 88  ; 2 4 3 2 3 2 
3.801e+04 ; 0.001485 ; True ; 6 18 26 27 33 35 76 79 87 88  ; 2 4 2 3 3 2 
3.901e+04 ; 0.001532 ; True ; 6 18 26 27 33 35 78 79 87 88  ; 2 5 3 2 3 2 
4e+04 ; 0.001581 ; True ; 6 18 27 33 35 76 79 87 88 99  ; 2 5 2 3 3 2 
4.1e+04 ; 0.001589 ; True ; 6 18 27 33 35 78 79 87 88 99  ; 2 6 3 2 3 2 
4.3e+04 ; 0.001639 ; True ; 6 27 33 35 78 79 87 88 99 127  ; 2 6 2 3 3 2 
4.401e+04 ; 0.00186 ; True ; 6 18 26 27 35 38 76 79 87 88 106  ; 2 3 3 3 3 2 
4.501e+04 ; 0.001974 ; True ; 6 18 26 27 33 35 38 79 87 88 106  ; 2 4 3 2 3 3 
4.601e+04 ; 0.002077 ; True ; 6 18 27 35 38 76 79 87 88 99 106  ; 2 4 3 3 3 2 
4.701e+04 ; 0.002101 ; True ; 6 18 27 33 35 38 79 87 88 99 106  ; 2 5 3 2 3 3 
4.801e+04 ; 0.002211 ; True ; 6 18 27 35 38 76 78 79 87 88 99  ; 2 5 3 3 3 2 
5e+04 ; 0.002293 ; True ; 6 18 27 33 35 76 78 79 87 88 99  ; 2 6 3 3 3 2 
5.401e+04 ; 0.002316 ; True ; 6 18 26 27 35 38 43 76 79 87 88 106  ; 2 3 4 3 3 2 
5.501e+04 ; 0.002587 ; True ; 6 18 26 27 35 38 76 79 87 88 99 106  ; 2 4 3 3 4 2 
5.501e+04 ; 0.002849 ; True ; 6 18 26 27 33 35 38 76 79 87 88 106  ; 2 4 3 3 3 3 
5.801e+04 ; 0.002894 ; True ; 6 18 26 27 35 38 78 79 81 87 88 127  ; 3 4 3 3 3 2 
5.901e+04 ; 0.003032 ; True ; 6 18 27 33 35 38 76 79 87 88 99 110  ; 2 5 3 3 3 3 
5.901e+04 ; 0.00308 ; True ; 6 12 18 27 33 35 76 79 87 88 99 106  ; 3 5 3 3 3 2 
6.001e+04 ; 0.003145 ; True ; 6 18 27 33 35 38 78 79 87 88 99 127  ; 2 6 3 3 3 3 
6.2e+04 ; 0.003195 ; True ; 6 12 18 27 33 35 78 79 87 88 99 127  ; 3 6 3 3 3 2 

RUN 6:
Optimum Distance: 0

Optimal Team: 
Required Skills: 11 12 15 23 55 56 
Distance; Skill Score; isValid; Team; Skill Counts
2001 ; 1.467e-05 ; True ; 27 78 87  ; 1 1 1 1 1 1 
3003 ; 2.674e-05 ; True ; 27 38 78 87  ; 1 1 1 1 1 2 
3003 ; 2.821e-05 ; True ; 27 79 87 106  ; 1 1 1 2 1 1 
5001 ; 4.556e-05 ; True ; 27 78 79 87  ; 1 2 1 2 1 1 
5005 ; 5.142e-05 ; True ; 27 38 79 87 106  ; 1 1 1 2 1 2 
6004 ; 5.251e-05 ; True ; 26 27 79 87 106  ; 1 1 1 2 2 1 
6004 ; 5.251e-05 ; True ; 18 27 79 87 106  ; 1 1 2 2 1 1 
7003 ; 8.041e-05 ; True ; 6 27 38 78 87  ; 1 2 2 1 1 2 
7003 ; 8.306e-05 ; True ; 27 38 78 79 87  ; 1 2 1 2 1 2 
7003 ; 8.482e-05 ; True ; 6 27 79 87 106  ; 1 2 2 2 1 1 
9001 ; 0.0001047 ; True ; 6 27 35 79 87  ; 1 3 1 2 2 1 
1e+04 ; 0.0001186 ; True ; 26 27 28 35 79 87  ; 1 2 1 2 3 1 
1e+04 ; 0.0001546 ; True ; 27 38 78 79 87 106  ; 1 2 2 2 1 2 
1.1e+04 ; 0.0001579 ; True ; 26 27 78 79 87 106  ; 1 2 2 2 2 1 
1.2e+04 ; 0.0001909 ; True ; 27 35 38 78 79 87  ; 1 3 1 2 2 2 
1.2e+04 ; 0.0001949 ; True ; 6 27 35 79 87 106  ; 1 3 2 2 2 1 
1.4e+04 ; 0.0002177 ; True ; 6 27 78 79 87 99  ; 1 4 2 2 2 1 
1.401e+04 ; 0.0002208 ; True ; 26 27 28 35 79 87 106  ; 1 2 2 2 3 1 
1.501e+04 ; 0.0002878 ; True ; 26 27 38 78 79 87 106  ; 1 2 2 2 2 2 
1.501e+04 ; 0.0002927 ; True ; 18 27 35 79 87 88 106  ; 2 2 2 2 2 1 
1.6e+04 ; 0.0003553 ; True ; 27 35 38 78 79 87 106  ; 1 3 2 2 2 2 
1.7e+04 ; 0.0003613 ; True ; 6 18 27 35 79 87 88  ; 2 3 2 2 2 1 
1.8e+04 ; 0.0003969 ; True ; 6 27 35 38 78 79 87  ; 1 4 2 2 2 2 
1.9e+04 ; 0.0004035 ; True ; 6 27 35 78 79 87 88  ; 2 4 2 2 2 1 
2e+04 ; 0.0004224 ; True ; 6 27 33 35 78 79 87  ; 1 5 2 2 2 2 
2.001e+04 ; 0.0005336 ; True ; 18 27 35 38 79 87 88 106  ; 2 2 2 2 2 2 
2.201e+04 ; 0.0006587 ; True ; 6 18 27 35 38 79 87 88  ; 2 3 2 2 2 2 
2.4e+04 ; 0.0007357 ; True ; 6 18 27 33 35 79 87 88  ; 2 4 2 2 2 2 
2.6e+04 ; 0.0007831 ; True ; 6 27 33 35 78 79 87 88  ; 2 5 2 2 2 2 
2.801e+04 ; 0.0009214 ; True ; 6 18 26 27 35 38 79 87 88  ; 2 3 2 2 3 2 
2.901e+04 ; 0.0009506 ; True ; 6 18 27 35 38 76 79 87 88  ; 2 3 2 3 2 2 
3.001e+04 ; 0.001029 ; True ; 18 26 27 33 35 78 79 87 88  ; 2 4 2 2 3 2 
3.001e+04 ; 0.001029 ; True ; 6 18 27 35 38 78 79 87 88  ; 2 4 3 2 2 2 
3.2e+04 ; 0.001095 ; True ; 6 26 27 33 35 78 79 87 88  ; 2 5 2 2 3 2 
3.4e+04 ; 0.001136 ; True ; 6 27 33 35 78 79 87 88 99  ; 2 6 2 2 3 2 
3.501e+04 ; 0.001289 ; True ; 6 18 26 27 35 38 79 87 88 106  ; 2 3 3 2 3 2 
3.601e+04 ; 0.00133 ; True ; 6 18 27 35 38 76 79 87 88 106  ; 2 3 3 3 2 2 
3.701e+04 ; 0.001439 ; True ; 6 18 26 27 35 38 78 79 87 88  ; 2 4 3 2 3 2 
3.801e+04 ; 0.001485 ; True ; 6 18 27 35 38 76 78 79 87 88  ; 2 4 3 3 2 2 
3.901e+04 ; 0.001532 ; True ; 6 18 26 27 33 35 78 79 87 88  ; 2 5 3 2 3 2 
4.1e+04 ; 0.001581 ; True ; 6 26 27 33 35 77 78 79 87 88  ; 2 5 2 3 3 2 
4.1e+04 ; 0.001589 ; True ; 6 18 27 33 35 78 79 87 88 99  ; 2 6 3 2 3 2 
4.401e+04 ; 0.00186 ; True ; 6 18 26 27 35 38 76 79 87 88 106  ; 2 3 3 3 3 2 
4.601e+04 ; 0.002077 ; True ; 6 18 27 35 38 76 79 87 88 99 106  ; 2 4 3 3 3 2 
4.801e+04 ; 0.002101 ; True ; 6 18 27 35 38 78 79 87 88 97 99  ; 2 5 3 2 3 3 
4.901e+04 ; 0.002211 ; True ; 6 18 27 35 38 65 78 79 87 88 99  ; 2 5 3 3 3 2 
5.501e+04 ; 0.002849 ; True ; 6 18 26 27 33 35 38 76 79 87 88 106  ; 2 4 3 3 3 3 
5.801e+04 ; 0.002894 ; True ; 6 26 27 35 38 62 65 78 79 87 88 106  ; 3 4 3 3 3 2 
5.901e+04 ; 0.003032 ; True ; 6 24 26 27 33 35 38 78 79 87 106 126  ; 2 5 3 3 3 3 
6.1e+04 ; 0.00308 ; True ; 6 26 27 33 35 63 77 78 79 87 106 126  ; 3 5 3 3 3 2 

RUN 7:
Optimum Distance: 0

Optimal Team: 
Required Skills: 11 12 15 23 55 56 
Distance; Skill Score; isValid; Team; Skill Counts
2001 ; 1.467e-05 ; True ; 6 27 87  ; 1 1 1 1 1 1 
3003 ; 2.674e-05 ; True ; 6 27 38 87  ; 1 1 1 1 1 2 
3003 ; 2.821e-05 ; True ; 27 79 87 106  ; 1 1 1 2 1 1 
5001 ; 4.556e-05 ; True ; 6 27 79 87  ; 1 2 1 2 1 1 
5005 ; 4.978e-05 ; True ; 27 38 87 99 106  ; 1 1 1 1 2 2 
5005 ; 5.142e-05 ; True ; 27 38 79 87 106  ; 1 1 1 2 1 2 
6004 ; 5.229e-05 ; True ; 18 27 79 87 88  ; 2 1 1 2 1 1 
6004 ; 5.251e-05 ; True ; 26 27 79 87 106  ; 1 1 1 2 2 1 
6004 ; 5.251e-05 ; True ; 18 27 79 87 106  ; 1 1 2 2 1 1 
7003 ; 8.041e-05 ; True ; 6 27 38 87 99  ; 1 2 1 1 2 2 
7003 ; 8.306e-05 ; True ; 6 27 38 79 87  ; 1 2 1 2 1 2 
7003 ; 8.482e-05 ; True ; 27 79 87 99 106  ; 1 2 1 2 2 1 
9001 ; 0.0001047 ; True ; 6 27 35 79 87  ; 1 3 1 2 2 1 
1e+04 ; 0.0001186 ; True ; 26 27 35 79 87 106  ; 1 2 1 2 3 1 
1e+04 ; 0.0001546 ; True ; 6 27 38 79 87 106  ; 1 2 2 2 1 2 
1.1e+04 ; 0.0001579 ; True ; 6 26 27 79 87 106  ; 1 2 2 2 2 1 
1.2e+04 ; 0.0001909 ; True ; 6 27 38 79 87 99  ; 1 3 1 2 2 2 
1.2e+04 ; 0.0001949 ; True ; 6 27 35 79 87 106  ; 1 3 2 2 2 1 
1.4e+04 ; 0.0002177 ; True ; 6 27 35 78 79 87  ; 1 4 2 2 2 1 
1.401e+04 ; 0.0002208 ; True ; 26 27 28 35 79 87 106  ; 1 2 2 2 3 1 
1.501e+04 ; 0.0002878 ; True ; 6 26 27 38 79 87 106  ; 1 2 2 2 2 2 
1.501e+04 ; 0.0002927 ; True ; 18 27 79 87 88 99 106  ; 2 2 2 2 2 1 
1.6e+04 ; 0.0003553 ; True ; 6 27 38 79 87 99 106  ; 1 3 2 2 2 2 
1.7e+04 ; 0.0003613 ; True ; 18 27 78 79 87 88 99  ; 2 3 2 2 2 1 
1.8e+04 ; 0.0003969 ; True ; 6 27 35 38 78 79 87  ; 1 4 2 2 2 2 
1.9e+04 ; 0.0004035 ; True ; 6 27 78 79 87 88 99  ; 2 4 2 2 2 1 
2e+04 ; 0.0004224 ; True ; 6 27 33 78 79 87 99  ; 1 5 2 2 2 2 
2.001e+04 ; 0.0005336 ; True ; 18 27 38 79 87 88 99 106  ; 2 2 2 2 2 2 
2.201e+04 ; 0.0006587 ; True ; 18 27 38 78 79 87 88 99  ; 2 3 2 2 2 2 
2.4e+04 ; 0.0007357 ; True ; 18 27 33 35 78 79 87 88  ; 2 4 2 2 2 2 
2.6e+04 ; 0.0007831 ; True ; 6 27 33 78 79 87 88 99  ; 2 5 2 2 2 2 
2.801e+04 ; 0.0009214 ; True ; 18 26 27 35 38 78 79 87 88  ; 2 3 2 2 3 2 
2.901e+04 ; 0.0009506 ; True ; 18 27 38 76 78 79 87 88 99  ; 2 3 2 3 2 2 
3.001e+04 ; 0.001029 ; True ; 18 26 27 33 35 78 79 87 88  ; 2 4 2 2 3 2 
3.001e+04 ; 0.001029 ; True ; 6 18 27 35 38 78 79 87 88  ; 2 4 3 2 2 2 
3.1e+04 ; 0.001062 ; True ; 18 27 33 76 78 79 87 88 99  ; 2 4 2 3 2 2 
3.2e+04 ; 0.001095 ; True ; 6 26 27 33 35 78 79 87 88  ; 2 5 2 2 3 2 
3.4e+04 ; 0.001136 ; True ; 6 27 33 35 78 79 87 88 99  ; 2 6 2 2 3 2 
3.501e+04 ; 0.001148 ; True ; 18 26 27 35 38 79 87 88 99 106  ; 2 3 2 2 4 2 
3.501e+04 ; 0.001289 ; True ; 18 26 27 35 38 78 79 87 88 106  ; 2 3 3 2 3 2 
3.601e+04 ; 0.00133 ; True ; 18 27 35 38 76 79 87 88 99 106  ; 2 3 2 3 3 2 
3.701e+04 ; 0.001411 ; True ; 18 26 27 33 35 38 78 79 87 88  ; 2 4 2 2 3 3 
3.701e+04 ; 0.001439 ; True ; 6 26 27 34 35 38 78 79 87 88  ; 2 4 3 2 3 2 
3.801e+04 ; 0.001485 ; True ; 18 27 35 38 76 78 79 87 88 99  ; 2 4 2 3 3 2 
3.901e+04 ; 0.001532 ; True ; 6 26 27 28 33 35 78 79 87 88  ; 2 5 3 2 3 2 
4e+04 ; 0.001581 ; True ; 6 18 27 33 35 76 79 87 88 99  ; 2 5 2 3 3 2 
4.1e+04 ; 0.001589 ; True ; 6 18 27 33 35 78 79 87 88 99  ; 2 6 3 2 3 2 
4.3e+04 ; 0.001639 ; True ; 6 27 33 35 65 78 79 87 88 99  ; 2 6 2 3 3 2 
4.501e+04 ; 0.001768 ; True ; 18 26 27 35 38 41 78 79 87 88 106  ; 2 3 3 2 3 3 
4.501e+04 ; 0.001824 ; True ; 6 18 26 27 33 38 76 79 87 88 106  ; 2 3 3 3 2 3 
4.601e+04 ; 0.00185 ; True ; 18 26 27 35 38 76 78 79 87 88 99  ; 2 4 2 3 4 2 
4.601e+04 ; 0.002077 ; True ; 6 18 26 27 33 35 76 79 87 88 106  ; 2 4 3 3 3 2 
4.701e+04 ; 0.002101 ; True ; 6 18 27 33 35 38 79 87 88 99 106  ; 2 5 3 2 3 3 
4.801e+04 ; 0.002211 ; True ; 18 27 33 35 76 78 79 87 88 99 106  ; 2 5 3 3 3 2 
5e+04 ; 0.002293 ; True ; 6 18 27 33 35 76 78 79 87 88 99  ; 2 6 3 3 3 2 
5.601e+04 ; 0.002617 ; True ; 18 26 27 33 35 38 78 79 87 88 99 106  ; 2 5 3 2 4 3 
5.701e+04 ; 0.002754 ; True ; 6 18 27 35 38 76 78 79 87 88 99 106  ; 2 5 4 3 3 2 
5.701e+04 ; 0.002894 ; True ; 6 18 27 35 38 76 79 87 88 99 106 117  ; 3 4 3 3 3 2 
5.801e+04 ; 0.002928 ; True ; 6 18 27 33 35 38 39 79 87 88 99 106  ; 3 5 3 2 3 3 
5.901e+04 ; 0.003021 ; True ; 6 18 27 33 38 76 78 79 86 87 88 99  ; 3 5 3 3 2 3 
5.901e+04 ; 0.003032 ; True ; 18 27 33 35 38 76 78 79 87 99 106 109  ; 2 5 3 3 3 3 
5.901e+04 ; 0.00308 ; True ; 18 27 33 35 76 78 79 87 88 99 106 109  ; 3 5 3 3 3 2 
6.1e+04 ; 0.003195 ; True ; 6 12 18 27 33 35 76 78 79 87 88 99  ; 3 6 3 3 3 2 

RUN 8:
Optimum Distance: 0

Optimal Team: 
Required Skills: 11 12 15 23 55 56 
Distance; Skill Score; isValid; Team; Skill Counts
2001 ; 1.467e-05 ; True ; 6 27 87  ; 1 1 1 1 1 1 
3003 ; 2.674e-05 ; True ; 6 27 38 87  ; 1 1 1 1 1 2 
3003 ; 2.821e-05 ; True ; 27 79 87 106  ; 1 1 1 2 1 1 
5001 ; 4.556e-05 ; True ; 6 27 79 87  ; 1 2 1 2 1 1 
5005 ; 5.142e-05 ; True ; 27 38 79 87 106  ; 1 1 1 2 1 2 
6004 ; 5.229e-05 ; True ; 18 27 79 87 88  ; 2 1 1 2 1 1 
6004 ; 5.251e-05 ; True ; 26 27 79 87 106  ; 1 1 1 2 2 1 
6004 ; 5.251e-05 ; True ; 18 27 79 87 106  ; 1 1 2 2 1 1 
7003 ; 8.041e-05 ; True ; 27 38 78 87 99  ; 1 2 1 1 2 2 
7003 ; 8.306e-05 ; True ; 6 27 38 79 87  ; 1 2 1 2 1 2 
7003 ; 8.482e-05 ; True ; 6 27 79 87 106  ; 1 2 2 2 1 1 
9001 ; 0.0001047 ; True ; 6 27 35 79 87  ; 1 3 1 2 2 1 
1e+04 ; 0.0001186 ; True ; 26 27 35 79 87 106  ; 1 2 1 2 3 1 
1e+04 ; 0.0001546 ; True ; 27 38 79 87 99 106  ; 1 2 1 2 2 2 
1.1e+04 ; 0.0001579 ; True ; 6 26 27 79 87 106  ; 1 2 2 2 2 1 
1.2e+04 ; 0.0001909 ; True ; 6 27 35 38 79 87  ; 1 3 1 2 2 2 
1.2e+04 ; 0.0001949 ; True ; 6 27 35 79 87 106  ; 1 3 2 2 2 1 
1.4e+04 ; 0.0002177 ; True ; 6 27 78 79 87 99  ; 1 4 2 2 2 1 
1.501e+04 ; 0.0002199 ; True ; 18 26 27 35 79 87 88  ; 2 2 1 2 3 1 
1.501e+04 ; 0.0002878 ; True ; 6 26 27 38 79 87 106  ; 1 2 2 2 2 2 
1.501e+04 ; 0.0002927 ; True ; 18 27 35 79 87 88 106  ; 2 2 2 2 2 1 
1.6e+04 ; 0.0003553 ; True ; 6 27 35 38 79 87 106  ; 1 3 2 2 2 2 
1.7e+04 ; 0.0003613 ; True ; 6 18 27 35 79 87 88  ; 2 3 2 2 2 1 
1.8e+04 ; 0.0003969 ; True ; 6 27 35 38 78 79 87  ; 1 4 2 2 2 2 
1.9e+04 ; 0.0004035 ; True ; 6 27 78 79 87 88 99  ; 2 4 2 2 2 1 
2e+04 ; 0.0004224 ; True ; 6 27 33 78 79 87 99  ; 1 5 2 2 2 2 
2.001e+04 ; 0.0005336 ; True ; 18 27 35 38 79 87 88 106  ; 2 2 2 2 2 2 
2.201e+04 ; 0.0006587 ; True ; 6 18 27 35 38 79 87 88  ; 2 3 2 2 2 2 
2.4e+04 ; 0.0007357 ; True ; 18 27 33 78 79 87 88 99  ; 2 4 2 2 2 2 
2.6e+04 ; 0.0007831 ; True ; 6 27 33 78 79 87 88 99  ; 2 5 2 2 2 2 
2.801e+04 ; 0.0009214 ; True ; 18 26 27 35 38 78 79 87 88  ; 2 3 2 2 3 2 
2.901e+04 ; 0.0009506 ; True ; 18 27 38 76 78 79 87 88 99  ; 2 3 2 3 2 2 
3.001e+04 ; 0.001029 ; True ; 6 26 27 35 38 78 79 87 88  ; 2 4 2 2 3 2 
3.001e+04 ; 0.001029 ; True ; 6 18 27 35 38 78 79 87 88  ; 2 4 3 2 2 2 
3.1e+04 ; 0.001062 ; True ; 6 18 27 33 76 79 87 88 99  ; 2 4 2 3 2 2 
3.2e+04 ; 0.001095 ; True ; 6 26 27 33 35 78 79 87 88  ; 2 5 2 2 3 2 
3.4e+04 ; 0.00113 ; True ; 6 27 33 35 78 79 87 88 127  ; 2 5 2 3 2 2 
3.4e+04 ; 0.001136 ; True ; 6 27 33 35 78 79 87 88 99  ; 2 6 2 2 3 2 
3.501e+04 ; 0.001289 ; True ; 18 26 27 35 38 78 79 87 88 106  ; 2 3 3 2 3 2 
3.601e+04 ; 0.00133 ; True ; 18 27 35 38 76 79 87 88 99 106  ; 2 3 2 3 3 2 
3.701e+04 ; 0.001411 ; True ; 6 26 27 33 35 38 79 87 88 106  ; 2 4 2 2 3 3 
3.701e+04 ; 0.001411 ; True ; 18 27 33 38 78 79 87 88 99 106  ; 2 4 3 2 2 3 
3.701e+04 ; 0.001439 ; True ; 18 27 35 38 78 79 87 88 99 106  ; 2 4 3 2 3 2 
3.801e+04 ; 0.001485 ; True ; 6 18 27 35 38 76 79 87 88 99  ; 2 4 2 3 3 2 
3.901e+04 ; 0.001532 ; True ; 6 18 27 35 38 78 79 87 88 99  ; 2 5 3 2 3 2 
4e+04 ; 0.001581 ; True ; 18 27 33 35 76 78 79 87 88 99  ; 2 5 2 3 3 2 
4.1e+04 ; 0.001589 ; True ; 6 27 33 35 78 79 87 88 99 106  ; 2 6 3 2 3 2 
4.3e+04 ; 0.001639 ; True ; 6 27 33 35 78 79 87 88 99 127  ; 2 6 2 3 3 2 
4.501e+04 ; 0.001793 ; True ; 18 26 27 35 38 78 79 87 88 99 106  ; 2 4 3 2 4 2 
4.601e+04 ; 0.00186 ; True ; 18 26 27 35 77 78 79 87 88 97 106  ; 2 3 3 3 3 2 
4.601e+04 ; 0.001974 ; True ; 6 26 27 35 38 78 79 87 88 97 106  ; 2 4 3 2 3 3 
4.601e+04 ; 0.002037 ; True ; 18 27 33 38 76 78 79 87 88 99 106  ; 2 4 3 3 2 3 
4.701e+04 ; 0.002077 ; True ; 6 18 27 28 35 38 76 79 87 88 99  ; 2 4 3 3 3 2 
4.801e+04 ; 0.002101 ; True ; 6 18 27 35 38 78 79 87 88 97 99  ; 2 5 3 2 3 3 
4.901e+04 ; 0.002211 ; True ; 6 18 27 35 38 49 78 79 87 88 99  ; 2 5 3 3 3 2 
5.1e+04 ; 0.002293 ; True ; 6 18 27 33 35 78 79 87 88 99 127  ; 2 6 3 3 3 2 
5.301e+04 ; 0.002316 ; True ; 6 18 26 27 28 35 38 76 79 87 88 106  ; 2 3 4 3 3 2 
5.501e+04 ; 0.002463 ; True ; 18 26 27 35 38 72 78 79 87 88 97 106  ; 3 3 3 2 3 3 
5.501e+04 ; 0.002587 ; True ; 18 26 27 35 38 76 78 79 87 88 99 106  ; 2 4 3 3 4 2 
5.701e+04 ; 0.002751 ; True ; 6 26 27 35 38 72 78 79 87 88 97 106  ; 3 4 3 2 3 3 
5.701e+04 ; 0.002849 ; True ; 6 18 27 35 38 47 76 79 87 88 99 106  ; 2 4 3 3 3 3 
5.801e+04 ; 0.002894 ; True ; 18 26 27 33 35 69 77 78 79 87 88 106  ; 3 4 3 3 3 2 
5.901e+04 ; 0.003032 ; True ; 6 18 27 28 33 35 38 79 87 88 99 127  ; 2 5 3 3 3 3 
5.901e+04 ; 0.00308 ; True ; 15 18 27 33 35 76 78 79 87 88 99 106  ; 3 5 3 3 3 2 
6.2e+04 ; 0.003195 ; True ; 6 18 27 33 35 78 79 87 88 99 109 127  ; 3 6 3 3 3 2 

RUN 9:
Optimum Distance: 0

Optimal Team: 
Required Skills: 11 12 15 23 55 56 
Distance; Skill Score; isValid; Team; Skill Counts
2001 ; 1.467e-05 ; True ; 27 78 87  ; 1 1 1 1 1 1 
3003 ; 2.674e-05 ; True ; 27 38 78 87  ; 1 1 1 1 1 2 
3003 ; 2.73e-05 ; True ; 27 35 87 106  ; 1 1 1 1 2 1 
3003 ; 2.821e-05 ; True ; 27 79 87 106  ; 1 1 1 2 1 1 
5001 ; 4.556e-05 ; True ; 6 27 79 87  ; 1 2 1 2 1 1 
5005 ; 5.142e-05 ; True ; 27 38 79 87 106  ; 1 1 1 2 1 2 
6004 ; 5.251e-05 ; True ; 26 27 79 87 106  ; 1 1 1 2 2 1 
6004 ; 5.251e-05 ; True ; 18 27 79 87 106  ; 1 1 2 2 1 1 
7003 ; 8.041e-05 ; True ; 6 27 38 87 99  ; 1 2 1 1 2 2 
7003 ; 8.306e-05 ; True ; 27 38 78 79 87  ; 1 2 1 2 1 2 
7003 ; 8.482e-05 ; True ; 27 35 79 87 106  ; 1 2 1 2 2 1 
9001 ; 0.0001047 ; True ; 27 35 78 79 87  ; 1 3 1 2 2 1 
1e+04 ; 0.0001186 ; True ; 26 27 28 35 79 87  ; 1 2 1 2 3 1 
1e+04 ; 0.0001546 ; True ; 6 27 38 79 87 106  ; 1 2 2 2 1 2 
1.1e+04 ; 0.0001579 ; True ; 6 26 27 79 87 106  ; 1 2 2 2 2 1 
1.2e+04 ; 0.0001909 ; True ; 6 27 35 38 79 87  ; 1 3 1 2 2 2 
1.2e+04 ; 0.0001949 ; True ; 6 27 35 79 87 106  ; 1 3 2 2 2 1 
1.4e+04 ; 0.0002177 ; True ; 6 27 35 78 79 87  ; 1 4 2 2 2 1 
1.501e+04 ; 0.0002208 ; True ; 18 26 27 28 35 79 87  ; 1 2 2 2 3 1 
1.501e+04 ; 0.0002878 ; True ; 6 26 27 38 79 87 106  ; 1 2 2 2 2 2 
1.501e+04 ; 0.0002927 ; True ; 18 27 35 79 87 88 106  ; 2 2 2 2 2 1 
1.6e+04 ; 0.0003553 ; True ; 6 27 35 38 79 87 106  ; 1 3 2 2 2 2 
1.7e+04 ; 0.0003613 ; True ; 18 27 35 78 79 87 88  ; 2 3 2 2 2 1 
1.8e+04 ; 0.0003969 ; True ; 6 27 35 38 78 79 87  ; 1 4 2 2 2 2 
1.9e+04 ; 0.0004035 ; True ; 6 27 78 79 87 88 99  ; 2 4 2 2 2 1 
2e+04 ; 0.0004224 ; True ; 6 27 33 78 79 87 99  ; 1 5 2 2 2 2 
2.101e+04 ; 0.0005336 ; True ; 18 27 35 79 87 88 97 106  ; 2 2 2 2 2 2 
2.201e+04 ; 0.0006587 ; True ; 18 27 35 38 78 79 87 88  ; 2 3 2 2 2 2 
2.4e+04 ; 0.0007357 ; True ; 18 27 33 35 78 79 87 88  ; 2 4 2 2 2 2 
2.6e+04 ; 0.0007831 ; True ; 6 27 33 35 78 79 87 88  ; 2 5 2 2 2 2 
2.801e+04 ; 0.0009214 ; True ; 18 26 27 35 38 78 79 87 88  ; 2 3 2 2 3 2 
3.001e+04 ; 0.001029 ; True ; 18 26 27 33 35 78 79 87 88  ; 2 4 2 2 3 2 
3.001e+04 ; 0.001029 ; True ; 18 27 33 35 78 79 87 88 106  ; 2 4 3 2 2 2 
3.2e+04 ; 0.001095 ; True ; 6 26 27 33 35 78 79 87 88  ; 2 5 2 2 3 2 
3.4e+04 ; 0.00113 ; True ; 6 27 33 35 78 79 87 88 127  ; 2 5 2 3 2 2 
3.4e+04 ; 0.001136 ; True ; 6 27 33 35 78 79 87 88 99  ; 2 6 2 2 3 2 
3.501e+04 ; 0.001289 ; True ; 18 26 27 28 35 38 78 79 87 88  ; 2 3 3 2 3 2 
3.601e+04 ; 0.00133 ; True ; 18 26 27 33 35 76 79 87 88 106  ; 2 3 2 3 3 2 
3.701e+04 ; 0.001411 ; True ; 6 18 26 27 33 35 38 79 87 88  ; 2 4 2 2 3 3 
3.701e+04 ; 0.001439 ; True ; 6 26 27 28 35 38 78 79 87 88  ; 2 4 3 2 3 2 
3.801e+04 ; 0.001485 ; True ; 18 27 33 35 76 78 79 87 88 106  ; 2 4 3 3 2 2 
3.901e+04 ; 0.001532 ; True ; 6 18 26 27 33 35 78 79 87 88  ; 2 5 3 2 3 2 
4.1e+04 ; 0.001581 ; True ; 6 26 27 33 35 78 79 87 88 127  ; 2 5 2 3 3 2 
4.1e+04 ; 0.001589 ; True ; 6 18 27 33 35 78 79 87 88 99  ; 2 6 3 2 3 2 
4.3e+04 ; 0.001639 ; True ; 6 27 33 35 76 78 79 87 88 99  ; 2 6 2 3 3 2 
4.401e+04 ; 0.00186 ; True ; 18 26 27 35 38 76 78 79 87 88 106  ; 2 3 3 3 3 2 
4.501e+04 ; 0.001974 ; True ; 18 26 27 33 35 38 78 79 87 88 106  ; 2 4 3 2 3 3 
4.701e+04 ; 0.002077 ; True ; 6 26 27 28 35 38 78 79 87 88 127  ; 2 4 3 3 3 2 
4.701e+04 ; 0.002101 ; True ; 6 26 27 33 35 38 78 79 87 88 106  ; 2 5 3 2 3 3 
4.901e+04 ; 0.002168 ; True ; 6 26 27 33 35 38 78 79 87 88 127  ; 2 5 2 3 3 3 
4.901e+04 ; 0.002211 ; True ; 6 24 26 27 33 35 78 79 87 88 106  ; 2 5 3 3 3 2 
5.1e+04 ; 0.002293 ; True ; 6 27 33 35 78 79 87 88 99 106 127  ; 2 6 3 3 3 2 
5.601e+04 ; 0.002751 ; True ; 18 26 27 28 33 35 38 78 79 87 88 126  ; 3 4 3 2 3 3 
5.601e+04 ; 0.002849 ; True ; 18 26 27 33 35 38 78 79 87 88 106 127  ; 2 4 3 3 3 3 
5.801e+04 ; 0.002894 ; True ; 6 26 27 28 35 38 78 79 87 88 109 127  ; 3 4 3 3 3 2 
5.801e+04 ; 0.003032 ; True ; 6 26 27 33 35 38 78 79 87 88 106 127  ; 2 5 3 3 3 3 
6.001e+04 ; 0.00308 ; True ; 6 26 27 33 35 69 78 79 87 88 106 127  ; 3 5 3 3 3 2 
6.2e+04 ; 0.003195 ; True ; 6 27 33 35 78 79 81 87 88 99 106 127  ; 3 6 3 3 3 2 

RUN 10:
Optimum Distance: 0

Optimal Team: 
Required Skills: 11 12 15 23 55 56 
Distance; Skill Score; isValid; Team; Skill Counts
2001 ; 1.467e-05 ; True ; 27 78 87  ; 1 1 1 1 1 1 
3003 ; 2.674e-05 ; True ; 6 27 38 87  ; 1 1 1 1 1 2 
3003 ; 2.821e-05 ; True ; 27 79 87 106  ; 1 1 1 2 1 1 
5001 ; 4.556e-05 ; True ; 6 27 79 87  ; 1 2 1 2 1 1 
5005 ; 5.142e-05 ; True ; 27 38 79 87 106  ; 1 1 1 2 1 2 
6004 ; 5.229e-05 ; True ; 18 27 79 87 88  ; 2 1 1 2 1 1 
6004 ; 5.251e-05 ; True ; 26 27 79 87 106  ; 1 1 1 2 2 1 
6004 ; 5.251e-05 ; True ; 18 27 79 87 106  ; 1 1 2 2 1 1 
7003 ; 8.306e-05 ; True ; 6 27 38 79 87  ; 1 2 1 2 1 2 
7003 ; 8.482e-05 ; True ; 27 79 87 99 106  ; 1 2 1 2 2 1 
9001 ; 0.0001047 ; True ; 6 27 79 87 99  ; 1 3 1 2 2 1 
1e+04 ; 0.0001186 ; True ; 26 27 35 79 87 106  ; 1 2 1 2 3 1 
1e+04 ; 0.0001497 ; True ; 27 38 78 87 99 106  ; 1 2 2 1 2 2 
1e+04 ; 0.0001546 ; True ; 6 27 38 79 87 106  ; 1 2 2 2 1 2 
1.1e+04 ; 0.0001579 ; True ; 6 26 27 79 87 106  ; 1 2 2 2 2 1 
1.2e+04 ; 0.0001909 ; True ; 6 27 38 79 87 99  ; 1 3 1 2 2 2 
1.2e+04 ; 0.0001949 ; True ; 6 27 35 79 87 106  ; 1 3 2 2 2 1 
1.4e+04 ; 0.0002177 ; True ; 6 27 78 79 87 99  ; 1 4 2 2 2 1 
1.501e+04 ; 0.0002199 ; True ; 18 26 27 35 79 87 88  ; 2 2 1 2 3 1 
1.501e+04 ; 0.0002867 ; True ; 18 27 38 79 87 88 99  ; 2 2 1 2 2 2 
1.501e+04 ; 0.0002878 ; True ; 6 26 27 38 79 87 106  ; 1 2 2 2 2 2 
1.501e+04 ; 0.0002927 ; True ; 18 27 79 87 88 99 106  ; 2 2 2 2 2 1 
1.6e+04 ; 0.0003553 ; True ; 27 38 78 79 87 99 106  ; 1 3 2 2 2 2 
1.7e+04 ; 0.0003613 ; True ; 6 18 27 35 79 87 88  ; 2 3 2 2 2 1 
1.8e+04 ; 0.0003969 ; True ; 6 27 38 78 79 87 99  ; 1 4 2 2 2 2 
1.9e+04 ; 0.0004035 ; True ; 6 27 78 79 87 88 99  ; 2 4 2 2 2 1 
2e+04 ; 0.0004224 ; True ; 6 27 33 78 79 87 99  ; 1 5 2 2 2 2 
2.001e+04 ; 0.0005336 ; True ; 18 27 38 79 87 88 99 106  ; 2 2 2 2 2 2 
2.201e+04 ; 0.0006587 ; True ; 6 18 27 35 38 79 87 88  ; 2 3 2 2 2 2 
2.4e+04 ; 0.0007357 ; True ; 6 18 27 33 79 87 88 99  ; 2 4 2 2 2 2 
2.6e+04 ; 0.0007831 ; True ; 6 27 33 78 79 87 88 99  ; 2 5 2 2 2 2 
2.801e+04 ; 0.0009214 ; True ; 6 18 26 27 35 38 79 87 88  ; 2 3 2 2 3 2 
2.901e+04 ; 0.0009506 ; True ; 6 18 27 35 38 76 79 87 88  ; 2 3 2 3 2 2 
3.001e+04 ; 0.001029 ; True ; 6 26 27 35 38 78 79 87 88  ; 2 4 2 2 3 2 
3.001e+04 ; 0.001029 ; True ; 6 18 27 38 78 79 87 88 99  ; 2 4 3 2 2 2 
3.1e+04 ; 0.001062 ; True ; 6 18 27 33 35 76 79 87 88  ; 2 4 2 3 2 2 
3.2e+04 ; 0.001095 ; True ; 18 27 33 35 78 79 87 88 99  ; 2 5 2 2 3 2 
3.4e+04 ; 0.001136 ; True ; 6 27 33 35 78 79 87 88 99  ; 2 6 2 2 3 2 
3.501e+04 ; 0.001289 ; True ; 6 18 26 27 28 35 38 79 87 88  ; 2 3 3 2 3 2 
3.601e+04 ; 0.00133 ; True ; 6 18 27 38 76 79 87 88 99 106  ; 2 3 3 3 2 2 
3.701e+04 ; 0.001411 ; True ; 6 18 26 27 33 35 38 79 87 88  ; 2 4 2 2 3 3 
3.701e+04 ; 0.001439 ; True ; 6 26 27 28 35 38 78 79 87 88  ; 2 4 3 2 3 2 
3.801e+04 ; 0.001485 ; True ; 6 18 27 35 38 76 79 87 88 99  ; 2 4 2 3 3 2 
3.901e+04 ; 0.001532 ; True ; 6 18 27 35 38 78 79 87 88 99  ; 2 5 3 2 3 2 
4e+04 ; 0.001581 ; True ; 6 18 27 33 35 76 79 87 88 99  ; 2 5 2 3 3 2 
4.1e+04 ; 0.001589 ; True ; 6 18 27 33 35 78 79 87 88 99  ; 2 6 3 2 3 2 
4.3e+04 ; 0.001639 ; True ; 6 27 33 35 78 79 87 88 99 127  ; 2 6 2 3 3 2 
4.501e+04 ; 0.001793 ; True ; 6 18 26 27 28 35 38 79 87 88 99  ; 2 4 3 2 4 2 
4.501e+04 ; 0.001796 ; True ; 6 18 26 27 28 35 38 55 79 87 88  ; 3 3 3 2 3 2 
4.601e+04 ; 0.001824 ; True ; 6 18 26 27 35 38 79 87 88 97 127  ; 2 3 2 3 3 3 
4.601e+04 ; 0.001974 ; True ; 6 18 27 35 38 79 87 88 97 99 106  ; 2 4 3 2 3 3 
4.601e+04 ; 0.002037 ; True ; 18 27 33 35 38 76 79 87 88 99 106  ; 2 4 2 3 3 3 
4.701e+04 ; 0.002101 ; True ; 6 18 27 33 35 38 79 87 88 99 106  ; 2 5 3 2 3 3 
4.801e+04 ; 0.002211 ; True ; 18 27 33 35 76 78 79 87 88 99 106  ; 2 5 3 3 3 2 
5.1e+04 ; 0.002293 ; True ; 6 18 24 27 33 35 78 79 87 88 99  ; 2 6 3 3 3 2 
5.501e+04 ; 0.002316 ; True ; 18 26 27 28 32 35 38 79 87 88 93 99  ; 2 3 3 3 4 2 
5.601e+04 ; 0.002459 ; True ; 6 18 27 28 35 38 79 87 88 97 99 106  ; 2 4 4 2 3 3 
5.601e+04 ; 0.002587 ; True ; 6 18 26 27 28 35 38 79 87 88 99 127  ; 2 4 3 3 4 2 
5.701e+04 ; 0.002849 ; True ; 6 18 26 27 35 38 78 79 87 88 97 127  ; 2 4 3 3 3 3 
5.701e+04 ; 0.003032 ; True ; 6 18 27 33 35 38 76 79 87 88 99 106  ; 2 5 3 3 3 3 
5.901e+04 ; 0.00308 ; True ; 6 18 27 33 35 76 79 86 87 88 99 106  ; 3 5 3 3 3 2 
6.1e+04 ; 0.003145 ; True ; 6 18 27 33 35 78 79 87 88 97 99 127  ; 2 6 3 3 3 3 
6.2e+04 ; 0.003195 ; True ; 6 27 33 35 78 79 87 88 93 99 106 117  ; 3 6 3 3 3 2 

