m: 8
Instance: 1
Algorithm: NSGA-II
Iteration: 400
Population Size: 100
RUN 1:
Optimum Distance: 0

Optimal Team: 
Required Skills: 8 22 23 27 37 41 47 50 
Distance; Skill Score; isValid; Team; Skill Counts
7003 ; 5.912e-08 ; True ; 0 32 33 34 122  ; 1 1 1 1 2 1 1 1 
8002 ; 1.086e-07 ; True ; 0 32 34 110 122  ; 1 1 1 1 2 1 2 1 
1.1e+04 ; 1.92e-07 ; True ; 0 8 32 34 110 122  ; 1 1 1 2 2 1 2 1 
1.2e+04 ; 2.134e-07 ; True ; 0 32 33 34 122 133  ; 2 1 1 1 2 1 2 1 
1.2e+04 ; 2.66e-07 ; True ; 0 1 32 34 110 122  ; 1 1 1 1 3 1 2 2 
1.2e+04 ; 2.82e-07 ; True ; 0 1 34 106 110 122  ; 1 1 2 1 3 1 2 1 
1.3e+04 ; 2.949e-07 ; True ; 0 32 34 110 122 133  ; 2 1 1 1 2 1 3 1 
1.501e+04 ; 3.772e-07 ; True ; 0 1 8 34 63 122 147  ; 2 1 1 2 2 1 2 1 
1.6e+04 ; 4.701e-07 ; True ; 0 1 8 32 34 110 122  ; 1 1 1 2 3 1 2 2 
1.6e+04 ; 4.985e-07 ; True ; 0 1 8 34 106 110 122  ; 1 1 2 2 3 1 2 1 
1.6e+04 ; 5.378e-07 ; True ; 3 34 110 114 122 125 127  ; 1 1 2 1 3 2 2 1 
1.7e+04 ; 5.542e-07 ; True ; 0 1 33 34 106 122 133  ; 2 1 2 1 3 1 2 1 
1.7e+04 ; 6.172e-07 ; True ; 0 1 32 34 106 110 122  ; 1 1 2 1 4 1 2 2 
1.8e+04 ; 7.221e-07 ; True ; 0 1 32 34 110 122 133  ; 2 1 1 1 3 1 3 2 
1.8e+04 ; 7.656e-07 ; True ; 0 1 34 106 110 122 133  ; 2 1 2 1 3 1 3 1 
2.101e+04 ; 9.238e-07 ; True ; 0 1 8 32 34 63 122 147  ; 2 1 1 2 3 1 2 2 
2.101e+04 ; 9.795e-07 ; True ; 0 1 8 34 63 106 122 147  ; 2 1 2 2 3 1 2 1 
2.201e+04 ; 9.938e-07 ; True ; 0 1 8 34 63 110 122 147  ; 2 1 1 2 2 2 3 1 
2.201e+04 ; 1.091e-06 ; True ; 0 1 8 32 34 106 110 122  ; 1 1 2 2 4 1 2 2 
2.3e+04 ; 1.276e-06 ; True ; 0 1 8 32 34 110 122 147  ; 2 1 1 2 3 1 3 2 
2.3e+04 ; 1.353e-06 ; True ; 0 1 8 34 106 110 122 133  ; 2 1 2 2 3 1 3 1 
2.4e+04 ; 1.356e-06 ; True ; 0 1 32 34 110 122 133 169  ; 2 2 1 1 3 1 3 2 
2.4e+04 ; 1.438e-06 ; True ; 0 1 34 106 108 110 122 133  ; 2 2 2 1 3 1 3 1 
2.4e+04 ; 1.46e-06 ; True ; 0 1 33 34 106 110 122 147  ; 2 1 2 1 3 2 3 1 
2.4e+04 ; 1.676e-06 ; True ; 0 1 32 34 106 110 122 133  ; 2 1 2 1 4 1 3 2 
2.5e+04 ; 1.745e-06 ; True ; 0 3 32 34 110 122 125 133  ; 2 1 2 1 4 2 3 1 
2.5e+04 ; 1.798e-06 ; True ; 3 34 42 110 114 122 125 133  ; 2 1 2 1 3 2 4 1 
2.801e+04 ; 2.144e-06 ; True ; 0 1 8 32 34 63 106 122 147  ; 2 1 2 2 4 1 2 2 
2.901e+04 ; 2.434e-06 ; True ; 0 1 8 32 34 63 110 122 147  ; 2 1 1 2 3 2 3 2 
2.901e+04 ; 2.581e-06 ; True ; 0 1 8 34 63 106 110 122 133  ; 2 1 2 2 3 2 3 1 
3.001e+04 ; 2.962e-06 ; True ; 0 1 8 32 34 106 110 122 133  ; 2 1 2 2 4 1 3 2 
3.1e+04 ; 3.084e-06 ; True ; 0 3 8 32 34 110 122 125 133  ; 2 1 2 2 4 2 3 1 
3.1e+04 ; 3.147e-06 ; True ; 0 1 32 34 106 110 122 133 169  ; 2 2 2 1 4 1 3 2 
3.1e+04 ; 3.195e-06 ; True ; 0 1 32 33 34 106 110 122 133  ; 2 1 2 1 4 2 3 2 
3.1e+04 ; 3.277e-06 ; True ; 0 3 32 34 110 114 122 125 133  ; 2 2 2 1 4 2 3 1 
3.2e+04 ; 3.599e-06 ; True ; 0 1 3 32 34 110 122 125 133  ; 2 1 2 1 5 2 3 2 
3.2e+04 ; 3.646e-06 ; True ; 0 1 32 34 106 110 122 131 133  ; 2 1 2 2 4 1 4 2 
3.3e+04 ; 3.934e-06 ; True ; 0 3 32 34 42 110 122 125 147  ; 2 1 2 1 4 2 4 2 
3.701e+04 ; 5.648e-06 ; True ; 0 1 8 32 34 63 106 110 122 133  ; 2 1 2 2 4 2 3 2 
3.801e+04 ; 5.791e-06 ; True ; 0 1 3 8 34 110 114 122 125 147  ; 2 2 2 2 4 2 3 1 
3.801e+04 ; 6.001e-06 ; True ; 0 3 32 34 110 114 122 125 127 133  ; 2 2 2 1 4 2 3 2 
3.901e+04 ; 6.36e-06 ; True ; 0 1 3 8 32 34 110 122 125 133  ; 2 1 2 2 5 2 3 2 
3.901e+04 ; 6.758e-06 ; True ; 0 1 3 32 34 110 114 122 125 133  ; 2 2 2 1 5 2 3 2 
4e+04 ; 6.953e-06 ; True ; 0 1 32 34 63 106 110 112 122 133  ; 2 1 2 2 4 2 4 2 
4e+04 ; 7.388e-06 ; True ; 0 3 32 34 42 110 114 122 125 147  ; 2 2 2 1 4 2 4 2 
4.1e+04 ; 7.831e-06 ; True ; 0 1 3 32 34 110 112 122 125 133  ; 2 1 2 2 5 2 4 2 
4.2e+04 ; 8.046e-06 ; True ; 0 3 32 34 42 110 112 122 125 147  ; 2 1 2 2 4 2 5 2 
4.601e+04 ; 8.875e-06 ; True ; 0 3 8 32 34 75 110 114 122 127 133  ; 2 2 2 2 3 2 3 2 
4.601e+04 ; 1.061e-05 ; True ; 0 3 8 32 34 110 114 122 125 127 133  ; 2 2 2 2 4 2 3 2 
4.701e+04 ; 1.093e-05 ; True ; 0 3 8 34 42 110 114 122 125 127 133  ; 2 2 2 2 3 2 4 2 
4.801e+04 ; 1.306e-05 ; True ; 0 3 8 32 34 42 110 114 122 125 147  ; 2 2 2 2 4 2 4 2 
4.901e+04 ; 1.471e-05 ; True ; 0 1 3 32 34 110 112 114 122 125 133  ; 2 2 2 2 5 2 4 2 
5e+04 ; 1.511e-05 ; True ; 0 3 32 34 42 110 112 114 122 125 147  ; 2 2 2 2 4 2 5 2 
5.601e+04 ; 1.545e-05 ; True ; 0 3 8 32 34 75 110 114 122 125 127 133  ; 2 2 3 2 4 2 3 2 
5.601e+04 ; 1.563e-05 ; True ; 0 3 8 25 32 34 110 114 122 125 127 133  ; 3 2 2 2 4 2 3 2 
5.701e+04 ; 1.611e-05 ; True ; 0 3 8 32 34 75 110 114 122 127 133 147  ; 3 2 2 2 3 2 4 2 
5.701e+04 ; 1.741e-05 ; True ; 0 3 8 32 34 110 112 114 122 125 127 133  ; 2 2 2 3 4 2 4 2 
5.701e+04 ; 1.925e-05 ; True ; 0 3 8 32 34 110 114 122 125 127 133 147  ; 3 2 2 2 4 2 4 2 
5.901e+04 ; 1.961e-05 ; True ; 0 3 8 32 34 42 110 114 122 125 145 147  ; 2 2 2 3 5 2 4 2 
5.901e+04 ; 2.142e-05 ; True ; 0 3 32 34 106 110 114 122 125 127 131 147  ; 2 2 3 2 5 2 4 2 
5.901e+04 ; 2.227e-05 ; True ; 0 3 32 34 110 112 114 122 125 127 133 147  ; 3 2 2 2 4 2 5 2 
6.1e+04 ; 2.479e-05 ; True ; 0 3 32 34 42 106 110 112 114 122 125 133  ; 2 2 3 2 5 2 5 2 
6.1e+04 ; 2.481e-05 ; True ; 0 3 32 34 42 110 112 114 122 125 133 147  ; 3 2 2 2 4 2 6 2 
6.3e+04 ; 2.508e-05 ; True ; 1 3 32 34 110 112 114 122 125 133 136 147  ; 3 2 2 2 5 2 5 2 
6.801e+04 ; 2.755e-05 ; True ; 0 3 8 32 34 63 110 114 122 125 127 133 147  ; 3 2 2 2 4 3 4 2 
6.901e+04 ; 2.951e-05 ; True ; 0 3 8 32 34 42 106 110 114 122 125 127 133  ; 2 2 3 2 5 2 4 3 
6.901e+04 ; 3.158e-05 ; True ; 0 3 8 32 34 106 110 114 122 125 127 133 147  ; 3 2 3 2 5 2 4 2 
7.101e+04 ; 3.431e-05 ; True ; 0 1 3 8 32 34 106 110 122 125 133 147 165  ; 3 2 3 2 6 2 4 2 
7.101e+04 ; 3.654e-05 ; True ; 0 3 32 34 106 110 112 114 122 125 127 133 147  ; 3 2 3 2 5 2 5 2 
7.4e+04 ; 3.711e-05 ; True ; 1 3 32 34 42 92 106 110 112 114 122 125 133  ; 2 2 3 2 6 2 5 3 
7.4e+04 ; 4.07e-05 ; True ; 1 3 34 42 106 110 112 114 122 125 133 136 147  ; 3 2 3 2 5 2 6 2 
8.101e+04 ; 4.52e-05 ; True ; 0 1 3 8 32 34 63 65 110 122 125 133 136 147  ; 3 2 3 2 5 3 4 2 
8.201e+04 ; 4.911e-05 ; True ; 0 1 3 8 32 34 63 106 110 122 125 133 136 147  ; 3 2 3 2 6 3 4 2 
8.401e+04 ; 5.23e-05 ; True ; 1 3 8 34 42 63 106 110 114 122 125 133 147 165  ; 3 2 3 2 5 3 5 2 
8.501e+04 ; 5.825e-05 ; True ; 1 3 34 42 106 110 112 114 122 125 126 133 136 147  ; 3 2 3 2 5 3 6 2 
9.401e+04 ; 5.855e-05 ; True ; 0 3 8 32 34 43 65 106 110 114 122 125 127 133 147  ; 3 2 4 2 5 3 4 2 
9.401e+04 ; 6.026e-05 ; True ; 0 3 8 9 26 32 34 106 110 114 122 125 127 133 147  ; 3 2 3 3 5 3 4 2 
9.501e+04 ; 6.362e-05 ; True ; 0 1 3 8 32 34 63 104 106 110 122 125 133 136 147  ; 3 2 4 2 6 3 4 2 
9.501e+04 ; 6.375e-05 ; True ; 0 3 8 32 34 63 106 110 114 122 125 127 133 147 148  ; 3 3 3 2 5 3 4 2 
9.601e+04 ; 6.927e-05 ; True ; 0 1 3 8 32 34 63 106 110 122 125 133 136 147 150  ; 3 3 3 2 6 3 4 2 
9.601e+04 ; 7.125e-05 ; True ; 0 3 8 16 34 42 63 106 110 114 122 125 127 133 147  ; 3 2 3 2 4 3 6 3 
9.701e+04 ; 7.336e-05 ; True ; 0 1 3 32 34 110 112 114 122 125 126 133 136 145 147  ; 3 3 2 3 6 3 5 2 
9.801e+04 ; 7.474e-05 ; True ; 0 3 8 32 34 42 106 110 112 122 125 127 133 136 147  ; 3 2 3 3 5 2 6 3 
9.801e+04 ; 7.491e-05 ; True ; 0 1 3 32 34 42 106 110 112 122 125 126 133 136 165  ; 2 3 3 2 6 3 5 3 
9.801e+04 ; 8.216e-05 ; True ; 1 3 34 42 51 106 110 112 114 122 125 126 133 136 147  ; 3 3 3 2 5 3 6 2 
9.901e+04 ; 8.719e-05 ; True ; 1 3 32 34 42 106 110 112 114 122 125 126 133 136 147  ; 3 2 3 2 6 3 6 3 
1.1e+05 ; 9.236e-05 ; True ; 0 1 2 3 8 32 34 63 106 110 122 125 133 136 147 150  ; 3 3 3 3 6 3 4 2 
1.1e+05 ; 9.465e-05 ; True ; 0 3 8 14 32 34 42 106 110 114 122 125 127 133 136 147  ; 3 3 3 3 5 2 5 3 
1.11e+05 ; 9.605e-05 ; True ; 0 3 8 32 34 63 106 110 122 125 127 131 132 133 136 147  ; 3 2 3 3 5 3 5 3 
1.11e+05 ; 0.0001016 ; True ; 1 3 8 34 42 63 106 110 114 122 125 127 133 136 147 165  ; 3 3 3 2 5 3 5 3 
1.12e+05 ; 0.0001132 ; True ; 1 3 34 42 51 106 110 112 114 122 125 126 133 136 147 171  ; 3 3 3 2 5 3 6 3 
1.13e+05 ; 0.0001145 ; True ; 1 3 32 34 42 92 102 106 110 112 114 122 125 133 136 147  ; 3 3 3 3 6 2 6 3 
1.14e+05 ; 0.0001262 ; True ; 1 3 32 34 42 106 110 112 114 122 125 126 131 133 136 147  ; 3 2 3 3 6 3 7 3 

RUN 2:
Optimum Distance: 0

Optimal Team: 
Required Skills: 8 22 23 27 37 41 47 50 
Distance; Skill Score; isValid; Team; Skill Counts
7003 ; 5.912e-08 ; True ; 0 32 33 34 122  ; 1 1 1 1 2 1 1 1 
8002 ; 1.086e-07 ; True ; 0 32 34 110 122  ; 1 1 1 1 2 1 2 1 
1.1e+04 ; 1.92e-07 ; True ; 0 1 8 34 110 122  ; 1 1 1 2 2 1 2 1 
1.2e+04 ; 2.04e-07 ; True ; 0 1 34 108 110 122  ; 1 2 1 1 2 1 2 1 
1.2e+04 ; 2.82e-07 ; True ; 0 1 34 106 110 122  ; 1 1 2 1 3 1 2 1 
1.3e+04 ; 2.949e-07 ; True ; 0 32 34 110 122 133  ; 2 1 1 1 2 1 3 1 
1.501e+04 ; 3.772e-07 ; True ; 0 1 8 34 63 122 133  ; 2 1 1 2 2 1 2 1 
1.6e+04 ; 4.985e-07 ; True ; 0 1 34 102 110 122 125  ; 1 1 2 2 3 1 2 1 
1.7e+04 ; 5.211e-07 ; True ; 0 1 8 34 110 122 147  ; 2 1 1 2 2 1 3 1 
1.7e+04 ; 6.172e-07 ; True ; 0 1 32 34 106 110 122  ; 1 1 2 1 4 1 2 2 
1.8e+04 ; 7.221e-07 ; True ; 0 1 32 34 110 122 133  ; 2 1 1 1 3 1 3 2 
1.8e+04 ; 7.656e-07 ; True ; 0 1 34 106 110 122 133  ; 2 1 2 1 3 1 3 1 
2.101e+04 ; 9.795e-07 ; True ; 0 1 34 63 102 122 125 133  ; 2 1 2 2 3 1 2 1 
2.201e+04 ; 9.938e-07 ; True ; 0 1 8 34 63 110 122 133  ; 2 1 1 2 2 2 3 1 
2.201e+04 ; 1.171e-06 ; True ; 0 1 3 34 102 122 125 133  ; 2 1 2 2 4 1 2 1 
2.3e+04 ; 1.276e-06 ; True ; 0 1 8 32 34 110 122 133  ; 2 1 1 2 3 1 3 2 
2.3e+04 ; 1.353e-06 ; True ; 0 1 34 102 110 122 125 133  ; 2 1 2 2 3 1 3 1 
2.4e+04 ; 1.356e-06 ; True ; 0 1 32 34 108 110 122 147  ; 2 2 1 1 3 1 3 2 
2.4e+04 ; 1.438e-06 ; True ; 0 1 34 106 108 110 122 133  ; 2 2 2 1 3 1 3 1 
2.4e+04 ; 1.676e-06 ; True ; 0 1 32 34 106 110 122 147  ; 2 1 2 1 4 1 3 2 
2.5e+04 ; 1.745e-06 ; True ; 0 3 32 34 110 122 125 147  ; 2 1 2 1 4 2 3 1 
2.6e+04 ; 1.798e-06 ; True ; 3 16 34 110 122 125 133 169  ; 2 1 2 1 3 2 4 1 
2.801e+04 ; 1.839e-06 ; True ; 0 1 34 63 102 122 125 133 169  ; 2 2 2 2 3 1 2 1 
2.801e+04 ; 2.144e-06 ; True ; 0 1 32 34 63 102 122 125 147  ; 2 1 2 2 4 1 2 2 
2.801e+04 ; 2.232e-06 ; True ; 0 1 3 34 63 102 122 125 147  ; 2 1 2 2 4 2 2 1 
2.901e+04 ; 2.343e-06 ; True ; 0 1 3 32 34 102 110 122 125  ; 1 1 2 2 5 2 2 2 
2.901e+04 ; 2.478e-06 ; True ; 0 1 34 42 63 102 122 125 133  ; 2 1 2 2 3 1 3 2 
2.901e+04 ; 2.581e-06 ; True ; 0 1 34 63 102 110 122 125 133  ; 2 1 2 2 3 2 3 1 
3.001e+04 ; 2.962e-06 ; True ; 0 1 32 34 102 110 122 125 133  ; 2 1 2 2 4 1 3 2 
3.001e+04 ; 3.084e-06 ; True ; 0 1 3 34 102 110 122 125 147  ; 2 1 2 2 4 2 3 1 
3.1e+04 ; 3.147e-06 ; True ; 0 1 32 34 106 108 110 122 133  ; 2 2 2 1 4 1 3 2 
3.1e+04 ; 3.277e-06 ; True ; 0 1 3 34 110 114 122 125 147  ; 2 2 2 1 4 2 3 1 
3.2e+04 ; 3.599e-06 ; True ; 0 1 3 32 34 110 122 125 147  ; 2 1 2 1 5 2 3 2 
3.2e+04 ; 3.646e-06 ; True ; 0 1 32 34 106 110 112 122 133  ; 2 1 2 2 4 1 4 2 
3.3e+04 ; 3.797e-06 ; True ; 0 3 32 34 110 112 122 125 147  ; 2 1 2 2 4 2 4 1 
3.3e+04 ; 3.934e-06 ; True ; 0 1 3 34 42 110 122 125 147  ; 2 1 2 1 4 2 4 2 
3.601e+04 ; 4.604e-06 ; True ; 0 1 3 32 34 63 102 122 125 147  ; 2 1 2 2 5 2 2 2 
3.601e+04 ; 4.726e-06 ; True ; 0 1 34 63 71 102 110 122 125 133  ; 2 1 2 2 3 2 3 2 
3.701e+04 ; 4.846e-06 ; True ; 0 1 34 63 102 108 110 122 125 133  ; 2 2 2 2 3 2 3 1 
3.701e+04 ; 5.648e-06 ; True ; 0 1 32 34 63 102 110 122 125 147  ; 2 1 2 2 4 2 3 2 
3.701e+04 ; 5.791e-06 ; True ; 0 1 3 34 102 110 114 122 125 133  ; 2 2 2 2 4 2 3 1 
3.801e+04 ; 6.36e-06 ; True ; 0 1 3 32 34 102 110 122 125 147  ; 2 1 2 2 5 2 3 2 
3.901e+04 ; 6.953e-06 ; True ; 0 1 3 34 42 102 110 122 125 147  ; 2 1 2 2 4 2 4 2 
4e+04 ; 7.13e-06 ; True ; 0 3 32 34 110 112 114 122 125 147  ; 2 2 2 2 4 2 4 1 
4e+04 ; 7.388e-06 ; True ; 0 1 3 34 42 110 114 122 125 147  ; 2 2 2 1 4 2 4 2 
4.1e+04 ; 7.831e-06 ; True ; 0 1 3 32 34 110 112 122 125 133  ; 2 1 2 2 5 2 4 2 
4.2e+04 ; 8.046e-06 ; True ; 0 1 3 34 42 110 112 122 125 147  ; 2 1 2 2 4 2 5 2 
4.501e+04 ; 8.289e-06 ; True ; 0 1 3 34 63 102 110 114 122 125 147  ; 2 2 2 2 4 3 3 1 
4.601e+04 ; 8.536e-06 ; True ; 0 1 3 34 63 102 108 122 125 133 147  ; 3 2 2 2 4 2 3 1 
4.601e+04 ; 8.761e-06 ; True ; 0 1 3 32 34 102 110 122 125 127 147  ; 2 1 2 2 5 2 3 3 
4.601e+04 ; 1.194e-05 ; True ; 0 1 3 32 34 102 110 114 122 125 147  ; 2 2 2 2 5 2 3 2 
4.701e+04 ; 1.306e-05 ; True ; 0 1 3 34 42 102 110 114 122 125 147  ; 2 2 2 2 4 2 4 2 
4.901e+04 ; 1.471e-05 ; True ; 0 1 3 32 34 110 112 114 122 125 147  ; 2 2 2 2 5 2 4 2 
5e+04 ; 1.511e-05 ; True ; 0 1 3 34 42 110 114 122 125 131 147  ; 2 2 2 2 4 2 5 2 
5.401e+04 ; 1.518e-05 ; True ; 0 1 3 34 63 71 102 110 114 122 125 133  ; 2 2 2 2 4 3 3 2 
5.501e+04 ; 1.545e-05 ; True ; 0 1 3 34 42 63 102 103 114 122 125 147  ; 2 2 3 2 4 2 3 2 
5.601e+04 ; 1.741e-05 ; True ; 0 1 3 8 34 42 102 110 114 122 125 133  ; 2 2 2 3 4 2 4 2 
5.601e+04 ; 1.869e-05 ; True ; 0 1 3 34 42 63 102 110 114 122 125 133  ; 2 2 2 2 4 3 4 2 
5.701e+04 ; 1.925e-05 ; True ; 0 1 3 34 42 63 102 108 122 125 133 147  ; 3 2 2 2 4 2 4 2 
5.801e+04 ; 2.142e-05 ; True ; 0 1 3 34 42 102 106 108 110 122 125 147  ; 2 2 3 2 5 2 4 2 
5.801e+04 ; 2.168e-05 ; True ; 0 1 3 32 34 51 102 110 122 125 133 147  ; 3 2 2 2 5 2 4 2 
5.801e+04 ; 2.227e-05 ; True ; 0 1 3 34 42 102 110 114 122 125 133 147  ; 3 2 2 2 4 2 5 2 
6.001e+04 ; 2.328e-05 ; True ; 0 1 3 32 34 106 108 110 112 122 125 147  ; 2 2 3 2 6 2 4 2 
6.1e+04 ; 2.344e-05 ; True ; 0 1 3 32 34 42 110 112 122 125 133 169  ; 2 2 2 2 5 2 5 3 
6.1e+04 ; 2.508e-05 ; True ; 0 1 3 32 34 108 110 112 122 125 133 147  ; 3 2 2 2 5 2 5 2 
6.701e+04 ; 2.566e-05 ; True ; 0 1 3 8 34 42 63 102 122 125 133 136 147  ; 3 2 2 3 4 2 4 2 
6.701e+04 ; 2.706e-05 ; True ; 0 1 3 32 34 63 102 106 108 110 122 125 133  ; 2 2 3 2 6 3 3 2 
6.701e+04 ; 2.804e-05 ; True ; 0 1 3 34 42 63 102 103 114 122 125 133 147  ; 3 2 3 2 4 2 4 2 
6.701e+04 ; 3.066e-05 ; True ; 0 1 3 34 42 63 102 106 110 114 122 125 133  ; 2 2 3 2 5 3 4 2 
6.901e+04 ; 3.141e-05 ; True ; 0 1 3 34 42 102 108 110 114 122 125 133 147  ; 3 3 2 2 4 2 5 2 
6.901e+04 ; 3.207e-05 ; True ; 0 1 3 32 34 42 51 102 106 110 122 125 133  ; 2 2 3 2 6 2 4 3 
6.901e+04 ; 3.245e-05 ; True ; 0 1 3 34 42 75 102 110 114 122 125 133 147  ; 3 2 3 2 4 2 5 2 
7.001e+04 ; 3.654e-05 ; True ; 0 1 3 34 42 102 106 110 122 125 133 147 169  ; 3 2 3 2 5 2 5 2 
7.201e+04 ; 3.971e-05 ; True ; 0 1 3 32 34 106 108 110 112 122 125 133 147  ; 3 2 3 2 6 2 5 2 
8.001e+04 ; 4.188e-05 ; True ; 0 1 3 8 34 42 102 110 114 122 125 133 147 169  ; 3 3 2 3 4 2 5 2 
8.001e+04 ; 4.391e-05 ; True ; 0 1 3 34 42 51 63 102 110 122 125 127 133 147  ; 3 2 2 2 4 3 5 3 
8.101e+04 ; 4.911e-05 ; True ; 0 1 3 32 34 93 102 106 110 114 122 125 133 147  ; 3 2 3 2 6 3 4 2 
8.201e+04 ; 5.23e-05 ; True ; 0 1 3 34 42 63 102 106 110 122 125 133 136 147  ; 3 2 3 2 5 3 5 2 
8.301e+04 ; 5.426e-05 ; True ; 0 1 3 34 42 102 106 110 112 122 125 133 147 169  ; 3 2 3 3 5 2 6 2 
8.301e+04 ; 5.606e-05 ; True ; 1 3 16 34 42 102 106 108 110 114 122 125 133 147  ; 3 2 3 2 5 2 6 3 
8.501e+04 ; 5.684e-05 ; True ; 0 1 3 32 34 93 106 108 110 112 122 125 133 147  ; 3 2 3 2 6 3 5 2 
8.7e+04 ; 5.896e-05 ; True ; 0 3 16 32 34 106 110 122 125 131 133 145 147 169  ; 3 2 3 3 6 2 6 2 
8.8e+04 ; 6.092e-05 ; True ; 1 3 16 34 42 106 110 122 125 133 145 147 150 169  ; 3 2 3 2 6 2 6 3 
9.401e+04 ; 7.205e-05 ; True ; 0 1 3 34 42 63 71 102 106 110 122 125 133 136 147  ; 3 2 3 2 5 3 5 3 
9.501e+04 ; 7.578e-05 ; True ; 0 1 3 34 42 63 102 106 108 110 122 125 133 145 147  ; 3 2 3 3 6 3 5 2 
9.601e+04 ; 7.907e-05 ; True ; 1 3 16 34 42 51 102 106 110 114 122 125 133 147 169  ; 3 3 3 2 5 2 6 3 
9.701e+04 ; 8.024e-05 ; True ; 1 3 16 34 42 93 102 106 108 110 114 122 125 133 147  ; 3 2 3 2 5 3 6 3 
9.901e+04 ; 8.121e-05 ; True ; 1 3 16 34 42 102 106 110 122 125 133 145 147 150 169  ; 3 2 3 3 6 2 6 3 
1.01e+05 ; 8.592e-05 ; True ; 1 3 16 34 42 51 106 110 122 125 133 145 147 150 169  ; 3 3 3 2 6 2 6 3 
1.02e+05 ; 8.719e-05 ; True ; 1 3 5 16 34 42 51 106 110 122 125 133 145 147 150  ; 3 2 3 2 6 3 6 3 
1.09e+05 ; 9.299e-05 ; True ; 0 1 3 34 42 63 71 85 102 108 110 122 125 133 145 147  ; 3 3 2 3 5 3 5 3 
1.1e+05 ; 9.708e-05 ; True ; 1 3 16 34 42 51 102 106 110 114 122 125 132 133 147 169  ; 3 3 3 2 5 2 6 4 
1.11e+05 ; 9.929e-05 ; True ; 0 1 3 32 34 93 95 102 106 108 110 112 122 125 133 147  ; 4 2 3 3 6 3 5 2 
1.11e+05 ; 0.0001054 ; True ; 1 3 11 16 34 42 51 102 106 110 114 122 125 133 147 169  ; 3 3 3 3 5 2 6 3 
1.12e+05 ; 0.0001069 ; True ; 0 1 3 34 42 93 102 106 108 110 122 125 133 136 145 147  ; 3 3 3 3 6 3 5 2 
1.14e+05 ; 0.0001162 ; True ; 1 3 16 34 42 93 102 106 110 122 125 133 145 147 150 169  ; 3 2 3 3 6 3 6 3 
1.16e+05 ; 0.000123 ; True ; 1 3 5 16 34 42 51 106 110 122 125 133 145 147 150 169  ; 3 3 3 2 6 3 6 3 

RUN 3:
Optimum Distance: 0

Optimal Team: 
Required Skills: 8 22 23 27 37 41 47 50 
Distance; Skill Score; isValid; Team; Skill Counts
7003 ; 5.912e-08 ; True ; 0 32 33 34 122  ; 1 1 1 1 2 1 1 1 
8002 ; 6.125e-08 ; True ; 0 16 33 34 122  ; 1 1 1 1 1 1 2 1 
8002 ; 1.086e-07 ; True ; 0 32 34 110 122  ; 1 1 1 1 2 1 2 1 
1.1e+04 ; 1.448e-07 ; True ; 0 1 32 33 34 122  ; 1 1 1 1 3 1 1 2 
1.1e+04 ; 1.535e-07 ; True ; 0 1 34 63 106 122  ; 1 1 2 1 3 1 1 1 
1.1e+04 ; 1.92e-07 ; True ; 0 1 34 102 110 122  ; 1 1 1 2 2 1 2 1 
1.2e+04 ; 2.134e-07 ; True ; 0 32 33 34 122 133  ; 2 1 1 1 2 1 2 1 
1.2e+04 ; 2.66e-07 ; True ; 0 1 32 34 110 122  ; 1 1 1 1 3 1 2 2 
1.2e+04 ; 2.82e-07 ; True ; 0 1 34 106 110 122  ; 1 1 2 1 3 1 2 1 
1.3e+04 ; 2.949e-07 ; True ; 0 32 34 110 122 147  ; 2 1 1 1 2 1 3 1 
1.501e+04 ; 3.242e-07 ; True ; 0 1 3 34 102 122 125  ; 1 1 2 2 4 1 1 1 
1.501e+04 ; 3.661e-07 ; True ; 0 1 34 63 102 110 122  ; 1 1 1 2 2 2 2 1 
1.501e+04 ; 3.772e-07 ; True ; 0 1 34 63 102 122 133  ; 2 1 1 2 2 1 2 1 
1.6e+04 ; 4.985e-07 ; True ; 0 1 34 102 110 122 125  ; 1 1 2 2 3 1 2 1 
1.7e+04 ; 5.378e-07 ; True ; 0 1 33 34 106 110 122  ; 1 1 2 1 3 2 2 1 
1.8e+04 ; 5.537e-07 ; True ; 0 32 34 110 122 133 169  ; 2 2 1 1 2 1 3 1 
1.8e+04 ; 5.542e-07 ; True ; 3 34 122 125 127 133 169  ; 2 1 2 1 3 1 2 1 
1.8e+04 ; 7.221e-07 ; True ; 0 1 32 34 110 122 133  ; 2 1 1 1 3 1 3 2 
1.8e+04 ; 7.656e-07 ; True ; 0 1 34 106 110 122 133  ; 2 1 2 1 3 1 3 1 
2.101e+04 ; 9.795e-07 ; True ; 0 1 34 63 102 122 125 133  ; 2 1 2 2 3 1 2 1 
2.201e+04 ; 1.091e-06 ; True ; 0 1 32 34 102 110 122 125  ; 1 1 2 2 4 1 2 2 
2.201e+04 ; 1.171e-06 ; True ; 0 1 3 34 102 122 125 147  ; 2 1 2 2 4 1 2 1 
2.3e+04 ; 1.353e-06 ; True ; 0 1 34 102 110 122 125 133  ; 2 1 2 2 3 1 3 1 
2.4e+04 ; 1.356e-06 ; True ; 0 1 32 34 110 122 133 169  ; 2 2 1 1 3 1 3 2 
2.4e+04 ; 1.46e-06 ; True ; 3 34 110 122 125 127 133 169  ; 2 1 2 1 3 2 3 1 
2.4e+04 ; 1.676e-06 ; True ; 0 1 32 34 106 110 122 133  ; 2 1 2 1 4 1 3 2 
2.5e+04 ; 1.745e-06 ; True ; 0 3 32 34 110 122 125 133  ; 2 1 2 1 4 2 3 1 
2.5e+04 ; 1.798e-06 ; True ; 3 34 42 110 114 122 125 133  ; 2 1 2 1 3 2 4 1 
2.801e+04 ; 1.839e-06 ; True ; 0 1 34 63 102 122 125 133 169  ; 2 2 2 2 3 1 2 1 
2.801e+04 ; 2.232e-06 ; True ; 0 1 3 34 63 102 122 125 133  ; 2 1 2 2 4 2 2 1 
2.901e+04 ; 2.414e-06 ; True ; 0 1 3 32 34 102 122 125 133  ; 2 1 2 2 5 1 2 2 
2.901e+04 ; 2.581e-06 ; True ; 0 1 34 63 102 110 122 125 133  ; 2 1 2 2 3 2 3 1 
3.001e+04 ; 3.084e-06 ; True ; 0 1 3 34 102 110 122 125 147  ; 2 1 2 2 4 2 3 1 
3.1e+04 ; 3.147e-06 ; True ; 0 1 32 34 106 110 122 133 169  ; 2 2 2 1 4 1 3 2 
3.1e+04 ; 3.195e-06 ; True ; 0 3 32 34 110 122 125 127 133  ; 2 1 2 1 4 2 3 2 
3.1e+04 ; 3.277e-06 ; True ; 0 3 32 34 110 114 122 125 147  ; 2 2 2 1 4 2 3 1 
3.2e+04 ; 3.599e-06 ; True ; 0 1 3 32 34 110 122 125 133  ; 2 1 2 1 5 2 3 2 
3.3e+04 ; 3.797e-06 ; True ; 0 3 32 34 110 122 125 131 133  ; 2 1 2 2 4 2 4 1 
3.3e+04 ; 3.934e-06 ; True ; 0 1 3 16 34 110 122 125 133  ; 2 1 2 1 4 2 4 2 
3.601e+04 ; 4.088e-06 ; True ; 0 1 3 34 63 102 122 125 127 147  ; 2 1 2 2 4 2 2 2 
3.601e+04 ; 4.192e-06 ; True ; 0 1 3 34 63 102 114 122 125 133  ; 2 2 2 2 4 2 2 1 
3.701e+04 ; 4.846e-06 ; True ; 0 1 34 63 102 110 122 125 133 169  ; 2 2 2 2 3 2 3 1 
3.701e+04 ; 5.791e-06 ; True ; 0 1 3 34 102 110 114 122 125 133  ; 2 2 2 2 4 2 3 1 
3.801e+04 ; 6.36e-06 ; True ; 0 1 3 32 34 102 110 122 125 133  ; 2 1 2 2 5 2 3 2 
3.901e+04 ; 6.953e-06 ; True ; 0 1 3 16 34 102 110 122 125 147  ; 2 1 2 2 4 2 4 2 
4e+04 ; 7.13e-06 ; True ; 0 3 32 34 110 114 122 125 131 147  ; 2 2 2 2 4 2 4 1 
4e+04 ; 7.388e-06 ; True ; 0 1 3 16 34 110 114 122 125 133  ; 2 2 2 1 4 2 4 2 
4.2e+04 ; 8.046e-06 ; True ; 0 1 3 16 34 110 122 125 131 133  ; 2 1 2 2 4 2 5 2 
4.501e+04 ; 8.437e-06 ; True ; 0 1 3 34 102 103 110 114 122 125 133  ; 2 2 3 2 4 2 3 1 
4.501e+04 ; 1.061e-05 ; True ; 0 1 3 34 102 110 114 122 125 127 133  ; 2 2 2 2 4 2 3 2 
4.601e+04 ; 1.194e-05 ; True ; 0 1 3 32 34 102 110 114 122 125 147  ; 2 2 2 2 5 2 3 2 
4.701e+04 ; 1.306e-05 ; True ; 0 1 3 34 42 102 110 114 122 125 133  ; 2 2 2 2 4 2 4 2 
5e+04 ; 1.511e-05 ; True ; 0 1 3 16 34 110 112 114 122 125 147  ; 2 2 2 2 4 2 5 2 
5.401e+04 ; 1.545e-05 ; True ; 0 1 3 34 102 103 110 114 122 125 127 147  ; 2 2 3 2 4 2 3 2 
5.601e+04 ; 1.74e-05 ; True ; 1 3 34 102 106 110 114 122 125 127 133 169  ; 2 2 3 2 5 2 3 2 
5.601e+04 ; 1.891e-05 ; True ; 0 1 3 32 34 102 106 110 114 122 125 147  ; 2 2 3 2 6 2 3 2 
5.601e+04 ; 1.902e-05 ; True ; 0 1 3 16 34 102 103 110 114 122 125 147  ; 2 2 3 2 4 2 4 2 
5.701e+04 ; 1.925e-05 ; True ; 1 3 34 102 110 114 122 125 127 133 147 169  ; 3 2 2 2 4 2 4 2 
5.701e+04 ; 2.168e-05 ; True ; 0 1 3 32 34 102 110 114 122 125 133 147  ; 3 2 2 2 5 2 4 2 
5.801e+04 ; 2.227e-05 ; True ; 0 1 3 16 34 102 110 114 122 125 133 147  ; 3 2 2 2 4 2 5 2 
6.001e+04 ; 2.328e-05 ; True ; 0 1 3 32 34 91 106 110 112 122 125 147  ; 2 2 3 2 6 2 4 2 
6.1e+04 ; 2.344e-05 ; True ; 0 1 3 16 34 42 110 114 122 125 145 147  ; 2 2 2 2 5 2 5 3 
6.1e+04 ; 2.481e-05 ; True ; 0 1 3 16 34 110 114 122 125 131 133 147  ; 3 2 2 2 4 2 6 2 
6.2e+04 ; 2.508e-05 ; True ; 0 1 3 16 34 110 122 125 133 145 147 169  ; 3 2 2 2 5 2 5 2 
6.601e+04 ; 2.62e-05 ; True ; 0 1 3 16 34 102 103 110 114 122 125 127 147  ; 2 2 3 2 4 2 4 3 
6.701e+04 ; 2.683e-05 ; True ; 0 1 3 34 42 102 103 110 114 122 125 133 169  ; 2 3 3 2 4 2 4 2 
6.701e+04 ; 2.804e-05 ; True ; 1 3 34 102 103 110 114 122 125 127 133 147 169  ; 3 2 3 2 4 2 4 2 
6.701e+04 ; 3.158e-05 ; True ; 0 1 3 32 34 102 103 110 114 122 125 133 147  ; 3 2 3 2 5 2 4 2 
6.801e+04 ; 3.431e-05 ; True ; 0 1 3 32 34 102 106 110 114 122 125 133 147  ; 3 2 3 2 6 2 4 2 
7.001e+04 ; 3.654e-05 ; True ; 0 1 3 34 42 102 106 108 110 122 125 133 147  ; 3 2 3 2 5 2 5 2 
7.3e+04 ; 3.971e-05 ; True ; 0 1 3 16 34 106 110 122 125 133 145 147 169  ; 3 2 3 2 6 2 5 2 
7.3e+04 ; 4.07e-05 ; True ; 1 3 16 34 106 108 110 112 114 122 125 133 147  ; 3 2 3 2 5 2 6 2 
7.901e+04 ; 4.09e-05 ; True ; 1 3 34 102 103 106 110 114 122 125 127 133 147 169  ; 3 2 4 2 5 2 4 2 
7.901e+04 ; 4.52e-05 ; True ; 0 1 3 32 34 102 103 110 114 122 125 126 133 147  ; 3 2 3 2 5 3 4 2 
8.001e+04 ; 4.576e-05 ; True ; 0 1 3 16 34 102 103 110 114 122 125 133 147 169  ; 3 3 3 2 4 2 5 2 
8.001e+04 ; 4.644e-05 ; True ; 1 3 34 42 63 102 103 110 114 122 125 133 147 169  ; 3 2 3 2 4 3 5 2 
8.101e+04 ; 5.23e-05 ; True ; 1 3 16 34 63 102 106 110 114 122 125 133 147 169  ; 3 2 3 2 5 3 5 2 
8.201e+04 ; 5.606e-05 ; True ; 0 1 3 16 34 42 102 106 110 114 122 125 133 147  ; 3 2 3 2 5 2 6 3 
8.401e+04 ; 5.74e-05 ; True ; 0 1 3 16 34 106 108 110 112 114 122 125 133 147  ; 3 3 3 2 5 2 6 2 
9.201e+04 ; 6.304e-05 ; True ; 0 1 3 16 34 91 102 103 110 114 122 125 127 133 147  ; 3 3 3 2 4 2 5 3 
9.301e+04 ; 6.551e-05 ; True ; 1 3 34 42 63 91 102 103 110 114 122 125 133 147 169  ; 3 3 3 2 4 3 5 2 
9.401e+04 ; 6.775e-05 ; True ; 0 1 3 5 16 34 102 103 106 110 114 122 125 133 147  ; 3 2 4 2 5 3 5 2 
9.401e+04 ; 7.377e-05 ; True ; 0 1 3 34 42 63 102 106 110 114 122 125 133 147 150  ; 3 3 3 2 5 3 5 2 
9.501e+04 ; 7.653e-05 ; True ; 0 1 3 34 42 91 102 106 110 112 114 122 125 133 147  ; 3 3 3 3 5 2 6 2 
9.801e+04 ; 7.907e-05 ; True ; 0 1 3 16 34 106 108 110 112 114 122 125 133 147 152  ; 3 3 3 2 5 2 6 3 
1e+05 ; 8.016e-05 ; True ; 1 3 16 34 92 93 106 110 114 122 125 133 145 147 169  ; 3 3 3 2 6 3 5 2 
1e+05 ; 8.024e-05 ; True ; 1 3 5 16 34 42 92 103 110 114 122 125 133 145 147  ; 3 2 3 2 5 3 6 3 
1.01e+05 ; 8.719e-05 ; True ; 1 3 5 16 34 42 106 110 114 122 125 133 137 145 147  ; 3 2 3 2 6 3 6 3 
1.08e+05 ; 0.0001024 ; True ; 0 1 3 16 34 42 102 103 106 110 114 122 125 133 147 169  ; 3 3 4 2 5 2 6 3 
1.1e+05 ; 0.0001028 ; True ; 1 3 16 34 67 102 106 108 110 114 122 125 127 133 145 147  ; 3 3 3 3 6 2 5 3 
1.1e+05 ; 0.0001044 ; True ; 1 3 16 34 91 93 102 106 110 114 122 125 127 133 145 147  ; 3 2 3 3 6 3 5 3 
1.11e+05 ; 0.0001162 ; True ; 1 3 16 34 42 63 102 106 110 114 122 125 133 145 147 168  ; 3 2 3 3 6 3 6 3 
1.16e+05 ; 0.000123 ; True ; 1 3 5 16 34 42 106 110 114 122 125 133 137 145 147 168  ; 3 3 3 2 6 3 6 3 

RUN 4:
Optimum Distance: 0

Optimal Team: 
Required Skills: 8 22 23 27 37 41 47 50 
Distance; Skill Score; isValid; Team; Skill Counts
7003 ; 5.912e-08 ; True ; 0 32 33 34 122  ; 1 1 1 1 2 1 1 1 
8002 ; 1.086e-07 ; True ; 0 32 34 110 122  ; 1 1 1 1 2 1 2 1 
1e+04 ; 1.11e-07 ; True ; 0 32 33 34 37 122  ; 1 2 1 1 2 1 1 1 
1.1e+04 ; 1.92e-07 ; True ; 0 8 32 34 110 122  ; 1 1 1 2 2 1 2 1 
1.2e+04 ; 2.134e-07 ; True ; 0 32 33 34 122 147  ; 2 1 1 1 2 1 2 1 
1.2e+04 ; 2.66e-07 ; True ; 0 1 32 34 110 122  ; 1 1 1 1 3 1 2 2 
1.2e+04 ; 2.82e-07 ; True ; 0 1 34 106 110 122  ; 1 1 2 1 3 1 2 1 
1.3e+04 ; 2.949e-07 ; True ; 0 32 34 110 122 147  ; 2 1 1 1 2 1 3 1 
1.501e+04 ; 3.772e-07 ; True ; 0 1 8 34 63 122 133  ; 2 1 1 2 2 1 2 1 
1.6e+04 ; 3.889e-07 ; True ; 0 32 33 34 37 110 122  ; 1 2 1 1 2 2 2 1 
1.6e+04 ; 4.008e-07 ; True ; 0 32 33 34 37 122 147  ; 2 2 1 1 2 1 2 1 
1.6e+04 ; 4.985e-07 ; True ; 0 1 34 102 110 122 125  ; 1 1 2 2 3 1 2 1 
1.7e+04 ; 5.211e-07 ; True ; 0 8 32 34 110 122 147  ; 2 1 1 2 2 1 3 1 
1.7e+04 ; 5.227e-07 ; True ; 0 1 32 33 34 122 147  ; 2 1 1 1 3 1 2 2 
1.7e+04 ; 5.542e-07 ; True ; 0 1 33 34 106 122 133  ; 2 1 2 1 3 1 2 1 
1.7e+04 ; 6.172e-07 ; True ; 0 1 32 34 106 110 122  ; 1 1 2 1 4 1 2 2 
1.8e+04 ; 7.221e-07 ; True ; 0 1 32 34 110 122 147  ; 2 1 1 1 3 1 3 2 
1.8e+04 ; 7.656e-07 ; True ; 0 1 34 106 110 122 133  ; 2 1 2 1 3 1 3 1 
2.101e+04 ; 9.795e-07 ; True ; 0 1 34 63 102 122 125 133  ; 2 1 2 2 3 1 2 1 
2.201e+04 ; 9.938e-07 ; True ; 0 1 8 34 63 110 122 133  ; 2 1 1 2 2 2 3 1 
2.201e+04 ; 1.091e-06 ; True ; 0 1 32 34 102 110 122 125  ; 1 1 2 2 4 1 2 2 
2.201e+04 ; 1.171e-06 ; True ; 0 1 3 34 102 122 125 133  ; 2 1 2 2 4 1 2 1 
2.3e+04 ; 1.353e-06 ; True ; 0 1 8 34 106 110 122 133  ; 2 1 2 2 3 1 3 1 
2.3e+04 ; 1.46e-06 ; True ; 3 34 110 114 122 125 127 133  ; 2 1 2 1 3 2 3 1 
2.4e+04 ; 1.676e-06 ; True ; 0 1 32 34 106 110 122 133  ; 2 1 2 1 4 1 3 2 
2.5e+04 ; 1.745e-06 ; True ; 0 3 32 34 110 122 125 133  ; 2 1 2 1 4 2 3 1 
2.5e+04 ; 1.798e-06 ; True ; 3 34 42 110 114 122 125 147  ; 2 1 2 1 3 2 4 1 
2.801e+04 ; 1.839e-06 ; True ; 0 1 34 63 102 122 125 133 169  ; 2 2 2 2 3 1 2 1 
2.801e+04 ; 2.232e-06 ; True ; 0 1 3 34 63 102 122 125 133  ; 2 1 2 2 4 2 2 1 
2.901e+04 ; 2.434e-06 ; True ; 0 1 32 34 63 102 110 122 133  ; 2 1 1 2 3 2 3 2 
3.001e+04 ; 2.541e-06 ; True ; 0 1 8 34 37 106 110 122 133  ; 2 2 2 2 3 1 3 1 
3.001e+04 ; 2.581e-06 ; True ; 0 1 33 34 102 110 122 125 133  ; 2 1 2 2 3 2 3 1 
3.001e+04 ; 2.962e-06 ; True ; 0 1 32 34 102 110 122 125 147  ; 2 1 2 2 4 1 3 2 
3.001e+04 ; 3.084e-06 ; True ; 0 1 3 34 102 110 122 125 147  ; 2 1 2 2 4 2 3 1 
3.1e+04 ; 3.147e-06 ; True ; 0 1 32 34 106 110 122 133 169  ; 2 2 2 1 4 1 3 2 
3.1e+04 ; 3.195e-06 ; True ; 0 1 9 32 34 106 110 122 147  ; 2 1 2 1 4 2 3 2 
3.1e+04 ; 3.277e-06 ; True ; 0 1 3 34 110 114 122 125 147  ; 2 2 2 1 4 2 3 1 
3.2e+04 ; 3.599e-06 ; True ; 0 1 3 32 34 110 122 125 147  ; 2 1 2 1 5 2 3 2 
3.3e+04 ; 3.646e-06 ; True ; 0 1 32 34 110 112 122 125 147  ; 2 1 2 2 4 1 4 2 
3.3e+04 ; 3.797e-06 ; True ; 0 3 32 34 110 112 122 125 147  ; 2 1 2 2 4 2 4 1 
3.3e+04 ; 3.934e-06 ; True ; 0 1 3 34 42 110 122 125 133  ; 2 1 2 1 4 2 4 2 
3.601e+04 ; 4.026e-06 ; True ; 0 1 32 34 63 102 122 125 133 169  ; 2 2 2 2 4 1 2 2 
3.601e+04 ; 4.192e-06 ; True ; 0 1 3 34 63 102 108 122 125 147  ; 2 2 2 2 4 2 2 1 
3.701e+04 ; 4.846e-06 ; True ; 0 1 3 8 34 65 110 114 122 133  ; 2 2 2 2 3 2 3 1 
3.801e+04 ; 5.648e-06 ; True ; 0 1 3 8 34 42 63 122 125 133  ; 2 1 2 2 4 2 3 2 
3.801e+04 ; 5.791e-06 ; True ; 0 3 8 32 34 110 114 122 125 147  ; 2 2 2 2 4 2 3 1 
3.801e+04 ; 6.36e-06 ; True ; 0 1 3 32 34 102 110 122 125 147  ; 2 1 2 2 5 2 3 2 
3.901e+04 ; 6.953e-06 ; True ; 0 1 3 34 42 102 110 122 125 133  ; 2 1 2 2 4 2 4 2 
4e+04 ; 7.388e-06 ; True ; 0 1 3 16 34 110 114 122 125 133  ; 2 2 2 1 4 2 4 2 
4.2e+04 ; 8.046e-06 ; True ; 1 3 34 42 110 112 114 122 125 147  ; 2 1 2 2 4 2 5 2 
4.601e+04 ; 8.437e-06 ; True ; 0 1 3 8 34 65 106 110 114 122 147  ; 2 2 3 2 4 2 3 1 
4.601e+04 ; 1.061e-05 ; True ; 0 3 32 34 102 110 114 122 125 127 133  ; 2 2 2 2 4 2 3 2 
4.801e+04 ; 1.306e-05 ; True ; 0 3 8 32 34 42 110 114 122 125 133  ; 2 2 2 2 4 2 4 2 
5.1e+04 ; 1.471e-05 ; True ; 0 1 3 34 42 110 122 125 133 145 169  ; 2 2 2 2 5 2 4 2 
5.1e+04 ; 1.511e-05 ; True ; 1 3 34 42 110 114 122 125 131 133 169  ; 2 2 2 2 4 2 5 2 
5.701e+04 ; 1.545e-05 ; True ; 0 1 3 8 34 65 88 110 114 122 125 147  ; 2 2 3 2 4 2 3 2 
5.701e+04 ; 1.685e-05 ; True ; 0 1 3 32 34 102 110 114 122 125 147 169  ; 2 3 2 2 5 2 3 2 
5.801e+04 ; 1.741e-05 ; True ; 0 1 3 8 34 42 102 106 110 122 133 169  ; 2 2 2 3 4 2 4 2 
5.801e+04 ; 1.842e-05 ; True ; 0 1 3 34 42 102 106 110 114 122 133 169  ; 2 3 2 2 4 2 4 2 
5.801e+04 ; 1.925e-05 ; True ; 1 3 10 34 102 110 114 122 125 133 147 169  ; 3 2 2 2 4 2 4 2 
5.801e+04 ; 2.142e-05 ; True ; 1 3 34 42 102 106 110 114 122 125 133 169  ; 2 2 3 2 5 2 4 2 
5.901e+04 ; 2.227e-05 ; True ; 0 3 8 32 34 42 110 114 122 125 133 147  ; 3 2 2 2 4 2 5 2 
6.1e+04 ; 2.481e-05 ; True ; 0 1 3 16 34 106 110 112 114 122 133 147  ; 3 2 2 2 4 2 6 2 
6.2e+04 ; 2.508e-05 ; True ; 1 3 32 34 106 110 114 122 131 133 147 169  ; 3 2 2 2 5 2 5 2 
6.801e+04 ; 2.536e-05 ; True ; 1 3 8 34 42 65 102 110 114 122 125 133 169  ; 2 2 3 3 4 2 4 2 
6.801e+04 ; 2.715e-05 ; True ; 0 1 3 10 34 102 110 114 122 125 133 147 169  ; 3 3 2 2 4 2 4 2 
6.901e+04 ; 3.068e-05 ; True ; 0 3 8 32 34 42 110 114 122 125 127 133 147  ; 3 2 2 2 4 2 5 3 
7.001e+04 ; 3.654e-05 ; True ; 0 1 3 34 42 102 106 110 122 125 133 147 169  ; 3 2 3 2 5 2 5 2 
7.4e+04 ; 4.07e-05 ; True ; 1 3 34 42 91 106 110 122 125 131 133 147 169  ; 3 2 3 2 5 2 6 2 
8.101e+04 ; 4.188e-05 ; True ; 0 3 8 32 34 42 102 110 114 122 125 133 147 169  ; 3 3 2 3 4 2 5 2 
8.101e+04 ; 5.033e-05 ; True ; 0 1 3 34 42 71 102 106 110 122 125 133 147 169  ; 3 2 3 2 5 2 5 3 
8.201e+04 ; 5.154e-05 ; True ; 1 3 34 42 51 102 106 110 114 122 125 133 147 169  ; 3 3 3 2 5 2 5 2 
8.301e+04 ; 5.23e-05 ; True ; 0 1 3 5 34 42 102 106 110 122 125 133 147 169  ; 3 2 3 2 5 3 5 2 
8.301e+04 ; 5.606e-05 ; True ; 1 3 16 34 42 102 106 110 114 122 125 133 147 169  ; 3 2 3 2 5 2 6 3 
8.7e+04 ; 5.89e-05 ; True ; 1 3 34 42 91 106 110 112 122 125 131 133 147 169  ; 3 2 3 3 5 2 7 2 
8.7e+04 ; 6.092e-05 ; True ; 1 3 32 34 42 106 110 114 122 125 131 133 147 159  ; 3 2 3 2 6 2 6 3 
9.301e+04 ; 6.775e-05 ; True ; 1 3 34 42 63 102 103 106 110 114 122 125 133 147 169  ; 3 2 4 2 5 3 5 2 
9.501e+04 ; 7.907e-05 ; True ; 0 1 3 16 34 42 102 106 110 114 122 125 133 147 169  ; 3 3 3 2 5 2 6 3 
9.701e+04 ; 8.024e-05 ; True ; 1 3 16 34 42 102 106 110 114 122 125 133 147 155 169  ; 3 2 3 2 5 3 6 3 
9.801e+04 ; 8.121e-05 ; True ; 1 3 32 34 42 102 106 110 114 122 125 131 133 147 159  ; 3 2 3 3 6 2 6 3 
1.01e+05 ; 8.216e-05 ; True ; 0 3 32 34 42 63 106 110 112 122 125 133 147 159 169  ; 3 3 3 2 5 3 6 2 
1.07e+05 ; 9.033e-05 ; True ; 1 3 34 42 63 102 103 106 107 110 114 122 125 133 147 169  ; 3 2 4 3 5 3 5 2 
1.1e+05 ; 9.472e-05 ; True ; 1 3 32 34 42 71 102 106 110 114 122 125 133 147 159 169  ; 3 3 3 2 6 2 5 4 
1.12e+05 ; 0.0001104 ; True ; 1 3 9 32 34 42 102 106 110 114 122 125 133 147 159 169  ; 3 3 3 2 6 3 5 3 
1.16e+05 ; 0.0001132 ; True ; 0 3 32 34 42 63 106 110 112 122 125 133 141 147 159 169  ; 3 3 3 2 5 3 6 3 

RUN 5:
Optimum Distance: 0

Optimal Team: 
Required Skills: 8 22 23 27 37 41 47 50 
Distance; Skill Score; isValid; Team; Skill Counts
7003 ; 5.912e-08 ; True ; 0 32 33 34 122  ; 1 1 1 1 2 1 1 1 
8002 ; 1.086e-07 ; True ; 0 32 34 110 122  ; 1 1 1 1 2 1 2 1 
1e+04 ; 1.11e-07 ; True ; 0 1 33 34 37 122  ; 1 2 1 1 2 1 1 1 
1.1e+04 ; 1.92e-07 ; True ; 0 1 8 34 110 122  ; 1 1 1 2 2 1 2 1 
1.1e+04 ; 2.071e-07 ; True ; 3 34 110 114 122 127  ; 1 1 1 1 2 2 2 1 
1.2e+04 ; 2.134e-07 ; True ; 0 32 33 34 122 147  ; 2 1 1 1 2 1 2 1 
1.2e+04 ; 2.66e-07 ; True ; 0 1 32 34 110 122  ; 1 1 1 1 3 1 2 2 
1.2e+04 ; 2.82e-07 ; True ; 0 1 34 106 110 122  ; 1 1 2 1 3 1 2 1 
1.3e+04 ; 2.854e-07 ; True ; 0 3 32 34 122 133  ; 2 1 1 1 3 1 2 1 
1.3e+04 ; 2.949e-07 ; True ; 0 32 34 110 122 133  ; 2 1 1 1 2 1 3 1 
1.501e+04 ; 3.242e-07 ; True ; 0 1 3 34 102 122 125  ; 1 1 2 2 4 1 1 1 
1.501e+04 ; 3.661e-07 ; True ; 0 1 34 63 102 110 122  ; 1 1 1 2 2 2 2 1 
1.501e+04 ; 3.772e-07 ; True ; 0 1 34 63 102 122 147  ; 2 1 1 2 2 1 2 1 
1.6e+04 ; 4.985e-07 ; True ; 0 1 8 34 106 110 122  ; 1 1 2 2 3 1 2 1 
1.6e+04 ; 5.378e-07 ; True ; 3 34 110 114 122 125 127  ; 1 1 2 1 3 2 2 1 
1.7e+04 ; 5.542e-07 ; True ; 0 1 33 34 106 122 133  ; 2 1 2 1 3 1 2 1 
1.7e+04 ; 6.172e-07 ; True ; 0 1 32 34 106 110 122  ; 1 1 2 1 4 1 2 2 
1.8e+04 ; 7.221e-07 ; True ; 0 1 32 34 110 122 133  ; 2 1 1 1 3 1 3 2 
1.8e+04 ; 7.656e-07 ; True ; 0 1 34 106 110 122 133  ; 2 1 2 1 3 1 3 1 
2.101e+04 ; 9.238e-07 ; True ; 0 1 8 32 34 63 122 133  ; 2 1 1 2 3 1 2 2 
2.101e+04 ; 9.795e-07 ; True ; 0 1 34 63 102 122 125 133  ; 2 1 2 2 3 1 2 1 
2.201e+04 ; 1.041e-06 ; True ; 0 1 33 34 37 106 122 133  ; 2 2 2 1 3 1 2 1 
2.201e+04 ; 1.091e-06 ; True ; 0 1 32 34 102 110 122 125  ; 1 1 2 2 4 1 2 2 
2.201e+04 ; 1.171e-06 ; True ; 0 1 3 34 102 122 125 133  ; 2 1 2 2 4 1 2 1 
2.3e+04 ; 1.353e-06 ; True ; 0 1 34 102 110 122 125 133  ; 2 1 2 2 3 1 3 1 
2.3e+04 ; 1.46e-06 ; True ; 3 34 110 114 122 125 127 133  ; 2 1 2 1 3 2 3 1 
2.4e+04 ; 1.676e-06 ; True ; 0 1 32 34 106 110 122 133  ; 2 1 2 1 4 1 3 2 
2.5e+04 ; 1.745e-06 ; True ; 0 3 32 34 110 122 125 147  ; 2 1 2 1 4 2 3 1 
2.5e+04 ; 1.798e-06 ; True ; 3 34 42 110 114 122 125 133  ; 2 1 2 1 3 2 4 1 
2.801e+04 ; 1.839e-06 ; True ; 0 1 33 34 37 102 122 125 133  ; 2 2 2 2 3 1 2 1 
2.801e+04 ; 2.232e-06 ; True ; 0 1 3 34 63 102 122 125 133  ; 2 1 2 2 4 2 2 1 
2.901e+04 ; 2.434e-06 ; True ; 0 1 8 32 34 63 110 122 133  ; 2 1 1 2 3 2 3 2 
2.901e+04 ; 2.478e-06 ; True ; 0 1 34 42 63 102 122 125 133  ; 2 1 2 2 3 1 3 2 
2.901e+04 ; 2.581e-06 ; True ; 0 1 34 63 102 110 122 125 147  ; 2 1 2 2 3 2 3 1 
3.001e+04 ; 2.962e-06 ; True ; 0 1 32 34 102 110 122 125 133  ; 2 1 2 2 4 1 3 2 
3.001e+04 ; 3.084e-06 ; True ; 0 1 3 34 102 110 122 125 133  ; 2 1 2 2 4 2 3 1 
3.1e+04 ; 3.277e-06 ; True ; 0 3 32 34 110 114 122 125 133  ; 2 2 2 1 4 2 3 1 
3.2e+04 ; 3.599e-06 ; True ; 0 1 3 32 34 110 122 125 133  ; 2 1 2 1 5 2 3 2 
3.3e+04 ; 3.934e-06 ; True ; 0 3 32 34 42 110 122 125 133  ; 2 1 2 1 4 2 4 2 
3.601e+04 ; 4.088e-06 ; True ; 0 1 3 34 63 102 122 125 127 133  ; 2 1 2 2 4 2 2 2 
3.701e+04 ; 4.534e-06 ; True ; 0 1 3 32 34 102 122 125 133 169  ; 2 2 2 2 5 1 2 2 
3.701e+04 ; 4.846e-06 ; True ; 0 1 34 63 102 110 122 125 133 169  ; 2 2 2 2 3 2 3 1 
3.701e+04 ; 5.648e-06 ; True ; 0 1 32 34 63 102 110 122 125 147  ; 2 1 2 2 4 2 3 2 
3.701e+04 ; 5.791e-06 ; True ; 0 1 3 34 102 110 114 122 125 133  ; 2 2 2 2 4 2 3 1 
3.901e+04 ; 5.967e-06 ; True ; 3 34 42 102 110 114 122 125 133 169  ; 2 2 2 2 3 2 4 1 
3.901e+04 ; 6.953e-06 ; True ; 0 1 3 34 42 102 110 122 125 147  ; 2 1 2 2 4 2 4 2 
4e+04 ; 7.388e-06 ; True ; 0 3 16 32 34 110 114 122 125 133  ; 2 2 2 1 4 2 4 2 
4.2e+04 ; 8.046e-06 ; True ; 0 3 16 32 34 110 112 122 125 133  ; 2 1 2 2 4 2 5 2 
4.501e+04 ; 8.645e-06 ; True ; 0 1 3 32 34 63 102 114 122 125 133  ; 2 2 2 2 5 2 2 2 
4.501e+04 ; 8.875e-06 ; True ; 0 1 34 63 71 102 106 110 114 122 133  ; 2 2 2 2 3 2 3 2 
4.601e+04 ; 9.266e-06 ; True ; 0 1 3 34 42 63 102 106 122 125 133  ; 2 1 3 2 5 2 3 2 
4.601e+04 ; 1.061e-05 ; True ; 0 1 3 34 42 63 102 114 122 125 147  ; 2 2 2 2 4 2 3 2 
4.701e+04 ; 1.093e-05 ; True ; 0 1 34 42 63 102 110 114 122 125 147  ; 2 2 2 2 3 2 4 2 
4.701e+04 ; 1.306e-05 ; True ; 0 1 3 34 42 102 110 114 122 125 133  ; 2 2 2 2 4 2 4 2 
5.1e+04 ; 1.511e-05 ; True ; 0 3 16 32 34 110 112 122 125 133 169  ; 2 2 2 2 4 2 5 2 
5.501e+04 ; 1.545e-05 ; True ; 0 1 34 63 71 102 106 110 114 122 125 133  ; 2 2 3 2 4 2 3 2 
5.601e+04 ; 1.685e-05 ; True ; 0 1 3 32 34 37 102 110 114 122 125 133  ; 2 3 2 2 5 2 3 2 
5.601e+04 ; 1.891e-05 ; True ; 0 1 3 32 34 102 106 110 114 122 125 133  ; 2 2 3 2 6 2 3 2 
5.701e+04 ; 1.902e-05 ; True ; 0 1 34 42 63 102 106 110 122 125 133 169  ; 2 2 3 2 4 2 4 2 
5.701e+04 ; 1.925e-05 ; True ; 1 3 34 71 102 110 114 122 125 133 147 169  ; 3 2 2 2 4 2 4 2 
5.701e+04 ; 2.142e-05 ; True ; 0 1 3 34 42 102 106 110 114 122 125 133  ; 2 2 3 2 5 2 4 2 
5.801e+04 ; 2.227e-05 ; True ; 0 1 3 34 42 102 110 114 122 125 133 147  ; 3 2 2 2 4 2 5 2 
6.1e+04 ; 2.479e-05 ; True ; 1 3 34 42 106 110 112 114 122 125 133 169  ; 2 2 3 2 5 2 5 2 
6.2e+04 ; 2.508e-05 ; True ; 1 3 32 34 110 112 114 122 125 133 147 169  ; 3 2 2 2 5 2 5 2 
6.701e+04 ; 2.723e-05 ; True ; 1 3 34 42 63 102 103 110 114 122 125 133 169  ; 2 2 3 2 4 3 4 2 
6.801e+04 ; 2.804e-05 ; True ; 1 3 34 60 102 103 110 114 122 125 133 147 169  ; 3 2 3 2 4 2 4 2 
6.801e+04 ; 3.158e-05 ; True ; 0 1 3 34 42 63 102 106 114 122 125 133 147  ; 3 2 3 2 5 2 4 2 
6.901e+04 ; 3.245e-05 ; True ; 1 3 34 42 102 103 110 114 122 125 133 147 169  ; 3 2 3 2 4 2 5 2 
7.001e+04 ; 3.344e-05 ; True ; 0 1 3 32 34 102 110 112 122 125 133 147 169  ; 3 2 2 3 5 2 5 2 
7.001e+04 ; 3.654e-05 ; True ; 1 3 34 42 102 106 110 114 122 125 133 147 169  ; 3 2 3 2 5 2 5 2 
7.3e+04 ; 4.07e-05 ; True ; 1 3 34 42 106 110 112 114 122 125 133 147 169  ; 3 2 3 2 5 2 6 2 
7.901e+04 ; 4.162e-05 ; True ; 0 1 3 34 42 71 102 106 110 114 122 125 133 169  ; 2 3 3 2 5 2 4 3 
8.001e+04 ; 4.21e-05 ; True ; 1 3 8 34 42 63 102 106 114 122 125 133 147 169  ; 3 2 3 3 5 2 4 2 
8.001e+04 ; 4.644e-05 ; True ; 1 3 34 42 63 102 103 110 114 122 125 133 147 169  ; 3 2 3 2 4 3 5 2 
8.101e+04 ; 5.23e-05 ; True ; 1 3 34 42 63 102 106 110 114 122 125 133 147 169  ; 3 2 3 2 5 3 5 2 
8.301e+04 ; 5.426e-05 ; True ; 1 3 34 42 102 106 110 112 114 122 125 133 147 169  ; 3 2 3 3 5 2 6 2 
8.501e+04 ; 5.606e-05 ; True ; 0 3 16 32 34 106 110 112 122 125 127 133 147 169  ; 3 2 3 2 5 2 6 3 
8.501e+04 ; 5.825e-05 ; True ; 1 3 34 42 63 106 110 112 114 122 125 133 147 169  ; 3 2 3 2 5 3 6 2 
9.301e+04 ; 6.375e-05 ; True ; 0 1 3 34 63 74 102 106 110 114 122 125 133 147 169  ; 3 3 3 2 5 3 4 2 
9.301e+04 ; 6.397e-05 ; True ; 1 3 34 42 60 63 102 103 110 114 122 125 133 147 169  ; 3 2 3 2 4 3 5 3 
9.301e+04 ; 7.205e-05 ; True ; 1 3 34 42 63 71 102 106 110 114 122 125 133 147 169  ; 3 2 3 2 5 3 5 3 
9.501e+04 ; 7.474e-05 ; True ; 1 3 34 42 102 106 110 112 114 122 125 127 133 147 169  ; 3 2 3 3 5 2 6 3 
9.501e+04 ; 7.767e-05 ; True ; 1 3 34 42 63 102 106 110 112 114 122 125 133 147 169  ; 3 2 3 3 5 3 6 2 
9.701e+04 ; 8.024e-05 ; True ; 1 3 34 42 63 106 110 112 114 122 125 127 133 147 169  ; 3 2 3 2 5 3 6 3 
9.901e+04 ; 8.216e-05 ; True ; 1 3 34 42 46 63 106 110 112 114 122 125 133 147 169  ; 3 3 3 2 5 3 6 2 
1.01e+05 ; 8.719e-05 ; True ; 1 3 32 34 42 46 63 106 110 112 122 125 133 147 169  ; 3 2 3 2 6 3 6 3 
1.07e+05 ; 8.781e-05 ; True ; 0 1 3 34 63 74 102 106 110 114 122 125 132 133 147 169  ; 3 3 3 2 5 3 4 3 
1.08e+05 ; 9.023e-05 ; True ; 1 3 34 42 60 63 99 102 103 110 114 122 125 133 147 169  ; 3 3 3 2 4 3 5 3 
1.08e+05 ; 9.499e-05 ; True ; 1 3 34 42 61 63 102 103 110 112 114 122 125 133 147 169  ; 3 2 3 3 4 3 6 3 
1.08e+05 ; 9.727e-05 ; True ; 1 3 34 42 51 63 102 103 110 112 114 122 125 133 147 169  ; 3 3 3 3 4 3 6 2 
1.1e+05 ; 0.0001095 ; True ; 1 3 34 42 46 63 102 106 110 112 114 122 125 133 147 169  ; 3 3 3 3 5 3 6 2 
1.13e+05 ; 0.0001132 ; True ; 1 3 34 42 46 60 63 106 110 112 114 122 125 133 147 169  ; 3 3 3 2 5 3 6 3 
1.14e+05 ; 0.000123 ; True ; 1 3 32 34 42 46 63 106 110 112 114 122 125 133 147 169  ; 3 3 3 2 6 3 6 3 

RUN 6:
Optimum Distance: 0

Optimal Team: 
Required Skills: 8 22 23 27 37 41 47 50 
Distance; Skill Score; isValid; Team; Skill Counts
7003 ; 3.334e-08 ; True ; 0 32 33 34 147  ; 1 1 1 1 1 1 1 1 
7003 ; 5.912e-08 ; True ; 0 1 33 34 122  ; 1 1 1 1 2 1 1 1 
8002 ; 1.086e-07 ; True ; 0 32 34 110 122  ; 1 1 1 1 2 1 2 1 
1.1e+04 ; 1.92e-07 ; True ; 0 1 8 34 110 122  ; 1 1 1 2 2 1 2 1 
1.1e+04 ; 2.071e-07 ; True ; 3 34 110 114 122 127  ; 1 1 1 1 2 2 2 1 
1.2e+04 ; 2.134e-07 ; True ; 0 1 33 34 122 133  ; 2 1 1 1 2 1 2 1 
1.2e+04 ; 2.66e-07 ; True ; 0 1 32 34 110 122  ; 1 1 1 1 3 1 2 2 
1.2e+04 ; 2.82e-07 ; True ; 0 1 34 106 110 122  ; 1 1 2 1 3 1 2 1 
1.3e+04 ; 2.949e-07 ; True ; 0 32 34 110 122 133  ; 2 1 1 1 2 1 3 1 
1.501e+04 ; 3.242e-07 ; True ; 0 1 3 34 102 122 125  ; 1 1 2 2 4 1 1 1 
1.501e+04 ; 3.772e-07 ; True ; 0 1 34 63 102 122 133  ; 2 1 1 2 2 1 2 1 
1.6e+04 ; 4.701e-07 ; True ; 0 1 8 32 34 110 122  ; 1 1 1 2 3 1 2 2 
1.6e+04 ; 4.985e-07 ; True ; 0 1 34 102 110 122 125  ; 1 1 2 2 3 1 2 1 
1.6e+04 ; 5.378e-07 ; True ; 3 34 110 114 122 125 127  ; 1 1 2 1 3 2 2 1 
1.7e+04 ; 6.172e-07 ; True ; 0 1 32 34 106 110 122  ; 1 1 2 1 4 1 2 2 
1.8e+04 ; 7.221e-07 ; True ; 0 1 32 34 110 122 133  ; 2 1 1 1 3 1 3 2 
1.8e+04 ; 7.656e-07 ; True ; 0 1 34 106 110 122 147  ; 2 1 2 1 3 1 3 1 
2.101e+04 ; 9.795e-07 ; True ; 0 1 34 63 102 122 125 147  ; 2 1 2 2 3 1 2 1 
2.201e+04 ; 1.091e-06 ; True ; 0 1 32 34 102 110 122 125  ; 1 1 2 2 4 1 2 2 
2.201e+04 ; 1.171e-06 ; True ; 0 1 3 34 102 122 125 147  ; 2 1 2 2 4 1 2 1 
2.3e+04 ; 1.353e-06 ; True ; 0 1 8 34 106 110 122 147  ; 2 1 2 2 3 1 3 1 
2.3e+04 ; 1.361e-06 ; True ; 3 16 34 110 114 122 125 127  ; 1 1 2 1 3 2 3 2 
2.3e+04 ; 1.46e-06 ; True ; 3 34 110 114 122 125 127 133  ; 2 1 2 1 3 2 3 1 
2.4e+04 ; 1.676e-06 ; True ; 0 1 32 34 106 110 122 133  ; 2 1 2 1 4 1 3 2 
2.5e+04 ; 1.745e-06 ; True ; 0 3 32 34 110 122 125 133  ; 2 1 2 1 4 2 3 1 
2.5e+04 ; 1.798e-06 ; True ; 3 16 34 110 114 122 125 133  ; 2 1 2 1 3 2 4 1 
2.801e+04 ; 2.144e-06 ; True ; 0 1 32 34 63 102 122 125 147  ; 2 1 2 2 4 1 2 2 
2.901e+04 ; 2.198e-06 ; True ; 0 1 3 34 102 108 122 125 147  ; 2 2 2 2 4 1 2 1 
2.901e+04 ; 2.414e-06 ; True ; 0 1 3 32 34 102 122 125 147  ; 2 1 2 2 5 1 2 2 
2.901e+04 ; 2.581e-06 ; True ; 0 1 34 63 102 110 122 125 147  ; 2 1 2 2 3 2 3 1 
3.001e+04 ; 2.962e-06 ; True ; 0 1 32 34 102 110 122 125 133  ; 2 1 2 2 4 1 3 2 
3.001e+04 ; 3.084e-06 ; True ; 0 1 3 34 102 110 122 125 133  ; 2 1 2 2 4 2 3 1 
3.1e+04 ; 3.195e-06 ; True ; 0 3 32 34 110 122 125 127 133  ; 2 1 2 1 4 2 3 2 
3.1e+04 ; 3.277e-06 ; True ; 0 3 32 34 110 114 122 125 147  ; 2 2 2 1 4 2 3 1 
3.2e+04 ; 3.599e-06 ; True ; 0 1 3 32 34 110 122 125 133  ; 2 1 2 1 5 2 3 2 
3.3e+04 ; 3.646e-06 ; True ; 0 1 32 34 110 122 125 131 147  ; 2 1 2 2 4 1 4 2 
3.3e+04 ; 3.797e-06 ; True ; 0 3 32 34 110 122 125 131 147  ; 2 1 2 2 4 2 4 1 
3.3e+04 ; 3.934e-06 ; True ; 0 3 16 32 34 110 122 125 147  ; 2 1 2 1 4 2 4 2 
3.701e+04 ; 3.948e-06 ; True ; 0 1 8 32 34 102 110 122 125 133  ; 2 1 2 3 4 1 3 2 
3.701e+04 ; 4.534e-06 ; True ; 0 1 3 32 34 102 108 122 125 133  ; 2 2 2 2 5 1 2 2 
3.701e+04 ; 5.648e-06 ; True ; 0 1 32 34 63 102 110 122 125 147  ; 2 1 2 2 4 2 3 2 
3.701e+04 ; 5.791e-06 ; True ; 0 1 3 34 102 110 114 122 125 147  ; 2 2 2 2 4 2 3 1 
3.801e+04 ; 5.819e-06 ; True ; 0 1 16 34 63 102 110 122 125 147  ; 2 1 2 2 3 2 4 2 
3.801e+04 ; 6.001e-06 ; True ; 0 3 32 34 110 114 122 125 127 133  ; 2 2 2 1 4 2 3 2 
3.901e+04 ; 6.36e-06 ; True ; 0 1 3 8 32 34 110 122 125 133  ; 2 1 2 2 5 2 3 2 
3.901e+04 ; 6.953e-06 ; True ; 0 1 3 16 34 102 110 122 125 133  ; 2 1 2 2 4 2 4 2 
4e+04 ; 7.13e-06 ; True ; 0 3 32 34 110 114 122 125 131 133  ; 2 2 2 2 4 2 4 1 
4.1e+04 ; 7.388e-06 ; True ; 0 1 3 34 42 108 110 122 125 133  ; 2 2 2 1 4 2 4 2 
4.1e+04 ; 7.831e-06 ; True ; 0 1 3 32 34 110 122 125 131 147  ; 2 1 2 2 5 2 4 2 
4.2e+04 ; 8.046e-06 ; True ; 0 3 16 32 34 110 122 125 131 133  ; 2 1 2 2 4 2 5 2 
4.601e+04 ; 8.875e-06 ; True ; 0 1 34 63 102 106 108 110 122 127 147  ; 2 2 2 2 3 2 3 2 
4.601e+04 ; 9.501e-06 ; True ; 0 1 3 34 102 106 110 114 122 125 133  ; 2 2 3 2 5 2 3 1 
4.701e+04 ; 1.194e-05 ; True ; 0 1 3 32 34 102 108 110 122 125 133  ; 2 2 2 2 5 2 3 2 
4.701e+04 ; 1.306e-05 ; True ; 0 1 3 16 34 102 110 114 122 125 147  ; 2 2 2 2 4 2 4 2 
5e+04 ; 1.511e-05 ; True ; 0 3 16 32 34 110 114 122 125 131 147  ; 2 2 2 2 4 2 5 2 
5.401e+04 ; 1.518e-05 ; True ; 0 1 3 34 63 102 110 114 122 125 127 147  ; 2 2 2 2 4 3 3 2 
5.601e+04 ; 1.545e-05 ; True ; 1 3 34 75 102 108 110 114 122 125 127 133  ; 2 2 3 2 4 2 3 2 
5.701e+04 ; 1.891e-05 ; True ; 0 1 3 32 34 102 106 110 122 125 133 169  ; 2 2 3 2 6 2 3 2 
5.701e+04 ; 1.902e-05 ; True ; 0 1 16 34 63 102 106 108 110 122 125 147  ; 2 2 3 2 4 2 4 2 
5.701e+04 ; 1.925e-05 ; True ; 0 3 32 34 102 110 114 122 125 127 133 147  ; 3 2 2 2 4 2 4 2 
5.801e+04 ; 2.026e-05 ; True ; 0 1 3 16 32 34 102 108 110 122 125 133  ; 2 2 2 2 5 2 4 3 
5.801e+04 ; 2.227e-05 ; True ; 0 1 3 34 42 102 110 114 122 125 133 147  ; 3 2 2 2 4 2 5 2 
6.1e+04 ; 2.344e-05 ; True ; 0 1 3 16 32 34 108 110 122 125 131 147  ; 2 2 2 2 5 2 5 3 
6.2e+04 ; 2.508e-05 ; True ; 0 1 3 32 34 110 122 125 131 133 147 168  ; 3 2 2 2 5 2 5 2 
6.701e+04 ; 3.066e-05 ; True ; 0 1 3 16 34 63 102 106 110 114 122 125 133  ; 2 2 3 2 5 3 4 2 
6.801e+04 ; 3.068e-05 ; True ; 0 1 3 34 42 102 110 114 122 125 127 133 147  ; 3 2 2 2 4 2 5 3 
6.901e+04 ; 3.158e-05 ; True ; 1 3 34 91 102 106 108 110 122 125 127 133 147  ; 3 2 3 2 5 2 4 2 
7.001e+04 ; 3.415e-05 ; True ; 0 1 3 16 34 42 102 106 110 122 125 133 169  ; 2 2 3 2 5 2 5 3 
7.001e+04 ; 3.654e-05 ; True ; 1 3 34 42 102 106 108 110 114 122 125 133 147  ; 3 2 3 2 5 2 5 2 
7.3e+04 ; 3.709e-05 ; True ; 0 1 3 16 34 42 110 114 122 125 131 133 147  ; 3 2 2 2 4 2 7 3 
7.4e+04 ; 4.07e-05 ; True ; 1 3 34 42 91 106 108 110 122 125 131 133 147  ; 3 2 3 2 5 2 6 2 
7.901e+04 ; 4.21e-05 ; True ; 0 1 3 8 34 102 106 108 110 122 125 127 133 147  ; 3 2 3 3 5 2 4 2 
7.901e+04 ; 4.52e-05 ; True ; 1 3 34 63 102 106 110 114 122 125 127 133 147 169  ; 3 2 3 2 5 3 4 2 
8.001e+04 ; 5.23e-05 ; True ; 0 1 3 16 34 63 102 106 110 114 122 125 133 147  ; 3 2 3 2 5 3 5 2 
8.501e+04 ; 5.825e-05 ; True ; 0 1 3 34 42 63 106 108 110 122 125 131 133 147  ; 3 2 3 2 5 3 6 2 
8.6e+04 ; 6.085e-05 ; True ; 0 1 3 16 34 42 106 108 110 122 125 131 133 147  ; 3 2 3 2 5 2 7 3 
8.8e+04 ; 6.092e-05 ; True ; 1 3 16 32 34 106 108 110 122 125 131 133 147 168  ; 3 2 3 2 6 2 6 3 
9.301e+04 ; 6.973e-05 ; True ; 0 1 3 34 42 63 102 106 107 110 114 122 125 133 147  ; 3 2 3 3 5 3 5 2 
9.401e+04 ; 7.099e-05 ; True ; 0 1 3 16 34 51 102 106 108 110 122 125 127 133 147  ; 3 3 3 2 5 2 5 3 
9.501e+04 ; 7.653e-05 ; True ; 0 1 3 16 34 102 106 108 110 114 122 125 131 133 147  ; 3 3 3 3 5 2 6 2 
9.701e+04 ; 8.113e-05 ; True ; 0 1 3 16 34 42 102 106 108 110 122 125 131 133 147  ; 3 2 3 3 5 2 7 3 
9.901e+04 ; 8.719e-05 ; True ; 0 1 3 16 32 34 106 108 110 122 125 131 133 138 147  ; 3 2 3 2 6 3 6 3 
1.07e+05 ; 9.605e-05 ; True ; 0 1 3 10 16 34 63 102 106 107 110 114 122 125 133 147  ; 3 2 3 3 5 3 5 3 
1.09e+05 ; 0.0001054 ; True ; 0 1 3 16 34 42 102 106 107 108 110 114 122 125 133 147  ; 3 3 3 3 5 2 6 3 
1.1e+05 ; 0.000107 ; True ; 0 1 3 16 34 42 87 102 106 107 110 114 122 125 133 147  ; 3 2 3 3 5 3 6 3 
1.11e+05 ; 0.0001144 ; True ; 0 1 3 16 34 42 51 102 106 108 110 122 125 131 133 147  ; 3 3 3 3 5 2 7 3 
1.12e+05 ; 0.0001161 ; True ; 0 1 3 16 34 42 102 106 108 110 122 125 131 133 138 147  ; 3 2 3 3 5 3 7 3 
1.15e+05 ; 0.0001162 ; True ; 1 3 34 42 62 63 91 106 108 110 122 125 131 133 145 147  ; 3 2 3 3 6 3 6 3 
1.16e+05 ; 0.0001228 ; True ; 1 3 16 34 42 85 91 106 108 110 111 122 125 131 133 147  ; 3 3 3 2 5 3 7 3 

RUN 7:
Optimum Distance: 0

Optimal Team: 
Required Skills: 8 22 23 27 37 41 47 50 
Distance; Skill Score; isValid; Team; Skill Counts
7003 ; 5.912e-08 ; True ; 0 1 34 63 122  ; 1 1 1 1 2 1 1 1 
8002 ; 7.905e-08 ; True ; 0 3 32 34 122  ; 1 1 1 1 3 1 1 1 
8002 ; 1.086e-07 ; True ; 0 32 34 110 122  ; 1 1 1 1 2 1 2 1 
1.1e+04 ; 1.397e-07 ; True ; 0 3 8 32 34 122  ; 1 1 1 2 3 1 1 1 
1.1e+04 ; 1.92e-07 ; True ; 0 1 8 34 110 122  ; 1 1 1 2 2 1 2 1 
1.2e+04 ; 2.071e-07 ; True ; 0 1 33 34 110 122  ; 1 1 1 1 2 2 2 1 
1.2e+04 ; 2.82e-07 ; True ; 0 1 34 106 110 122  ; 1 1 2 1 3 1 2 1 
1.3e+04 ; 2.949e-07 ; True ; 0 32 34 110 122 147  ; 2 1 1 1 2 1 3 1 
1.501e+04 ; 3.242e-07 ; True ; 0 1 3 34 102 122 125  ; 1 1 2 2 4 1 1 1 
1.501e+04 ; 3.772e-07 ; True ; 0 1 34 63 102 122 133  ; 2 1 1 2 2 1 2 1 
1.6e+04 ; 4.701e-07 ; True ; 0 1 8 32 34 110 122  ; 1 1 1 2 3 1 2 2 
1.6e+04 ; 4.985e-07 ; True ; 0 1 34 102 110 122 125  ; 1 1 2 2 3 1 2 1 
1.7e+04 ; 5.044e-07 ; True ; 0 3 8 32 34 122 133  ; 2 1 1 2 3 1 2 1 
1.7e+04 ; 6.172e-07 ; True ; 0 1 32 34 106 110 122  ; 1 1 2 1 4 1 2 2 
1.8e+04 ; 7.221e-07 ; True ; 0 1 32 34 110 122 147  ; 2 1 1 1 3 1 3 2 
1.8e+04 ; 7.656e-07 ; True ; 0 1 34 106 110 122 133  ; 2 1 2 1 3 1 3 1 
2.101e+04 ; 9.129e-07 ; True ; 0 1 16 34 63 102 122 125  ; 1 1 2 2 3 1 2 2 
2.101e+04 ; 9.795e-07 ; True ; 0 1 34 63 102 122 125 147  ; 2 1 2 2 3 1 2 1 
2.201e+04 ; 1.091e-06 ; True ; 0 1 8 32 34 106 110 122  ; 1 1 2 2 4 1 2 2 
2.201e+04 ; 1.171e-06 ; True ; 0 1 3 34 102 122 125 147  ; 2 1 2 2 4 1 2 1 
2.3e+04 ; 1.353e-06 ; True ; 0 1 8 34 106 110 122 133  ; 2 1 2 2 3 1 3 1 
2.4e+04 ; 1.356e-06 ; True ; 0 1 32 34 110 122 133 169  ; 2 2 1 1 3 1 3 2 
2.4e+04 ; 1.438e-06 ; True ; 0 1 34 106 110 122 133 169  ; 2 2 2 1 3 1 3 1 
2.4e+04 ; 1.676e-06 ; True ; 0 1 32 34 106 110 122 133  ; 2 1 2 1 4 1 3 2 
2.5e+04 ; 1.745e-06 ; True ; 0 3 32 34 110 122 125 133  ; 2 1 2 1 4 2 3 1 
2.5e+04 ; 1.798e-06 ; True ; 3 34 42 110 114 122 125 147  ; 2 1 2 1 3 2 4 1 
2.801e+04 ; 1.839e-06 ; True ; 0 1 34 63 102 122 125 133 169  ; 2 2 2 2 3 1 2 1 
2.801e+04 ; 2.08e-06 ; True ; 0 1 32 34 63 102 110 122 125  ; 1 1 2 2 4 2 2 2 
2.801e+04 ; 2.232e-06 ; True ; 0 1 3 34 63 102 122 125 147  ; 2 1 2 2 4 2 2 1 
2.901e+04 ; 2.343e-06 ; True ; 0 1 3 32 34 102 110 122 125  ; 1 1 2 2 5 2 2 2 
2.901e+04 ; 2.581e-06 ; True ; 0 1 34 63 102 110 122 125 133  ; 2 1 2 2 3 2 3 1 
3.001e+04 ; 2.962e-06 ; True ; 0 1 32 34 102 110 122 125 147  ; 2 1 2 2 4 1 3 2 
3.001e+04 ; 3.084e-06 ; True ; 0 1 3 34 102 110 122 125 133  ; 2 1 2 2 4 2 3 1 
3.1e+04 ; 3.195e-06 ; True ; 0 1 32 34 63 106 110 122 147  ; 2 1 2 1 4 2 3 2 
3.1e+04 ; 3.292e-06 ; True ; 3 16 34 110 114 122 125 127 147  ; 2 1 2 1 3 2 4 2 
3.2e+04 ; 3.599e-06 ; True ; 0 1 3 32 34 110 122 125 147  ; 2 1 2 1 5 2 3 2 
3.2e+04 ; 3.646e-06 ; True ; 0 1 32 34 106 110 112 122 133  ; 2 1 2 2 4 1 4 2 
3.3e+04 ; 3.797e-06 ; True ; 0 3 32 34 110 112 122 125 133  ; 2 1 2 2 4 2 4 1 
3.3e+04 ; 3.934e-06 ; True ; 0 1 3 34 42 110 122 125 147  ; 2 1 2 1 4 2 4 2 
3.601e+04 ; 4.026e-06 ; True ; 0 1 32 34 63 102 122 125 133 169  ; 2 2 2 2 4 1 2 2 
3.601e+04 ; 4.192e-06 ; True ; 0 1 3 34 63 102 122 125 133 169  ; 2 2 2 2 4 2 2 1 
3.601e+04 ; 4.604e-06 ; True ; 0 1 3 32 34 63 102 122 125 133  ; 2 1 2 2 5 2 2 2 
3.701e+04 ; 4.654e-06 ; True ; 0 1 34 42 63 102 122 125 133 169  ; 2 2 2 2 3 1 3 2 
3.701e+04 ; 4.846e-06 ; True ; 0 1 34 63 102 110 122 125 133 169  ; 2 2 2 2 3 2 3 1 
3.701e+04 ; 5.648e-06 ; True ; 0 1 32 34 63 102 110 122 125 133  ; 2 1 2 2 4 2 3 2 
3.701e+04 ; 5.791e-06 ; True ; 0 1 3 34 102 110 114 122 125 133  ; 2 2 2 2 4 2 3 1 
3.801e+04 ; 6.36e-06 ; True ; 0 1 3 32 34 102 110 122 125 147  ; 2 1 2 2 5 2 3 2 
3.901e+04 ; 6.953e-06 ; True ; 0 1 3 16 34 102 110 122 125 133  ; 2 1 2 2 4 2 4 2 
4e+04 ; 7.13e-06 ; True ; 0 3 32 34 110 114 122 125 131 133  ; 2 2 2 2 4 2 4 1 
4e+04 ; 7.388e-06 ; True ; 0 3 16 32 34 110 114 122 125 133  ; 2 2 2 1 4 2 4 2 
4.1e+04 ; 7.831e-06 ; True ; 0 1 3 32 34 110 122 125 131 147  ; 2 1 2 2 5 2 4 2 
4.2e+04 ; 8.046e-06 ; True ; 0 1 3 34 42 110 122 125 131 147  ; 2 1 2 2 4 2 5 2 
4.501e+04 ; 8.289e-06 ; True ; 0 1 3 34 63 102 110 114 122 125 133  ; 2 2 2 2 4 3 3 1 
4.601e+04 ; 1.061e-05 ; True ; 0 1 32 34 63 102 110 122 125 133 169  ; 2 2 2 2 4 2 3 2 
4.601e+04 ; 1.194e-05 ; True ; 0 1 3 32 34 102 110 114 122 125 147  ; 2 2 2 2 5 2 3 2 
4.701e+04 ; 1.306e-05 ; True ; 0 1 3 16 34 102 110 114 122 125 147  ; 2 2 2 2 4 2 4 2 
4.901e+04 ; 1.471e-05 ; True ; 0 1 3 32 34 106 110 112 114 122 147  ; 2 2 2 2 5 2 4 2 
5e+04 ; 1.511e-05 ; True ; 0 3 16 32 34 110 112 114 122 125 133  ; 2 2 2 2 4 2 5 2 
5.501e+04 ; 1.74e-05 ; True ; 0 1 3 34 71 102 106 110 114 122 125 147  ; 2 2 3 2 5 2 3 2 
5.601e+04 ; 1.761e-05 ; True ; 0 1 3 32 34 63 102 114 122 125 133 147  ; 3 2 2 2 5 2 3 2 
5.601e+04 ; 1.869e-05 ; True ; 0 1 3 34 42 63 102 110 114 122 125 133  ; 2 2 2 2 4 3 4 2 
5.701e+04 ; 1.925e-05 ; True ; 0 1 32 34 63 102 110 122 125 133 147 169  ; 3 2 2 2 4 2 4 2 
5.701e+04 ; 2.168e-05 ; True ; 0 1 3 32 34 102 110 114 122 125 133 147  ; 3 2 2 2 5 2 4 2 
5.901e+04 ; 2.227e-05 ; True ; 1 3 34 42 102 110 114 122 125 133 147 169  ; 3 2 2 2 4 2 5 2 
5.901e+04 ; 2.328e-05 ; True ; 0 1 3 32 34 106 110 112 114 122 125 133  ; 2 2 3 2 6 2 4 2 
6.001e+04 ; 2.344e-05 ; True ; 0 1 3 32 34 42 110 114 122 125 131 147  ; 2 2 2 2 5 2 5 3 
6.001e+04 ; 2.508e-05 ; True ; 0 1 3 32 34 106 110 112 114 122 133 147  ; 3 2 2 2 5 2 5 2 
6.701e+04 ; 3.103e-05 ; True ; 0 1 3 32 34 63 102 110 114 122 125 133 147  ; 3 2 2 2 5 3 4 2 
6.801e+04 ; 3.104e-05 ; True ; 0 1 3 32 34 102 106 110 114 122 125 131 133  ; 2 2 3 3 6 2 4 2 
6.801e+04 ; 3.158e-05 ; True ; 0 1 3 32 34 65 102 110 114 122 125 133 147  ; 3 2 3 2 5 2 4 2 
6.801e+04 ; 3.188e-05 ; True ; 0 1 3 16 34 63 102 110 114 122 125 133 147  ; 3 2 2 2 4 3 5 2 
6.901e+04 ; 3.305e-05 ; True ; 0 1 3 16 34 102 106 110 114 122 125 131 133  ; 2 2 3 3 5 2 5 2 
7.001e+04 ; 3.431e-05 ; True ; 0 1 3 32 34 92 102 106 110 122 125 133 147  ; 3 2 3 2 6 2 4 2 
7.001e+04 ; 3.654e-05 ; True ; 1 3 34 42 102 106 110 114 122 125 133 147 169  ; 3 2 3 2 5 2 5 2 
7.3e+04 ; 4.07e-05 ; True ; 1 3 34 42 106 110 114 122 125 131 133 147 169  ; 3 2 3 2 5 2 6 2 
7.901e+04 ; 4.442e-05 ; True ; 0 1 3 32 34 63 102 106 110 114 122 125 131 147  ; 2 2 3 3 6 3 4 2 
8.001e+04 ; 4.495e-05 ; True ; 0 1 3 32 34 63 102 110 114 122 125 133 145 147  ; 3 2 2 3 6 3 4 2 
8.001e+04 ; 4.84e-05 ; True ; 0 1 3 32 34 91 102 106 110 114 122 125 133 147  ; 3 3 3 2 6 2 4 2 
8.101e+04 ; 4.947e-05 ; True ; 0 1 3 16 32 34 102 106 110 114 122 125 131 147  ; 2 2 3 3 6 2 5 3 
8.201e+04 ; 5.23e-05 ; True ; 1 3 16 34 63 102 106 110 114 122 125 133 147 150  ; 3 2 3 2 5 3 5 2 
8.301e+04 ; 5.311e-05 ; True ; 0 1 3 16 32 34 63 106 110 114 122 125 131 133  ; 2 2 3 2 6 3 5 3 
8.301e+04 ; 5.426e-05 ; True ; 1 3 16 34 91 102 106 110 114 122 125 131 133 147  ; 3 2 3 3 5 2 6 2 
8.501e+04 ; 5.825e-05 ; True ; 1 3 16 34 63 106 110 112 114 122 125 133 147 169  ; 3 2 3 2 5 3 6 2 
8.6e+04 ; 5.896e-05 ; True ; 1 3 34 42 106 110 114 122 125 131 133 145 147 169  ; 3 2 3 3 6 2 6 2 
9.201e+04 ; 6.027e-05 ; True ; 0 1 3 32 34 63 92 102 110 114 122 125 127 133 147  ; 3 3 2 2 5 3 4 3 
9.301e+04 ; 6.194e-05 ; True ; 1 3 16 34 51 63 102 110 114 122 125 127 133 147 169  ; 3 3 2 2 4 3 5 3 
9.401e+04 ; 6.871e-05 ; True ; 0 1 3 16 34 63 102 106 114 122 125 131 133 147 169  ; 3 3 3 3 5 2 5 2 
9.501e+04 ; 7.205e-05 ; True ; 1 3 16 34 53 63 102 106 110 114 122 125 133 147 169  ; 3 2 3 2 5 3 5 3 
9.501e+04 ; 7.292e-05 ; True ; 0 1 3 32 34 42 102 106 110 114 122 125 133 147 151  ; 3 2 3 3 6 2 5 3 
9.501e+04 ; 7.578e-05 ; True ; 0 1 3 22 32 34 102 106 110 114 122 125 131 133 147  ; 3 2 3 3 6 3 5 2 
9.601e+04 ; 7.907e-05 ; True ; 1 3 16 34 42 51 102 106 110 114 122 125 133 147 169  ; 3 3 3 2 5 2 6 3 
9.901e+04 ; 8.024e-05 ; True ; 1 3 16 22 26 34 42 51 106 110 114 122 125 133 147  ; 3 2 3 2 5 3 6 3 
9.901e+04 ; 8.216e-05 ; True ; 1 3 16 22 34 51 106 110 114 122 125 131 133 147 169  ; 3 3 3 2 5 3 6 2 
1.05e+05 ; 8.614e-05 ; True ; 0 1 3 32 34 63 102 106 110 114 122 125 126 127 133 147  ; 3 2 3 2 6 4 4 3 
1.06e+05 ; 9.023e-05 ; True ; 1 3 16 34 51 63 102 103 110 114 122 125 127 133 147 169  ; 3 3 3 2 4 3 5 3 
1.09e+05 ; 9.835e-05 ; True ; 0 1 3 16 22 34 63 102 106 114 122 125 131 133 147 169  ; 3 3 3 3 5 3 5 2 
1.09e+05 ; 0.0001054 ; True ; 0 1 3 32 34 42 102 103 106 110 114 122 131 133 147 169  ; 3 3 3 3 5 2 6 3 
1.11e+05 ; 0.0001132 ; True ; 1 3 16 34 42 51 102 106 110 114 122 125 133 147 155 169  ; 3 3 3 2 5 3 6 3 
1.12e+05 ; 0.0001161 ; True ; 1 3 16 33 34 42 102 106 110 114 122 125 131 133 147 169  ; 3 2 3 3 5 3 7 3 
1.14e+05 ; 0.0001228 ; True ; 1 3 16 22 34 42 51 106 110 114 122 125 131 133 147 169  ; 3 3 3 2 5 3 7 3 

RUN 8:
Optimum Distance: 0

Optimal Team: 
Required Skills: 8 22 23 27 37 41 47 50 
Distance; Skill Score; isValid; Team; Skill Counts
7003 ; 3.334e-08 ; True ; 0 32 33 34 133  ; 1 1 1 1 1 1 1 1 
7003 ; 5.912e-08 ; True ; 0 1 34 63 122  ; 1 1 1 1 2 1 1 1 
8002 ; 1.086e-07 ; True ; 0 32 34 110 122  ; 1 1 1 1 2 1 2 1 
1.1e+04 ; 1.92e-07 ; True ; 0 8 32 34 110 122  ; 1 1 1 2 2 1 2 1 
1.1e+04 ; 2.071e-07 ; True ; 3 34 110 114 122 127  ; 1 1 1 1 2 2 2 1 
1.2e+04 ; 2.134e-07 ; True ; 0 32 33 34 122 133  ; 2 1 1 1 2 1 2 1 
1.2e+04 ; 2.66e-07 ; True ; 0 1 32 34 110 122  ; 1 1 1 1 3 1 2 2 
1.2e+04 ; 2.82e-07 ; True ; 0 1 34 106 110 122  ; 1 1 2 1 3 1 2 1 
1.3e+04 ; 2.949e-07 ; True ; 0 32 34 110 122 147  ; 2 1 1 1 2 1 3 1 
1.501e+04 ; 3.772e-07 ; True ; 0 1 8 34 63 122 147  ; 2 1 1 2 2 1 2 1 
1.6e+04 ; 4.701e-07 ; True ; 0 1 8 32 34 110 122  ; 1 1 1 2 3 1 2 2 
1.6e+04 ; 4.985e-07 ; True ; 0 1 8 34 106 110 122  ; 1 1 2 2 3 1 2 1 
1.6e+04 ; 5.378e-07 ; True ; 3 34 110 114 122 125 127  ; 1 1 2 1 3 2 2 1 
1.7e+04 ; 6.172e-07 ; True ; 0 1 32 34 106 110 122  ; 1 1 2 1 4 1 2 2 
1.8e+04 ; 7.221e-07 ; True ; 0 1 32 34 110 122 147  ; 2 1 1 1 3 1 3 2 
1.8e+04 ; 7.656e-07 ; True ; 0 1 34 106 110 122 147  ; 2 1 2 1 3 1 3 1 
2.101e+04 ; 9.238e-07 ; True ; 0 1 8 32 34 63 122 147  ; 2 1 1 2 3 1 2 2 
2.101e+04 ; 9.795e-07 ; True ; 0 1 8 34 63 106 122 147  ; 2 1 2 2 3 1 2 1 
2.201e+04 ; 9.938e-07 ; True ; 0 1 8 34 63 110 122 133  ; 2 1 1 2 2 2 3 1 
2.201e+04 ; 1.091e-06 ; True ; 0 1 8 32 34 106 110 122  ; 1 1 2 2 4 1 2 2 
2.201e+04 ; 1.171e-06 ; True ; 0 1 3 34 102 122 125 133  ; 2 1 2 2 4 1 2 1 
2.3e+04 ; 1.276e-06 ; True ; 0 1 8 32 34 110 122 133  ; 2 1 1 2 3 1 3 2 
2.3e+04 ; 1.353e-06 ; True ; 0 1 8 34 106 110 122 147  ; 2 1 2 2 3 1 3 1 
2.3e+04 ; 1.46e-06 ; True ; 3 34 110 114 122 125 127 147  ; 2 1 2 1 3 2 3 1 
2.4e+04 ; 1.676e-06 ; True ; 0 1 32 34 106 110 122 147  ; 2 1 2 1 4 1 3 2 
2.5e+04 ; 1.745e-06 ; True ; 0 3 32 34 110 122 125 147  ; 2 1 2 1 4 2 3 1 
2.5e+04 ; 1.798e-06 ; True ; 3 16 34 110 114 122 125 147  ; 2 1 2 1 3 2 4 1 
2.801e+04 ; 2.144e-06 ; True ; 0 1 8 32 34 63 106 122 133  ; 2 1 2 2 4 1 2 2 
2.801e+04 ; 2.232e-06 ; True ; 0 1 3 34 63 102 122 125 147  ; 2 1 2 2 4 2 2 1 
2.901e+04 ; 2.434e-06 ; True ; 0 1 8 32 34 63 110 122 133  ; 2 1 1 2 3 2 3 2 
2.901e+04 ; 2.581e-06 ; True ; 0 1 8 34 63 106 110 122 133  ; 2 1 2 2 3 2 3 1 
3.001e+04 ; 2.962e-06 ; True ; 0 1 8 32 34 106 110 122 147  ; 2 1 2 2 4 1 3 2 
3.001e+04 ; 3.084e-06 ; True ; 0 1 3 34 102 110 122 125 133  ; 2 1 2 2 4 2 3 1 
3.1e+04 ; 3.147e-06 ; True ; 0 1 32 34 106 108 110 122 147  ; 2 2 2 1 4 1 3 2 
3.1e+04 ; 3.195e-06 ; True ; 0 1 32 34 63 106 110 122 147  ; 2 1 2 1 4 2 3 2 
3.1e+04 ; 3.277e-06 ; True ; 0 3 32 34 110 114 122 125 147  ; 2 2 2 1 4 2 3 1 
3.2e+04 ; 3.599e-06 ; True ; 0 1 3 32 34 110 122 125 147  ; 2 1 2 1 5 2 3 2 
3.2e+04 ; 3.646e-06 ; True ; 0 1 32 34 106 110 112 122 147  ; 2 1 2 2 4 1 4 2 
3.3e+04 ; 3.797e-06 ; True ; 0 3 32 34 110 112 122 125 147  ; 2 1 2 2 4 2 4 1 
3.3e+04 ; 3.934e-06 ; True ; 0 3 32 34 42 110 122 125 147  ; 2 1 2 1 4 2 4 2 
3.601e+04 ; 4.026e-06 ; True ; 0 1 32 34 63 102 108 122 125 147  ; 2 2 2 2 4 1 2 2 
3.601e+04 ; 4.604e-06 ; True ; 0 1 3 32 34 63 102 122 125 133  ; 2 1 2 2 5 2 2 2 
3.601e+04 ; 4.726e-06 ; True ; 0 1 34 63 71 102 110 122 125 133  ; 2 1 2 2 3 2 3 2 
3.701e+04 ; 5.648e-06 ; True ; 0 1 32 34 63 102 110 122 125 133  ; 2 1 2 2 4 2 3 2 
3.701e+04 ; 5.791e-06 ; True ; 0 1 3 34 102 110 114 122 125 147  ; 2 2 2 2 4 2 3 1 
3.801e+04 ; 6.36e-06 ; True ; 0 1 3 32 34 102 110 122 125 133  ; 2 1 2 2 5 2 3 2 
3.901e+04 ; 6.953e-06 ; True ; 0 1 3 34 42 102 110 122 125 147  ; 2 1 2 2 4 2 4 2 
4e+04 ; 7.388e-06 ; True ; 0 1 3 34 42 110 114 122 125 147  ; 2 2 2 1 4 2 4 2 
4.1e+04 ; 7.831e-06 ; True ; 0 1 3 32 34 110 112 122 125 133  ; 2 1 2 2 5 2 4 2 
4.3e+04 ; 8.046e-06 ; True ; 1 3 34 42 110 112 122 125 133 169  ; 2 1 2 2 4 2 5 2 
4.601e+04 ; 9.266e-06 ; True ; 0 1 32 34 63 102 106 110 122 125 147  ; 2 1 3 2 5 2 3 2 
4.601e+04 ; 1.061e-05 ; True ; 0 1 32 34 51 63 102 110 122 125 147  ; 2 2 2 2 4 2 3 2 
4.601e+04 ; 1.194e-05 ; True ; 0 1 3 32 34 102 110 114 122 125 147  ; 2 2 2 2 5 2 3 2 
4.701e+04 ; 1.306e-05 ; True ; 0 1 3 34 42 102 110 114 122 125 147  ; 2 2 2 2 4 2 4 2 
5.2e+04 ; 1.511e-05 ; True ; 0 1 3 34 42 110 112 122 125 133 168  ; 2 2 2 2 4 2 5 2 
5.601e+04 ; 1.741e-05 ; True ; 0 1 3 8 34 42 102 110 114 122 125 147  ; 2 2 2 3 4 2 4 2 
5.601e+04 ; 1.869e-05 ; True ; 0 1 3 34 42 63 102 110 114 122 125 147  ; 2 2 2 2 4 3 4 2 
5.701e+04 ; 1.925e-05 ; True ; 0 1 32 34 51 63 102 110 122 125 133 147  ; 3 2 2 2 4 2 4 2 
5.901e+04 ; 2.227e-05 ; True ; 0 1 3 34 42 102 108 110 122 125 133 147  ; 3 2 2 2 4 2 5 2 
6.3e+04 ; 2.479e-05 ; True ; 1 3 34 42 51 106 110 122 125 131 147 165  ; 2 2 3 2 5 2 5 2 
6.4e+04 ; 2.481e-05 ; True ; 3 16 32 34 51 110 112 122 125 133 137 147  ; 3 2 2 2 4 2 6 2 
6.701e+04 ; 2.566e-05 ; True ; 0 1 8 32 34 63 102 106 110 122 133 147 150  ; 3 2 2 3 4 2 4 2 
6.701e+04 ; 2.636e-05 ; True ; 0 1 3 34 42 63 102 108 110 114 122 125 147  ; 2 3 2 2 4 3 4 2 
6.701e+04 ; 2.651e-05 ; True ; 0 1 32 34 51 63 71 102 110 122 125 133 147  ; 3 2 2 2 4 2 4 3 
6.801e+04 ; 2.755e-05 ; True ; 0 1 3 34 63 102 110 122 125 127 133 147 150  ; 3 2 2 2 4 3 4 2 
6.901e+04 ; 3.158e-05 ; True ; 0 1 6 32 34 63 102 106 110 122 125 133 147  ; 3 2 3 2 5 2 4 2 
6.901e+04 ; 3.245e-05 ; True ; 0 1 16 34 51 63 102 106 110 122 125 133 147  ; 3 2 3 2 4 2 5 2 
7.101e+04 ; 3.654e-05 ; True ; 0 1 3 34 42 46 102 106 110 122 125 133 147  ; 3 2 3 2 5 2 5 2 
7.5e+04 ; 4.07e-05 ; True ; 1 3 16 34 51 106 110 122 125 131 133 147 150  ; 3 2 3 2 5 2 6 2 
8.001e+04 ; 4.52e-05 ; True ; 1 3 34 51 63 102 106 110 114 122 125 133 147 171  ; 3 2 3 2 5 3 4 2 
8.201e+04 ; 4.576e-05 ; True ; 0 1 16 34 46 51 63 102 106 110 122 125 133 147  ; 3 3 3 2 4 2 5 2 
8.201e+04 ; 4.978e-05 ; True ; 0 1 16 34 42 63 102 106 110 114 122 125 133 147  ; 3 2 3 2 4 2 6 3 
8.301e+04 ; 5.606e-05 ; True ; 0 1 3 16 34 42 51 102 106 110 122 125 133 147  ; 3 2 3 2 5 2 6 3 
9.401e+04 ; 5.959e-05 ; True ; 0 1 32 34 51 63 102 103 110 112 122 125 133 147 171  ; 3 2 3 3 4 2 5 3 
9.401e+04 ; 6.135e-05 ; True ; 1 3 16 34 51 63 102 106 114 122 125 133 147 169 171  ; 3 3 3 2 5 2 4 3 
9.401e+04 ; 6.375e-05 ; True ; 1 3 34 46 51 63 102 106 110 114 122 125 133 147 171  ; 3 3 3 2 5 3 4 2 
9.501e+04 ; 6.551e-05 ; True ; 0 1 16 34 51 63 87 102 106 110 122 125 133 147 169  ; 3 3 3 2 4 3 5 2 
9.501e+04 ; 7.205e-05 ; True ; 1 3 16 34 51 63 102 106 110 122 125 127 133 147 150  ; 3 2 3 2 5 3 5 3 
9.701e+04 ; 8.024e-05 ; True ; 0 1 3 16 34 42 51 102 106 110 122 125 133 138 147  ; 3 2 3 2 5 3 6 3 
9.901e+04 ; 8.113e-05 ; True ; 1 3 16 34 42 51 102 106 110 122 125 131 133 147 150  ; 3 2 3 3 5 2 7 3 
1.09e+05 ; 8.179e-05 ; True ; 1 3 16 34 51 63 102 106 107 122 125 133 147 150 169 171  ; 3 3 3 3 5 2 4 3 
1.09e+05 ; 9.174e-05 ; True ; 1 3 16 22 34 51 63 102 106 110 114 122 125 133 147 171  ; 3 2 3 2 5 4 5 3 
1.1e+05 ; 9.605e-05 ; True ; 1 3 4 16 34 51 63 102 106 110 122 125 133 147 169 171  ; 3 2 3 3 5 3 5 3 
1.1e+05 ; 0.0001016 ; True ; 1 3 16 34 46 51 63 71 102 106 110 122 125 133 147 150  ; 3 3 3 2 5 3 5 3 
1.11e+05 ; 0.000107 ; True ; 1 3 16 34 51 63 102 106 110 112 122 125 133 147 150 171  ; 3 2 3 3 5 3 6 3 
1.14e+05 ; 0.0001144 ; True ; 1 3 16 34 42 51 102 106 110 122 125 131 133 147 150 168  ; 3 3 3 3 5 2 7 3 

RUN 9:
Optimum Distance: 0

Optimal Team: 
Required Skills: 8 22 23 27 37 41 47 50 
Distance; Skill Score; isValid; Team; Skill Counts
7003 ; 3.334e-08 ; True ; 0 32 33 34 133  ; 1 1 1 1 1 1 1 1 
7003 ; 5.912e-08 ; True ; 0 1 33 34 122  ; 1 1 1 1 2 1 1 1 
8002 ; 6.125e-08 ; True ; 0 33 34 42 122  ; 1 1 1 1 1 1 2 1 
8002 ; 1.086e-07 ; True ; 0 32 34 110 122  ; 1 1 1 1 2 1 2 1 
1e+04 ; 1.11e-07 ; True ; 0 1 33 34 37 122  ; 1 2 1 1 2 1 1 1 
1.1e+04 ; 1.92e-07 ; True ; 0 8 32 34 110 122  ; 1 1 1 2 2 1 2 1 
1.2e+04 ; 2.134e-07 ; True ; 0 32 33 34 122 133  ; 2 1 1 1 2 1 2 1 
1.2e+04 ; 2.82e-07 ; True ; 0 1 34 106 110 122  ; 1 1 2 1 3 1 2 1 
1.3e+04 ; 2.949e-07 ; True ; 0 32 34 110 122 133  ; 2 1 1 1 2 1 3 1 
1.501e+04 ; 3.772e-07 ; True ; 0 1 8 34 63 122 133  ; 2 1 1 2 2 1 2 1 
1.6e+04 ; 4.985e-07 ; True ; 0 1 8 34 106 110 122  ; 1 1 2 2 3 1 2 1 
1.7e+04 ; 5.211e-07 ; True ; 0 8 32 34 110 122 147  ; 2 1 1 2 2 1 3 1 
1.7e+04 ; 5.542e-07 ; True ; 0 1 33 34 106 122 133  ; 2 1 2 1 3 1 2 1 
1.8e+04 ; 5.623e-07 ; True ; 0 1 33 34 110 122 133  ; 2 1 1 1 2 2 3 1 
1.8e+04 ; 7.656e-07 ; True ; 0 1 34 106 110 122 133  ; 2 1 2 1 3 1 3 1 
2.101e+04 ; 9.238e-07 ; True ; 0 1 8 32 34 63 122 133  ; 2 1 1 2 3 1 2 2 
2.101e+04 ; 9.795e-07 ; True ; 0 1 8 34 63 106 122 147  ; 2 1 2 2 3 1 2 1 
2.201e+04 ; 9.938e-07 ; True ; 0 1 8 34 63 110 122 133  ; 2 1 1 2 2 2 3 1 
2.201e+04 ; 1.171e-06 ; True ; 0 1 3 34 102 122 125 147  ; 2 1 2 2 4 1 2 1 
2.3e+04 ; 1.276e-06 ; True ; 0 1 8 32 34 110 122 147  ; 2 1 1 2 3 1 3 2 
2.3e+04 ; 1.353e-06 ; True ; 0 1 8 34 106 110 122 147  ; 2 1 2 2 3 1 3 1 
2.4e+04 ; 1.438e-06 ; True ; 0 1 34 106 110 122 133 169  ; 2 2 2 1 3 1 3 1 
2.4e+04 ; 1.676e-06 ; True ; 0 1 32 34 106 110 122 147  ; 2 1 2 1 4 1 3 2 
2.5e+04 ; 1.745e-06 ; True ; 0 3 32 34 110 122 125 133  ; 2 1 2 1 4 2 3 1 
2.6e+04 ; 1.798e-06 ; True ; 0 3 34 42 110 122 125 133  ; 2 1 2 1 3 2 4 1 
2.801e+04 ; 1.839e-06 ; True ; 0 1 8 33 34 37 106 122 133  ; 2 2 2 2 3 1 2 1 
2.801e+04 ; 2.232e-06 ; True ; 0 1 3 34 63 102 122 125 133  ; 2 1 2 2 4 2 2 1 
2.901e+04 ; 2.434e-06 ; True ; 0 1 8 32 34 63 110 122 133  ; 2 1 1 2 3 2 3 2 
2.901e+04 ; 2.581e-06 ; True ; 0 1 8 34 63 106 110 122 133  ; 2 1 2 2 3 2 3 1 
3.001e+04 ; 2.962e-06 ; True ; 0 1 8 32 34 106 110 122 133  ; 2 1 2 2 4 1 3 2 
3.001e+04 ; 3.084e-06 ; True ; 0 1 3 34 102 110 122 125 147  ; 2 1 2 2 4 2 3 1 
3.1e+04 ; 3.147e-06 ; True ; 0 1 32 34 106 110 122 133 169  ; 2 2 2 1 4 1 3 2 
3.1e+04 ; 3.277e-06 ; True ; 0 1 3 34 110 114 122 125 133  ; 2 2 2 1 4 2 3 1 
3.2e+04 ; 3.599e-06 ; True ; 0 1 3 32 34 110 122 125 147  ; 2 1 2 1 5 2 3 2 
3.3e+04 ; 3.646e-06 ; True ; 0 1 32 34 110 112 122 125 147  ; 2 1 2 2 4 1 4 2 
3.3e+04 ; 3.934e-06 ; True ; 0 1 3 34 42 110 122 125 133  ; 2 1 2 1 4 2 4 2 
3.601e+04 ; 4.026e-06 ; True ; 0 1 32 33 34 37 102 122 125 133  ; 2 2 2 2 4 1 2 2 
3.601e+04 ; 4.088e-06 ; True ; 0 1 32 33 34 63 102 122 125 147  ; 2 1 2 2 4 2 2 2 
3.601e+04 ; 4.604e-06 ; True ; 0 1 3 32 34 63 102 122 125 133  ; 2 1 2 2 5 2 2 2 
3.701e+04 ; 4.846e-06 ; True ; 0 1 8 33 34 37 106 110 122 133  ; 2 2 2 2 3 2 3 1 
3.701e+04 ; 5.648e-06 ; True ; 0 1 3 16 34 63 102 122 125 133  ; 2 1 2 2 4 2 3 2 
3.701e+04 ; 5.791e-06 ; True ; 0 1 3 34 102 110 114 122 125 133  ; 2 2 2 2 4 2 3 1 
3.801e+04 ; 6.36e-06 ; True ; 0 1 3 32 34 102 110 122 125 133  ; 2 1 2 2 5 2 3 2 
3.901e+04 ; 6.953e-06 ; True ; 0 1 3 34 42 102 110 122 125 147  ; 2 1 2 2 4 2 4 2 
4e+04 ; 7.13e-06 ; True ; 0 3 32 34 110 112 114 122 125 147  ; 2 2 2 2 4 2 4 1 
4e+04 ; 7.388e-06 ; True ; 0 1 3 16 34 110 114 122 125 147  ; 2 2 2 1 4 2 4 2 
4.1e+04 ; 7.831e-06 ; True ; 0 1 3 32 34 110 112 122 125 147  ; 2 1 2 2 5 2 4 2 
4.2e+04 ; 8.046e-06 ; True ; 0 3 32 34 42 110 112 122 125 147  ; 2 1 2 2 4 2 5 2 
4.501e+04 ; 8.645e-06 ; True ; 0 1 3 32 34 63 102 122 125 133 169  ; 2 2 2 2 5 2 2 2 
4.601e+04 ; 1.061e-05 ; True ; 0 1 3 34 42 63 102 122 125 133 169  ; 2 2 2 2 4 2 3 2 
4.601e+04 ; 1.194e-05 ; True ; 0 1 3 32 34 102 110 114 122 125 133  ; 2 2 2 2 5 2 3 2 
4.701e+04 ; 1.306e-05 ; True ; 0 1 3 34 42 102 110 114 122 125 133  ; 2 2 2 2 4 2 4 2 
4.901e+04 ; 1.471e-05 ; True ; 0 1 3 32 34 110 112 114 122 125 147  ; 2 2 2 2 5 2 4 2 
5e+04 ; 1.511e-05 ; True ; 0 3 32 34 42 110 112 114 122 125 147  ; 2 2 2 2 4 2 5 2 
5.401e+04 ; 1.518e-05 ; True ; 0 1 3 34 63 71 102 110 114 122 125 147  ; 2 2 2 2 4 3 3 2 
5.501e+04 ; 1.71e-05 ; True ; 0 1 3 32 34 63 102 110 114 122 125 147  ; 2 2 2 2 5 3 3 2 
5.601e+04 ; 1.761e-05 ; True ; 0 1 3 32 34 63 102 122 125 133 147 169  ; 3 2 2 2 5 2 3 2 
5.601e+04 ; 1.891e-05 ; True ; 0 1 3 32 34 102 106 110 114 122 125 147  ; 2 2 3 2 6 2 3 2 
5.701e+04 ; 1.925e-05 ; True ; 0 1 3 34 42 63 102 122 125 133 147 169  ; 3 2 2 2 4 2 4 2 
5.701e+04 ; 2.168e-05 ; True ; 0 1 3 32 34 102 110 114 122 125 133 147  ; 3 2 2 2 5 2 4 2 
5.801e+04 ; 2.227e-05 ; True ; 0 1 3 16 34 102 110 114 122 125 133 147  ; 3 2 2 2 4 2 5 2 
6.001e+04 ; 2.328e-05 ; True ; 0 1 3 32 34 106 110 112 122 125 133 169  ; 2 2 3 2 6 2 4 2 
6.001e+04 ; 2.344e-05 ; True ; 0 1 3 32 34 42 110 112 114 122 125 147  ; 2 2 2 2 5 2 5 3 
6.001e+04 ; 2.479e-05 ; True ; 0 1 3 16 34 106 110 112 114 122 125 133  ; 2 2 3 2 5 2 5 2 
6.1e+04 ; 2.481e-05 ; True ; 0 1 3 16 34 110 112 114 122 125 133 147  ; 3 2 2 2 4 2 6 2 
6.501e+04 ; 2.491e-05 ; True ; 0 1 3 34 63 71 102 106 110 114 122 125 147  ; 2 2 3 2 5 3 3 2 
6.601e+04 ; 2.706e-05 ; True ; 0 1 3 32 34 63 102 106 110 114 122 125 147  ; 2 2 3 2 6 3 3 2 
6.701e+04 ; 2.787e-05 ; True ; 0 1 3 32 34 63 102 106 122 125 133 147 169  ; 3 2 3 2 6 2 3 2 
6.701e+04 ; 2.899e-05 ; True ; 0 1 3 32 34 42 63 102 110 114 122 125 147  ; 2 2 2 2 5 3 4 3 
6.701e+04 ; 3.066e-05 ; True ; 0 1 3 16 34 63 102 106 110 114 122 125 133  ; 2 2 3 2 5 3 4 2 
6.801e+04 ; 3.158e-05 ; True ; 0 1 32 34 63 102 106 110 122 125 133 147 169  ; 3 2 3 2 5 2 4 2 
6.801e+04 ; 3.207e-05 ; True ; 0 1 3 32 34 42 102 106 110 114 122 125 147  ; 2 2 3 2 6 2 4 3 
6.901e+04 ; 3.431e-05 ; True ; 0 1 3 32 34 102 106 110 122 125 133 147 169  ; 3 2 3 2 6 2 4 2 
7.001e+04 ; 3.455e-05 ; True ; 0 1 3 32 34 42 102 110 122 125 133 147 169  ; 3 2 2 2 5 2 5 3 
7.001e+04 ; 3.654e-05 ; True ; 0 1 3 34 42 102 106 110 122 125 133 147 169  ; 3 2 3 2 5 2 5 2 
7.101e+04 ; 3.971e-05 ; True ; 0 1 3 32 34 106 110 112 114 122 125 133 147  ; 3 2 3 2 6 2 5 2 
7.201e+04 ; 4.07e-05 ; True ; 0 1 3 16 34 106 110 112 114 122 125 133 147  ; 3 2 3 2 5 2 6 2 
7.801e+04 ; 4.21e-05 ; True ; 0 1 3 8 34 42 63 102 106 114 122 125 133 147  ; 3 2 3 3 5 2 4 2 
7.801e+04 ; 4.224e-05 ; True ; 0 1 3 34 42 63 71 102 106 110 114 122 125 147  ; 2 2 3 2 5 3 4 3 
7.901e+04 ; 4.275e-05 ; True ; 0 1 3 8 32 34 42 102 106 110 114 122 125 147  ; 2 2 3 3 6 2 4 3 
7.901e+04 ; 4.325e-05 ; True ; 0 1 3 16 34 63 102 106 110 114 122 125 133 169  ; 2 3 3 2 5 3 4 2 
7.901e+04 ; 4.59e-05 ; True ; 0 1 3 32 34 42 63 102 106 110 114 122 125 147  ; 2 2 3 2 6 3 4 3 
8.001e+04 ; 4.872e-05 ; True ; 0 1 3 8 16 34 102 106 110 114 122 125 133 147  ; 3 2 3 3 5 2 5 2 
8.001e+04 ; 4.911e-05 ; True ; 0 1 3 32 34 63 102 106 110 122 125 133 147 169  ; 3 2 3 2 6 3 4 2 
8.101e+04 ; 5.033e-05 ; True ; 0 1 32 34 42 63 102 106 110 122 125 133 147 169  ; 3 2 3 2 5 2 5 3 
8.101e+04 ; 5.23e-05 ; True ; 0 1 3 16 34 63 102 106 110 122 125 133 147 169  ; 3 2 3 2 5 3 5 2 
8.101e+04 ; 5.469e-05 ; True ; 0 1 3 16 32 34 102 106 110 114 122 125 133 147  ; 3 2 3 2 6 2 5 3 
8.301e+04 ; 5.606e-05 ; True ; 0 1 3 16 34 42 102 106 110 122 125 133 147 169  ; 3 2 3 2 5 2 6 3 
8.401e+04 ; 5.825e-05 ; True ; 0 1 3 16 34 63 106 110 112 114 122 125 133 147  ; 3 2 3 2 5 3 6 2 
9.201e+04 ; 5.957e-05 ; True ; 0 1 3 34 42 60 63 102 106 110 114 122 125 133 169  ; 2 3 3 2 5 3 4 3 
9.301e+04 ; 6.871e-05 ; True ; 0 1 3 8 16 34 102 106 110 114 122 125 133 147 169  ; 3 3 3 3 5 2 5 2 
9.401e+04 ; 7.377e-05 ; True ; 0 1 3 33 34 37 42 102 106 110 122 125 133 147 169  ; 3 3 3 2 5 3 5 2 
9.501e+04 ; 7.653e-05 ; True ; 0 1 3 16 34 102 106 110 112 114 122 125 133 147 169  ; 3 3 3 3 5 2 6 2 
9.601e+04 ; 7.829e-05 ; True ; 0 1 3 32 34 42 102 106 110 122 125 133 138 147 169  ; 3 2 3 2 6 3 5 3 
9.701e+04 ; 8.016e-05 ; True ; 0 1 3 32 33 34 51 106 110 112 122 125 133 147 169  ; 3 3 3 2 6 3 5 2 
9.701e+04 ; 8.024e-05 ; True ; 0 1 3 16 34 42 87 102 106 110 122 125 133 147 169  ; 3 2 3 2 5 3 6 3 
9.801e+04 ; 8.592e-05 ; True ; 0 1 3 32 34 42 51 106 110 112 122 125 133 147 169  ; 3 3 3 2 6 2 6 3 
1.08e+05 ; 9.121e-05 ; True ; 0 1 3 8 16 34 102 106 110 112 114 122 125 133 147 169  ; 3 3 3 4 5 2 6 2 
1.08e+05 ; 0.0001016 ; True ; 0 1 3 16 34 42 63 102 106 122 125 126 133 136 147 169  ; 3 3 3 2 5 3 5 3 
1.1e+05 ; 0.0001132 ; True ; 0 1 3 16 34 42 63 102 106 110 122 125 133 137 147 169  ; 3 3 3 2 5 3 6 3 

RUN 10:
Optimum Distance: 0

Optimal Team: 
Required Skills: 8 22 23 27 37 41 47 50 
Distance; Skill Score; isValid; Team; Skill Counts
7003 ; 5.912e-08 ; True ; 0 1 33 34 122  ; 1 1 1 1 2 1 1 1 
8002 ; 7.905e-08 ; True ; 0 1 3 34 122  ; 1 1 1 1 3 1 1 1 
8002 ; 1.086e-07 ; True ; 0 1 34 110 122  ; 1 1 1 1 2 1 2 1 
1.1e+04 ; 1.92e-07 ; True ; 0 1 8 34 110 122  ; 1 1 1 2 2 1 2 1 
1.2e+04 ; 2.04e-07 ; True ; 0 1 34 108 110 122  ; 1 2 1 1 2 1 2 1 
1.2e+04 ; 2.134e-07 ; True ; 0 1 33 34 122 133  ; 2 1 1 1 2 1 2 1 
1.2e+04 ; 2.66e-07 ; True ; 0 1 32 34 110 122  ; 1 1 1 1 3 1 2 2 
1.2e+04 ; 2.82e-07 ; True ; 0 1 34 106 110 122  ; 1 1 2 1 3 1 2 1 
1.3e+04 ; 2.949e-07 ; True ; 0 1 34 110 122 147  ; 2 1 1 1 2 1 3 1 
1.501e+04 ; 3.772e-07 ; True ; 0 1 8 34 63 122 133  ; 2 1 1 2 2 1 2 1 
1.6e+04 ; 4.985e-07 ; True ; 0 1 8 34 106 110 122  ; 1 1 2 2 3 1 2 1 
1.7e+04 ; 5.211e-07 ; True ; 0 1 8 34 110 122 133  ; 2 1 1 2 2 1 3 1 
1.7e+04 ; 5.296e-07 ; True ; 0 1 34 106 108 110 122  ; 1 2 2 1 3 1 2 1 
1.7e+04 ; 5.542e-07 ; True ; 0 1 33 34 106 122 147  ; 2 1 2 1 3 1 2 1 
1.8e+04 ; 5.623e-07 ; True ; 0 1 33 34 110 122 147  ; 2 1 1 1 2 2 3 1 
1.8e+04 ; 7.221e-07 ; True ; 0 1 32 34 110 122 133  ; 2 1 1 1 3 1 3 2 
1.8e+04 ; 7.656e-07 ; True ; 0 1 34 106 110 122 147  ; 2 1 2 1 3 1 3 1 
2.101e+04 ; 9.795e-07 ; True ; 0 1 8 34 63 106 122 147  ; 2 1 2 2 3 1 2 1 
2.201e+04 ; 9.938e-07 ; True ; 0 1 8 34 63 110 122 147  ; 2 1 1 2 2 2 3 1 
2.201e+04 ; 1.136e-06 ; True ; 0 1 3 34 102 110 122 125  ; 1 1 2 2 4 2 2 1 
2.201e+04 ; 1.171e-06 ; True ; 0 1 3 34 102 122 125 133  ; 2 1 2 2 4 1 2 1 
2.3e+04 ; 1.353e-06 ; True ; 0 1 8 34 106 110 122 147  ; 2 1 2 2 3 1 3 1 
2.4e+04 ; 1.438e-06 ; True ; 0 1 34 106 108 110 122 147  ; 2 2 2 1 3 1 3 1 
2.4e+04 ; 1.676e-06 ; True ; 0 1 32 34 106 110 122 133  ; 2 1 2 1 4 1 3 2 
2.5e+04 ; 1.745e-06 ; True ; 0 1 3 34 110 122 125 147  ; 2 1 2 1 4 2 3 1 
2.5e+04 ; 1.798e-06 ; True ; 3 16 34 110 114 122 125 147  ; 2 1 2 1 3 2 4 1 
2.801e+04 ; 1.839e-06 ; True ; 0 1 34 63 102 108 122 125 147  ; 2 2 2 2 3 1 2 1 
2.801e+04 ; 1.868e-06 ; True ; 0 1 33 34 63 102 122 125 147  ; 2 1 2 2 3 2 2 1 
2.801e+04 ; 2.232e-06 ; True ; 0 1 3 34 63 102 122 125 133  ; 2 1 2 2 4 2 2 1 
2.901e+04 ; 2.581e-06 ; True ; 0 1 8 34 63 106 110 122 147  ; 2 1 2 2 3 2 3 1 
3.001e+04 ; 2.742e-06 ; True ; 0 1 33 34 37 106 110 122 147  ; 2 2 2 1 3 2 3 1 
3.001e+04 ; 3.084e-06 ; True ; 0 1 3 34 102 110 122 125 147  ; 2 1 2 2 4 2 3 1 
3.1e+04 ; 3.195e-06 ; True ; 0 1 3 34 106 110 122 127 147  ; 2 1 2 1 4 2 3 2 
3.1e+04 ; 3.277e-06 ; True ; 0 1 3 34 110 114 122 125 133  ; 2 2 2 1 4 2 3 1 
3.2e+04 ; 3.292e-06 ; True ; 0 1 34 42 63 106 110 122 147  ; 2 1 2 1 3 2 4 2 
3.2e+04 ; 3.376e-06 ; True ; 0 3 34 42 110 114 122 125 133  ; 2 2 2 1 3 2 4 1 
3.3e+04 ; 3.797e-06 ; True ; 0 3 32 34 110 112 122 125 133  ; 2 1 2 2 4 2 4 1 
3.3e+04 ; 3.934e-06 ; True ; 0 1 3 34 42 110 122 125 133  ; 2 1 2 1 4 2 4 2 
3.601e+04 ; 4.026e-06 ; True ; 0 1 32 34 63 102 108 122 125 147  ; 2 2 2 2 4 1 2 2 
3.601e+04 ; 4.192e-06 ; True ; 0 1 3 34 63 102 108 122 125 147  ; 2 2 2 2 4 2 2 1 
3.601e+04 ; 4.726e-06 ; True ; 0 1 34 63 71 102 106 110 122 147  ; 2 1 2 2 3 2 3 2 
3.701e+04 ; 4.846e-06 ; True ; 0 1 8 34 63 106 110 114 122 147  ; 2 2 2 2 3 2 3 1 
3.701e+04 ; 5.648e-06 ; True ; 0 1 3 34 42 63 102 122 125 133  ; 2 1 2 2 4 2 3 2 
3.701e+04 ; 5.791e-06 ; True ; 0 1 3 34 102 110 114 122 125 147  ; 2 2 2 2 4 2 3 1 
3.801e+04 ; 5.819e-06 ; True ; 0 1 16 34 63 102 110 122 125 133  ; 2 1 2 2 3 2 4 2 
3.801e+04 ; 6.001e-06 ; True ; 0 1 3 34 110 114 122 125 127 147  ; 2 2 2 1 4 2 3 2 
3.901e+04 ; 6.953e-06 ; True ; 0 1 3 34 42 102 110 122 125 147  ; 2 1 2 2 4 2 4 2 
4e+04 ; 7.388e-06 ; True ; 0 1 3 16 34 110 114 122 125 147  ; 2 2 2 1 4 2 4 2 
4.2e+04 ; 8.046e-06 ; True ; 0 1 3 34 42 110 112 122 125 147  ; 2 1 2 2 4 2 5 2 
4.601e+04 ; 8.536e-06 ; True ; 0 1 3 34 63 102 108 122 125 133 147  ; 3 2 2 2 4 2 3 1 
4.701e+04 ; 1.061e-05 ; True ; 0 1 3 26 34 110 114 122 125 127 147  ; 2 2 2 2 4 2 3 2 
4.701e+04 ; 1.093e-05 ; True ; 0 1 16 34 63 102 108 110 122 125 147  ; 2 2 2 2 3 2 4 2 
4.801e+04 ; 1.306e-05 ; True ; 0 1 3 8 34 42 110 114 122 125 147  ; 2 2 2 2 4 2 4 2 
5.1e+04 ; 1.511e-05 ; True ; 0 1 3 34 42 108 110 112 122 125 133  ; 2 2 2 2 4 2 5 2 
5.601e+04 ; 1.74e-05 ; True ; 0 1 3 34 42 63 102 106 108 122 125 133  ; 2 2 3 2 5 2 3 2 
5.601e+04 ; 1.799e-05 ; True ; 0 1 3 34 42 102 110 114 122 125 127 133  ; 2 2 2 2 4 2 4 3 
5.701e+04 ; 1.869e-05 ; True ; 0 1 3 34 42 63 102 108 110 122 125 147  ; 2 2 2 2 4 3 4 2 
5.801e+04 ; 2.142e-05 ; True ; 0 1 3 34 42 102 106 108 110 122 125 147  ; 2 2 3 2 5 2 4 2 
6.001e+04 ; 2.227e-05 ; True ; 0 1 3 34 42 102 106 108 110 122 133 147  ; 3 2 2 2 4 2 5 2 
6.2e+04 ; 2.479e-05 ; True ; 0 1 3 34 42 106 110 112 122 125 147 150  ; 2 2 3 2 5 2 5 2 
6.2e+04 ; 2.481e-05 ; True ; 1 3 34 42 106 108 110 112 114 122 133 147  ; 3 2 2 2 4 2 6 2 
6.701e+04 ; 2.492e-05 ; True ; 1 3 8 34 42 63 102 108 110 114 122 125 133  ; 2 2 2 3 4 3 4 2 
6.801e+04 ; 3.158e-05 ; True ; 0 1 3 16 34 63 102 106 108 122 125 133 147  ; 3 2 3 2 5 2 4 2 
7.001e+04 ; 3.188e-05 ; True ; 1 3 16 34 51 63 102 108 110 122 125 133 147  ; 3 2 2 2 4 3 5 2 
7.001e+04 ; 3.207e-05 ; True ; 1 3 32 34 42 102 106 108 110 114 122 125 147  ; 2 2 3 2 6 2 4 3 
7.101e+04 ; 3.654e-05 ; True ; 1 3 34 42 51 102 106 108 110 122 125 133 147  ; 3 2 3 2 5 2 5 2 
7.4e+04 ; 4.07e-05 ; True ; 1 3 34 42 99 106 110 112 114 122 125 133 147  ; 3 2 3 2 5 2 6 2 
8.001e+04 ; 4.088e-05 ; True ; 1 3 34 42 63 102 106 108 110 114 122 125 129 133  ; 2 2 3 3 5 3 4 2 
8.101e+04 ; 4.21e-05 ; True ; 1 3 8 16 34 46 63 102 106 108 122 125 133 147  ; 3 2 3 3 5 2 4 2 
8.101e+04 ; 5.23e-05 ; True ; 0 1 3 34 42 51 63 102 106 110 122 125 133 147  ; 3 2 3 2 5 3 5 2 
8.301e+04 ; 5.469e-05 ; True ; 1 3 32 34 42 102 106 108 110 114 122 125 133 147  ; 3 2 3 2 6 2 5 3 
8.301e+04 ; 5.606e-05 ; True ; 1 3 16 34 42 51 102 106 110 114 122 125 133 147  ; 3 2 3 2 5 2 6 3 
8.6e+04 ; 5.825e-05 ; True ; 0 1 3 34 42 46 63 106 110 122 125 131 133 147  ; 3 2 3 2 5 3 6 2 
8.8e+04 ; 6.085e-05 ; True ; 3 16 32 34 42 106 110 112 114 122 125 133 147 165  ; 3 2 3 2 5 2 7 3 
9.401e+04 ; 6.194e-05 ; True ; 0 1 3 34 42 63 89 102 108 110 114 122 125 133 147  ; 3 3 2 2 4 3 5 3 
9.401e+04 ; 6.254e-05 ; True ; 1 3 32 34 51 63 102 106 110 114 122 125 126 133 147  ; 3 2 3 2 6 4 4 2 
9.501e+04 ; 6.871e-05 ; True ; 1 3 8 34 42 51 102 106 108 110 114 122 125 133 147  ; 3 3 3 3 5 2 5 2 
9.501e+04 ; 7.377e-05 ; True ; 0 1 3 34 42 51 63 99 102 106 110 122 125 133 147  ; 3 3 3 2 5 3 5 2 
9.601e+04 ; 7.907e-05 ; True ; 1 3 16 34 42 51 102 106 108 110 114 122 125 133 147  ; 3 3 3 2 5 2 6 3 
9.701e+04 ; 8.024e-05 ; True ; 1 3 16 34 42 46 51 63 102 106 110 122 125 133 147  ; 3 2 3 2 5 3 6 3 
1e+05 ; 8.216e-05 ; True ; 3 16 32 34 51 106 110 112 114 122 125 126 133 147 165  ; 3 3 3 2 5 3 6 2 
1.02e+05 ; 8.583e-05 ; True ; 3 16 32 34 42 106 110 112 114 122 125 133 147 148 165  ; 3 3 3 2 5 2 7 3 
1.08e+05 ; 8.655e-05 ; True ; 0 1 3 16 34 42 51 102 106 108 110 114 122 125 126 147  ; 2 4 3 2 5 3 5 3 
1.09e+05 ; 0.0001016 ; True ; 1 3 10 34 42 51 102 106 108 110 114 122 125 126 133 147  ; 3 3 3 2 5 3 5 3 
1.1e+05 ; 0.000107 ; True ; 1 3 34 42 63 88 102 106 108 110 112 114 122 125 133 147  ; 3 2 3 3 5 3 6 3 
1.16e+05 ; 0.0001162 ; True ; 1 3 21 32 34 42 46 63 106 108 110 112 122 125 133 147  ; 3 2 3 3 6 3 6 3 

