Iteration: 900
 Population Size: 1000
RUN 1:
Optimum Distance: 26.48
Optimal Team: 163,388,455,634,
Required Skills: 0 1 2 4 5 7 9 10 11 12 14 15 16 18 22 23 24 26 
Distance; Skill Score; isValid; Team; Skill Counts
34.51 ; 7.153e-18 ; True ; 1 163 388 723 900  ; 2 1 4 2 3 1 2 1 1 3 1 1 2 1 1 2 2 1 
34.54 ; 8.162e-18 ; True ; 163 173 388 723 900  ; 3 1 4 1 3 1 3 2 1 2 1 1 2 1 1 2 2 1 
39.43 ; 1.547e-17 ; True ; 163 173 388 723 874  ; 3 1 4 1 3 1 3 2 1 2 1 1 3 2 1 1 3 1 
49.23 ; 9.888e-17 ; True ; 20 173 388 438 723 900  ; 3 1 5 1 4 1 3 2 2 3 2 2 2 1 1 2 2 1 
49.29 ; 1.014e-16 ; True ; 1 163 173 388 723 900  ; 3 1 5 2 4 1 3 2 1 3 1 2 3 1 1 2 3 1 
49.68 ; 1.064e-16 ; True ; 1 127 163 388 723 900  ; 2 1 5 2 4 1 2 2 2 3 2 1 2 2 1 2 2 1 
51.26 ; 1.554e-16 ; True ; 1 163 329 388 713 723  ; 3 1 5 2 4 1 4 1 2 2 2 1 2 2 2 2 2 1 
79.43 ; 5.529e-15 ; True ; 1 156 163 388 547 723 900  ; 2 1 4 2 5 2 4 3 3 3 3 2 3 2 2 3 2 1 

RUN 2:
Optimum Distance: 26.48
Optimal Team: 163,388,455,634,
Required Skills: 0 1 2 4 5 7 9 10 11 12 14 15 16 18 22 23 24 26 
Distance; Skill Score; isValid; Team; Skill Counts
34.51 ; 7.153e-18 ; True ; 1 163 388 723 900  ; 2 1 4 2 3 1 2 1 1 3 1 1 2 1 1 2 2 1 
39.43 ; 1.547e-17 ; True ; 163 173 388 723 874  ; 3 1 4 1 3 1 3 2 1 2 1 1 3 2 1 1 3 1 
49.29 ; 1.014e-16 ; True ; 1 163 173 388 723 900  ; 3 1 5 2 4 1 3 2 1 3 1 2 3 1 1 2 3 1 
51.26 ; 1.554e-16 ; True ; 1 163 329 388 713 723  ; 3 1 5 2 4 1 4 1 2 2 2 1 2 2 2 2 2 1 
54.23 ; 4.632e-16 ; True ; 1 163 388 547 723 900  ; 2 1 4 2 4 1 3 2 2 3 2 1 3 2 2 3 2 1 
58.06 ; 4.748e-16 ; True ; 1 42 163 388 547 723  ; 2 1 4 1 5 1 3 2 2 2 3 2 3 2 3 2 2 1 
79.43 ; 5.529e-15 ; True ; 1 156 163 388 547 723 900  ; 2 1 4 2 5 2 4 3 3 3 3 2 3 2 2 3 2 1 
84.75 ; 6.529e-15 ; True ; 1 112 163 388 547 723 885  ; 3 1 6 1 6 1 4 4 3 3 2 2 3 3 3 3 3 1 

RUN 3:
Optimum Distance: 26.48
Optimal Team: 163,388,455,634,
Required Skills: 0 1 2 4 5 7 9 10 11 12 14 15 16 18 22 23 24 26 
Distance; Skill Score; isValid; Team; Skill Counts
34.51 ; 7.153e-18 ; True ; 1 163 388 723 900  ; 2 1 4 2 3 1 2 1 1 3 1 1 2 1 1 2 2 1 
34.54 ; 8.162e-18 ; True ; 163 173 388 723 900  ; 3 1 4 1 3 1 3 2 1 2 1 1 2 1 1 2 2 1 
49.29 ; 1.014e-16 ; True ; 1 163 173 388 723 900  ; 3 1 5 2 4 1 3 2 1 3 1 2 3 1 1 2 3 1 
51.26 ; 1.554e-16 ; True ; 1 163 329 388 713 723  ; 3 1 5 2 4 1 4 1 2 2 2 1 2 2 2 2 2 1 
58.06 ; 4.748e-16 ; True ; 1 42 163 388 547 723  ; 2 1 4 1 5 1 3 2 2 2 3 2 3 2 3 2 2 1 
71.06 ; 2.758e-15 ; True ; 1 20 388 438 547 723 900  ; 2 1 5 2 5 1 3 2 3 4 3 2 3 2 2 3 2 1 
75.85 ; 4.584e-15 ; True ; 1 163 388 547 723 885 900  ; 3 1 5 2 5 1 4 3 2 3 2 2 3 2 3 3 3 1 
79.43 ; 5.529e-15 ; True ; 1 156 163 388 547 723 900  ; 2 1 4 2 5 2 4 3 3 3 3 2 3 2 2 3 2 1 
106.5 ; 3.782e-14 ; True ; 1 112 163 388 547 723 885 900  ; 3 1 6 2 6 2 4 4 3 4 2 2 3 3 3 4 3 1 

RUN 4:
Optimum Distance: 26.48
Optimal Team: 163,388,455,634,
Required Skills: 0 1 2 4 5 7 9 10 11 12 14 15 16 18 22 23 24 26 
Distance; Skill Score; isValid; Team; Skill Counts
34.51 ; 7.153e-18 ; True ; 1 163 388 723 900  ; 2 1 4 2 3 1 2 1 1 3 1 1 2 1 1 2 2 1 
49.29 ; 1.014e-16 ; True ; 1 163 173 388 723 900  ; 3 1 5 2 4 1 3 2 1 3 1 2 3 1 1 2 3 1 
51.26 ; 1.554e-16 ; True ; 1 163 329 388 713 723  ; 3 1 5 2 4 1 4 1 2 2 2 1 2 2 2 2 2 1 
75.85 ; 4.584e-15 ; True ; 1 163 388 547 723 885 900  ; 3 1 5 2 5 1 4 3 2 3 2 2 3 2 3 3 3 1 

RUN 5:
Optimum Distance: 26.48
Optimal Team: 163,388,455,634,
Required Skills: 0 1 2 4 5 7 9 10 11 12 14 15 16 18 22 23 24 26 
Distance; Skill Score; isValid; Team; Skill Counts
34.51 ; 7.153e-18 ; True ; 1 163 388 723 900  ; 2 1 4 2 3 1 2 1 1 3 1 1 2 1 1 2 2 1 
34.54 ; 8.162e-18 ; True ; 163 173 388 723 900  ; 3 1 4 1 3 1 3 2 1 2 1 1 2 1 1 2 2 1 
49.29 ; 1.014e-16 ; True ; 1 163 173 388 723 900  ; 3 1 5 2 4 1 3 2 1 3 1 2 3 1 1 2 3 1 
51.26 ; 1.554e-16 ; True ; 1 163 329 388 713 723  ; 3 1 5 2 4 1 4 1 2 2 2 1 2 2 2 2 2 1 
75.85 ; 4.584e-15 ; True ; 1 163 388 547 723 885 900  ; 3 1 5 2 5 1 4 3 2 3 2 2 3 2 3 3 3 1 
79.43 ; 5.529e-15 ; True ; 1 156 163 388 547 723 900  ; 2 1 4 2 5 2 4 3 3 3 3 2 3 2 2 3 2 1 
84.75 ; 6.529e-15 ; True ; 1 112 163 388 547 723 885  ; 3 1 6 1 6 1 4 4 3 3 2 2 3 3 3 3 3 1 

RUN 6:
Optimum Distance: 26.48
Optimal Team: 163,388,455,634,
Required Skills: 0 1 2 4 5 7 9 10 11 12 14 15 16 18 22 23 24 26 
Distance; Skill Score; isValid; Team; Skill Counts
34.51 ; 7.153e-18 ; True ; 1 163 388 723 900  ; 2 1 4 2 3 1 2 1 1 3 1 1 2 1 1 2 2 1 
34.54 ; 8.162e-18 ; True ; 163 173 388 723 900  ; 3 1 4 1 3 1 3 2 1 2 1 1 2 1 1 2 2 1 
49.29 ; 1.014e-16 ; True ; 1 163 173 388 723 900  ; 3 1 5 2 4 1 3 2 1 3 1 2 3 1 1 2 3 1 
51.23 ; 1.31e-16 ; True ; 163 173 388 438 713 723  ; 4 1 5 1 5 1 4 3 1 2 2 1 3 2 2 1 3 1 
63.13 ; 7.747e-16 ; True ; 1 20 173 388 438 723 900  ; 3 1 6 2 5 1 3 2 2 4 2 3 3 1 1 2 3 1 
71.06 ; 2.758e-15 ; True ; 1 20 388 438 547 723 900  ; 2 1 5 2 5 1 3 2 3 4 3 2 3 2 2 3 2 1 
72.93 ; 3.122e-15 ; True ; 1 163 388 438 547 723 900  ; 3 1 5 2 5 1 3 3 2 4 3 1 4 2 2 3 3 1 
75.85 ; 4.584e-15 ; True ; 1 163 388 547 723 885 900  ; 3 1 5 2 5 1 4 3 2 3 2 2 3 2 3 3 3 1 

RUN 7:
Optimum Distance: 26.48
Optimal Team: 163,388,455,634,
Required Skills: 0 1 2 4 5 7 9 10 11 12 14 15 16 18 22 23 24 26 
Distance; Skill Score; isValid; Team; Skill Counts
34.51 ; 7.153e-18 ; True ; 1 163 388 723 900  ; 2 1 4 2 3 1 2 1 1 3 1 1 2 1 1 2 2 1 
34.54 ; 8.162e-18 ; True ; 163 173 388 723 900  ; 3 1 4 1 3 1 3 2 1 2 1 1 2 1 1 2 2 1 
49.29 ; 1.014e-16 ; True ; 1 163 173 388 723 900  ; 3 1 5 2 4 1 3 2 1 3 1 2 3 1 1 2 3 1 
49.68 ; 1.064e-16 ; True ; 1 127 163 388 723 900  ; 2 1 5 2 4 1 2 2 2 3 2 1 2 2 1 2 2 1 
51.26 ; 1.554e-16 ; True ; 1 163 329 388 713 723  ; 3 1 5 2 4 1 4 1 2 2 2 1 2 2 2 2 2 1 
71.06 ; 2.758e-15 ; True ; 1 20 388 438 547 723 900  ; 2 1 5 2 5 1 3 2 3 4 3 2 3 2 2 3 2 1 
79.43 ; 5.529e-15 ; True ; 1 156 163 388 547 723 900  ; 2 1 4 2 5 2 4 3 3 3 3 2 3 2 2 3 2 1 
91.51 ; 1.657e-14 ; True ; 1 20 173 388 438 547 723 900  ; 3 1 6 2 6 1 4 3 3 4 3 3 4 2 2 3 3 1 

RUN 8:
Optimum Distance: 26.48
Optimal Team: 163,388,455,634,
Required Skills: 0 1 2 4 5 7 9 10 11 12 14 15 16 18 22 23 24 26 
Distance; Skill Score; isValid; Team; Skill Counts
34.51 ; 7.153e-18 ; True ; 1 163 388 723 900  ; 2 1 4 2 3 1 2 1 1 3 1 1 2 1 1 2 2 1 
34.54 ; 8.162e-18 ; True ; 163 173 388 723 900  ; 3 1 4 1 3 1 3 2 1 2 1 1 2 1 1 2 2 1 
49.29 ; 1.014e-16 ; True ; 1 163 173 388 723 900  ; 3 1 5 2 4 1 3 2 1 3 1 2 3 1 1 2 3 1 
71.06 ; 2.758e-15 ; True ; 1 20 388 438 547 723 900  ; 2 1 5 2 5 1 3 2 3 4 3 2 3 2 2 3 2 1 
75.85 ; 4.584e-15 ; True ; 1 163 388 547 723 885 900  ; 3 1 5 2 5 1 4 3 2 3 2 2 3 2 3 3 3 1 
91.51 ; 1.657e-14 ; True ; 1 20 173 388 438 547 723 900  ; 3 1 6 2 6 1 4 3 3 4 3 3 4 2 2 3 3 1 
93.36 ; 1.665e-14 ; True ; 1 163 173 388 438 547 723 900  ; 4 1 6 2 6 1 4 4 2 4 3 2 5 2 2 3 4 1 

RUN 9:
Optimum Distance: 26.48
Optimal Team: 163,388,455,634,
Required Skills: 0 1 2 4 5 7 9 10 11 12 14 15 16 18 22 23 24 26 
Distance; Skill Score; isValid; Team; Skill Counts
34.51 ; 7.153e-18 ; True ; 1 163 388 723 900  ; 2 1 4 2 3 1 2 1 1 3 1 1 2 1 1 2 2 1 
49.29 ; 1.014e-16 ; True ; 1 163 173 388 723 900  ; 3 1 5 2 4 1 3 2 1 3 1 2 3 1 1 2 3 1 
51.26 ; 1.554e-16 ; True ; 1 163 329 388 713 723  ; 3 1 5 2 4 1 4 1 2 2 2 1 2 2 2 2 2 1 
79.43 ; 5.529e-15 ; True ; 1 156 163 388 547 723 900  ; 2 1 4 2 5 2 4 3 3 3 3 2 3 2 2 3 2 1 

RUN 10:
Optimum Distance: 26.48
Optimal Team: 163,388,455,634,
Required Skills: 0 1 2 4 5 7 9 10 11 12 14 15 16 18 22 23 24 26 
Distance; Skill Score; isValid; Team; Skill Counts
34.51 ; 7.153e-18 ; True ; 1 163 388 723 900  ; 2 1 4 2 3 1 2 1 1 3 1 1 2 1 1 2 2 1 
34.54 ; 8.162e-18 ; True ; 163 173 388 723 900  ; 3 1 4 1 3 1 3 2 1 2 1 1 2 1 1 2 2 1 
49.29 ; 1.014e-16 ; True ; 1 163 173 388 723 900  ; 3 1 5 2 4 1 3 2 1 3 1 2 3 1 1 2 3 1 
51.26 ; 1.554e-16 ; True ; 1 163 329 388 713 723  ; 3 1 5 2 4 1 4 1 2 2 2 1 2 2 2 2 2 1 
64.83 ; 1.072e-15 ; True ; 1 127 163 173 388 723 900  ; 3 1 6 2 5 1 3 3 2 3 2 2 3 2 1 2 3 1 
71.06 ; 2.758e-15 ; True ; 1 20 388 438 547 723 900  ; 2 1 5 2 5 1 3 2 3 4 3 2 3 2 2 3 2 1 

