Iteration: 1000
 Population Size: 1000
RUN 1:
Optimum Distance: 33.53
Optimal Team: 174,307,389,727,906,
Required Skills: 0 1 2 4 5 7 9 10 11 12 13 14 15 16 18 20 22 23 24 26 
Distance; Skill Score; isValid; Team; Skill Counts
54.05 ; 2.221e-18 ; True ; 30 164 389 549 890 906  ; 3 1 4 1 4 1 4 3 1 3 1 2 1 3 1 2 3 2 3 1 
57.05 ; 2.809e-18 ; True ; 1 30 164 389 507 727  ; 3 1 5 1 5 1 4 1 1 3 2 3 1 4 2 2 2 1 4 1 
83.81 ; 1.01e-16 ; True ; 1 30 113 164 389 507 727  ; 3 1 6 1 6 2 4 2 2 4 3 3 1 4 3 2 2 2 4 1 
109.3 ; 9.372e-16 ; True ; 1 30 113 164 389 507 727 890  ; 4 1 7 1 7 2 5 3 2 4 3 3 2 4 3 3 3 2 5 1 
110.2 ; 1.045e-15 ; True ; 1 30 113 164 389 507 549 890  ; 3 1 6 1 7 2 5 4 2 4 3 3 2 5 3 3 3 2 5 1 
140.9 ; 6.108e-15 ; True ; 1 30 113 164 389 507 549 727 890  ; 4 1 7 1 8 2 6 4 3 4 3 4 2 5 4 3 4 3 5 1 

RUN 2:
Optimum Distance: 33.53
Optimal Team: 174,307,389,727,906,
Required Skills: 0 1 2 4 5 7 9 10 11 12 13 14 15 16 18 20 22 23 24 26 
Distance; Skill Score; isValid; Team; Skill Counts
54.05 ; 2.221e-18 ; True ; 30 164 389 549 890 906  ; 3 1 4 1 4 1 4 3 1 3 1 2 1 3 1 2 3 2 3 1 
83.81 ; 1.01e-16 ; True ; 1 30 113 164 389 507 727  ; 3 1 6 1 6 2 4 2 2 4 3 3 1 4 3 2 2 2 4 1 
84.09 ; 1.09e-16 ; True ; 30 164 389 502 549 879 890  ; 3 1 5 1 5 1 5 4 2 3 2 3 2 4 3 3 3 1 4 1 
109.3 ; 9.372e-16 ; True ; 1 30 113 164 389 507 727 890  ; 4 1 7 1 7 2 5 3 2 4 3 3 2 4 3 3 3 2 5 1 
115.1 ; 1.12e-15 ; True ; 1 30 113 164 389 549 879 890  ; 3 1 6 2 6 2 4 4 2 5 3 2 2 5 3 2 3 2 5 1 
140.9 ; 6.108e-15 ; True ; 1 30 113 164 389 507 549 727 890  ; 4 1 7 1 8 2 6 4 3 4 3 4 2 5 4 3 4 3 5 1 
143.8 ; 6.377e-15 ; True ; 1 30 113 164 389 507 727 879 890  ; 4 1 7 2 7 3 5 3 2 5 4 3 2 5 4 3 3 2 6 1 
144.7 ; 6.843e-15 ; True ; 1 30 113 164 389 507 549 879 890  ; 3 1 6 2 7 3 5 4 2 5 4 3 2 6 4 3 3 2 6 1 

RUN 3:
Optimum Distance: 33.53
Optimal Team: 174,307,389,727,906,
Required Skills: 0 1 2 4 5 7 9 10 11 12 13 14 15 16 18 20 22 23 24 26 
Distance; Skill Score; isValid; Team; Skill Counts
39.2 ; 9.517e-20 ; True ; 30 164 389 502 906  ; 2 1 4 1 3 1 3 2 1 3 1 2 1 2 1 2 1 1 2 1 
54.05 ; 2.221e-18 ; True ; 30 164 389 549 890 906  ; 3 1 4 1 4 1 4 3 1 3 1 2 1 3 1 2 3 2 3 1 
80.14 ; 9.728e-17 ; True ; 30 164 389 502 507 549 879  ; 2 1 4 1 5 2 5 3 2 3 3 4 1 5 4 3 2 1 4 1 
83.81 ; 1.01e-16 ; True ; 1 30 113 164 389 507 727  ; 3 1 6 1 6 2 4 2 2 4 3 3 1 4 3 2 2 2 4 1 
84.09 ; 1.09e-16 ; True ; 30 164 389 502 549 879 890  ; 3 1 5 1 5 1 5 4 2 3 2 3 2 4 3 3 3 1 4 1 
87.58 ; 1.637e-16 ; True ; 30 113 164 389 549 879 890  ; 3 1 5 1 5 2 4 4 2 4 3 2 1 4 3 2 3 2 4 1 
110.2 ; 1.045e-15 ; True ; 1 30 113 164 389 507 549 890  ; 3 1 6 1 7 2 5 4 2 4 3 3 2 5 3 3 3 2 5 1 

RUN 4:
Optimum Distance: 33.53
Optimal Team: 174,307,389,727,906,
Required Skills: 0 1 2 4 5 7 9 10 11 12 13 14 15 16 18 20 22 23 24 26 
Distance; Skill Score; isValid; Team; Skill Counts
38.53 ; 7.001e-20 ; True ; 1 164 389 507 727  ; 2 1 4 1 4 1 3 1 1 2 1 2 1 3 2 1 1 1 3 1 
83.81 ; 1.01e-16 ; True ; 1 30 113 164 389 507 727  ; 3 1 6 1 6 2 4 2 2 4 3 3 1 4 3 2 2 2 4 1 
85.76 ; 1.102e-16 ; True ; 1 30 113 164 389 507 549  ; 2 1 5 1 6 2 4 3 2 4 3 3 1 5 3 2 2 2 4 1 
103.3 ; 5.2e-16 ; True ; 1 30 164 389 507 549 727 890  ; 4 1 6 1 7 1 6 3 2 3 2 4 2 5 3 3 4 2 5 1 
110.2 ; 1.045e-15 ; True ; 1 30 113 164 389 507 549 890  ; 3 1 6 1 7 2 5 4 2 4 3 3 2 5 3 3 3 2 5 1 
140.9 ; 6.108e-15 ; True ; 1 30 113 164 389 507 549 727 890  ; 4 1 7 1 8 2 6 4 3 4 3 4 2 5 4 3 4 3 5 1 

RUN 5:
Optimum Distance: 33.53
Optimal Team: 174,307,389,727,906,
Required Skills: 0 1 2 4 5 7 9 10 11 12 13 14 15 16 18 20 22 23 24 26 
Distance; Skill Score; isValid; Team; Skill Counts
39.2 ; 9.517e-20 ; True ; 30 164 389 502 906  ; 2 1 4 1 3 1 3 2 1 3 1 2 1 2 1 2 1 1 2 1 
54.05 ; 2.221e-18 ; True ; 30 164 389 549 890 906  ; 3 1 4 1 4 1 4 3 1 3 1 2 1 3 1 2 3 2 3 1 
83.81 ; 1.01e-16 ; True ; 1 30 113 164 389 507 727  ; 3 1 6 1 6 2 4 2 2 4 3 3 1 4 3 2 2 2 4 1 
109.3 ; 9.372e-16 ; True ; 1 30 113 164 389 507 727 890  ; 4 1 7 1 7 2 5 3 2 4 3 3 2 4 3 3 3 2 5 1 
110.2 ; 1.045e-15 ; True ; 1 30 113 164 389 507 549 890  ; 3 1 6 1 7 2 5 4 2 4 3 3 2 5 3 3 3 2 5 1 
140.9 ; 6.108e-15 ; True ; 1 30 113 164 389 507 549 727 890  ; 4 1 7 1 8 2 6 4 3 4 3 4 2 5 4 3 4 3 5 1 
144.7 ; 6.843e-15 ; True ; 1 30 113 164 389 507 549 879 890  ; 3 1 6 2 7 3 5 4 2 5 4 3 2 6 4 3 3 2 6 1 

RUN 6:
Optimum Distance: 33.53
Optimal Team: 174,307,389,727,906,
Required Skills: 0 1 2 4 5 7 9 10 11 12 13 14 15 16 18 20 22 23 24 26 
Distance; Skill Score; isValid; Team; Skill Counts
57.91 ; 6.507e-18 ; True ; 30 164 389 549 879 890  ; 3 1 4 1 4 1 4 3 1 3 2 2 1 4 2 2 3 1 4 1 
83.81 ; 1.01e-16 ; True ; 1 30 113 164 389 507 727  ; 3 1 6 1 6 2 4 2 2 4 3 3 1 4 3 2 2 2 4 1 
109.3 ; 9.372e-16 ; True ; 1 30 113 164 389 507 727 890  ; 4 1 7 1 7 2 5 3 2 4 3 3 2 4 3 3 3 2 5 1 
110.2 ; 1.045e-15 ; True ; 1 30 113 164 389 507 549 890  ; 3 1 6 1 7 2 5 4 2 4 3 3 2 5 3 3 3 2 5 1 
140.9 ; 6.108e-15 ; True ; 1 30 113 164 389 507 549 727 890  ; 4 1 7 1 8 2 6 4 3 4 3 4 2 5 4 3 4 3 5 1 
144.7 ; 6.843e-15 ; True ; 1 30 113 164 389 507 549 879 890  ; 3 1 6 2 7 3 5 4 2 5 4 3 2 6 4 3 3 2 6 1 

RUN 7:
Optimum Distance: 33.53
Optimal Team: 174,307,389,727,906,
Required Skills: 0 1 2 4 5 7 9 10 11 12 13 14 15 16 18 20 22 23 24 26 
Distance; Skill Score; isValid; Team; Skill Counts
38.53 ; 7.001e-20 ; True ; 1 164 389 507 727  ; 2 1 4 1 4 1 3 1 1 2 1 2 1 3 2 1 1 1 3 1 
83.81 ; 1.01e-16 ; True ; 1 30 113 164 389 507 727  ; 3 1 6 1 6 2 4 2 2 4 3 3 1 4 3 2 2 2 4 1 
103.3 ; 5.2e-16 ; True ; 1 30 164 389 507 549 727 890  ; 4 1 6 1 7 1 6 3 2 3 2 4 2 5 3 3 4 2 5 1 
109.3 ; 9.372e-16 ; True ; 1 30 113 164 389 507 727 890  ; 4 1 7 1 7 2 5 3 2 4 3 3 2 4 3 3 3 2 5 1 
110.2 ; 1.045e-15 ; True ; 1 30 113 164 389 507 549 890  ; 3 1 6 1 7 2 5 4 2 4 3 3 2 5 3 3 3 2 5 1 
140.9 ; 6.108e-15 ; True ; 1 30 113 164 389 507 549 727 890  ; 4 1 7 1 8 2 6 4 3 4 3 4 2 5 4 3 4 3 5 1 
144.7 ; 6.843e-15 ; True ; 1 30 113 164 389 507 549 879 890  ; 3 1 6 2 7 3 5 4 2 5 4 3 2 6 4 3 3 2 6 1 

RUN 8:
Optimum Distance: 33.53
Optimal Team: 174,307,389,727,906,
Required Skills: 0 1 2 4 5 7 9 10 11 12 13 14 15 16 18 20 22 23 24 26 
Distance; Skill Score; isValid; Team; Skill Counts
83.81 ; 1.01e-16 ; True ; 1 30 113 164 389 507 727  ; 3 1 6 1 6 2 4 2 2 4 3 3 1 4 3 2 2 2 4 1 
102.2 ; 4.478e-16 ; True ; 1 30 113 164 389 638 727 890  ; 4 1 7 2 7 1 4 3 2 4 2 3 2 4 2 3 3 2 5 1 
109.3 ; 9.372e-16 ; True ; 1 30 113 164 389 507 727 890  ; 4 1 7 1 7 2 5 3 2 4 3 3 2 4 3 3 3 2 5 1 
110.2 ; 1.045e-15 ; True ; 1 30 113 164 389 507 549 890  ; 3 1 6 1 7 2 5 4 2 4 3 3 2 5 3 3 3 2 5 1 
136 ; 4.311e-15 ; True ; 1 30 113 164 389 507 727 890 906  ; 4 1 7 2 7 3 5 3 2 5 3 3 2 4 3 3 3 3 5 1 
140.9 ; 6.108e-15 ; True ; 1 30 113 164 389 507 549 727 890  ; 4 1 7 1 8 2 6 4 3 4 3 4 2 5 4 3 4 3 5 1 
144.7 ; 6.843e-15 ; True ; 1 30 113 164 389 507 549 879 890  ; 3 1 6 2 7 3 5 4 2 5 4 3 2 6 4 3 3 2 6 1 

RUN 9:
Optimum Distance: 33.53
Optimal Team: 174,307,389,727,906,
Required Skills: 0 1 2 4 5 7 9 10 11 12 13 14 15 16 18 20 22 23 24 26 
Distance; Skill Score; isValid; Team; Skill Counts
38.53 ; 7.001e-20 ; True ; 1 164 389 507 727  ; 2 1 4 1 4 1 3 1 1 2 1 2 1 3 2 1 1 1 3 1 
57.05 ; 2.809e-18 ; True ; 1 30 164 389 507 727  ; 3 1 5 1 5 1 4 1 1 3 2 3 1 4 2 2 2 1 4 1 
83.81 ; 1.01e-16 ; True ; 1 30 113 164 389 507 727  ; 3 1 6 1 6 2 4 2 2 4 3 3 1 4 3 2 2 2 4 1 
109.3 ; 9.372e-16 ; True ; 1 30 113 164 389 507 727 890  ; 4 1 7 1 7 2 5 3 2 4 3 3 2 4 3 3 3 2 5 1 
110.2 ; 1.045e-15 ; True ; 1 30 113 164 389 507 549 890  ; 3 1 6 1 7 2 5 4 2 4 3 3 2 5 3 3 3 2 5 1 
140.9 ; 6.108e-15 ; True ; 1 30 113 164 389 507 549 727 890  ; 4 1 7 1 8 2 6 4 3 4 3 4 2 5 4 3 4 3 5 1 

RUN 10:
Optimum Distance: 33.53
Optimal Team: 174,307,389,727,906,
Required Skills: 0 1 2 4 5 7 9 10 11 12 13 14 15 16 18 20 22 23 24 26 
Distance; Skill Score; isValid; Team; Skill Counts
39.2 ; 9.517e-20 ; True ; 30 164 389 502 906  ; 2 1 4 1 3 1 3 2 1 3 1 2 1 2 1 2 1 1 2 1 
54.05 ; 2.221e-18 ; True ; 30 164 389 549 890 906  ; 3 1 4 1 4 1 4 3 1 3 1 2 1 3 1 2 3 2 3 1 
83.81 ; 1.01e-16 ; True ; 1 30 113 164 389 507 727  ; 3 1 6 1 6 2 4 2 2 4 3 3 1 4 3 2 2 2 4 1 
84.09 ; 1.09e-16 ; True ; 30 164 389 502 549 879 890  ; 3 1 5 1 5 1 5 4 2 3 2 3 2 4 3 3 3 1 4 1 
110.2 ; 1.045e-15 ; True ; 1 30 113 164 389 507 549 890  ; 3 1 6 1 7 2 5 4 2 4 3 3 2 5 3 3 3 2 5 1 
140.9 ; 6.108e-15 ; True ; 1 30 113 164 389 507 549 727 890  ; 4 1 7 1 8 2 6 4 3 4 3 4 2 5 4 3 4 3 5 1 
144.7 ; 6.843e-15 ; True ; 1 30 113 164 389 507 549 879 890  ; 3 1 6 2 7 3 5 4 2 5 4 3 2 6 4 3 3 2 6 1 

