Iteration: 400
 Population Size: 1000
RUN 1:
Optimum Distance: 11.84
Optimal Team: 19,276,499,
Required Skills: 0 1 4 9 10 18 23 24 
Distance; Skill Score; isValid; Team; Skill Counts
11.84 ; 2.368e-08 ; True ; 19 276 499  ; 1 1 1 2 1 1 1 1 
19.78 ; 1.453e-07 ; True ; 19 276 499 530  ; 1 1 2 2 2 1 1 2 

RUN 2:
Optimum Distance: 11.84
Optimal Team: 19,276,499,
Required Skills: 0 1 4 9 10 18 23 24 
Distance; Skill Score; isValid; Team; Skill Counts
19.62 ; 9.05e-08 ; True ; 19 233 276 499  ; 2 1 1 3 1 1 2 1 
31.61 ; 7.403e-07 ; True ; 19 276 499 530 604  ; 2 1 2 3 2 1 2 3 
34.28 ; 1.014e-06 ; True ; 19 276 499 530 610  ; 2 1 2 3 2 2 2 2 
43.31 ; 1.824e-06 ; True ; 19 276 469 499 530 546  ; 2 1 2 3 3 2 2 3 
47.94 ; 2.548e-06 ; True ; 19 276 340 499 530 610  ; 3 1 3 3 2 2 2 3 
48.69 ; 2.593e-06 ; True ; 19 276 499 530 546 610  ; 3 1 2 4 3 2 2 3 
64.69 ; 5.391e-06 ; True ; 19 276 340 499 530 604 610  ; 4 1 3 4 2 2 3 4 

RUN 3:
Optimum Distance: 11.84
Optimal Team: 19,276,499,
Required Skills: 0 1 4 9 10 18 23 24 
Distance; Skill Score; isValid; Team; Skill Counts
19.62 ; 9.05e-08 ; True ; 19 233 276 499  ; 2 1 1 3 1 1 2 1 
31.61 ; 7.403e-07 ; True ; 19 276 499 530 604  ; 2 1 2 3 2 1 2 3 
34.28 ; 1.014e-06 ; True ; 19 276 499 530 610  ; 2 1 2 3 2 2 2 2 
42.25 ; 1.753e-06 ; True ; 19 276 340 469 499 546  ; 3 1 2 3 2 2 2 3 
43.31 ; 1.824e-06 ; True ; 19 276 469 499 530 546  ; 2 1 2 3 3 2 2 3 
44.99 ; 1.998e-06 ; True ; 19 276 409 499 530 610  ; 2 1 2 4 3 2 2 3 
47.94 ; 2.548e-06 ; True ; 19 276 340 499 530 610  ; 3 1 3 3 2 2 2 3 
48.69 ; 2.593e-06 ; True ; 19 276 499 530 546 610  ; 3 1 2 4 3 2 2 3 
62.6 ; 4.873e-06 ; True ; 19 276 340 469 499 530 610  ; 3 1 3 3 2 3 3 3 
64.69 ; 5.391e-06 ; True ; 19 276 340 499 530 604 610  ; 4 1 3 4 2 2 3 4 

RUN 4:
Optimum Distance: 11.84
Optimal Team: 19,276,499,
Required Skills: 0 1 4 9 10 18 23 24 
Distance; Skill Score; isValid; Team; Skill Counts
23.55 ; 1.727e-07 ; True ; 19 276 385 610  ; 1 1 1 3 2 2 2 1 

RUN 5:
Optimum Distance: 11.84
Optimal Team: 19,276,499,
Required Skills: 0 1 4 9 10 18 23 24 
Distance; Skill Score; isValid; Team; Skill Counts
28.52 ; 3.995e-07 ; True ; 19 276 340 409 499  ; 2 1 2 3 2 1 1 3 
31.61 ; 7.403e-07 ; True ; 19 276 499 530 604  ; 2 1 2 3 2 1 2 3 
43.31 ; 1.824e-06 ; True ; 19 276 469 499 530 546  ; 2 1 2 3 3 2 2 3 
44.99 ; 1.998e-06 ; True ; 19 276 409 499 530 610  ; 2 1 2 4 3 2 2 3 
47.94 ; 2.548e-06 ; True ; 19 276 340 499 530 610  ; 3 1 3 3 2 2 2 3 
48.69 ; 2.593e-06 ; True ; 19 276 499 530 546 610  ; 3 1 2 4 3 2 2 3 
64.69 ; 5.391e-06 ; True ; 19 276 340 499 530 604 610  ; 4 1 3 4 2 2 3 4 

RUN 6:
Optimum Distance: 11.84
Optimal Team: 19,276,499,
Required Skills: 0 1 4 9 10 18 23 24 
Distance; Skill Score; isValid; Team; Skill Counts
18.71 ; 9.024e-08 ; True ; 19 276 409 499  ; 1 1 1 3 2 1 1 2 
19.62 ; 9.05e-08 ; True ; 19 233 276 499  ; 2 1 1 3 1 1 2 1 
29.51 ; 4.699e-07 ; True ; 19 276 340 469 499  ; 2 1 2 2 1 2 2 2 
31.61 ; 7.403e-07 ; True ; 19 276 499 530 604  ; 2 1 2 3 2 1 2 3 
42.25 ; 1.753e-06 ; True ; 19 276 340 469 499 546  ; 3 1 2 3 2 2 2 3 
43.31 ; 1.824e-06 ; True ; 19 276 469 499 530 546  ; 2 1 2 3 3 2 2 3 
47.94 ; 2.548e-06 ; True ; 19 276 340 499 530 610  ; 3 1 3 3 2 2 2 3 
48.69 ; 2.593e-06 ; True ; 19 276 499 530 546 610  ; 3 1 2 4 3 2 2 3 
64.69 ; 5.391e-06 ; True ; 19 276 340 499 530 604 610  ; 4 1 3 4 2 2 3 4 

RUN 7:
Optimum Distance: 11.84
Optimal Team: 19,276,499,
Required Skills: 0 1 4 9 10 18 23 24 
Distance; Skill Score; isValid; Team; Skill Counts
19.62 ; 9.05e-08 ; True ; 19 233 276 499  ; 2 1 1 3 1 1 2 1 
31.61 ; 7.403e-07 ; True ; 19 276 499 530 604  ; 2 1 2 3 2 1 2 3 
34.28 ; 1.014e-06 ; True ; 19 276 499 530 610  ; 2 1 2 3 2 2 2 2 
43.31 ; 1.824e-06 ; True ; 19 276 469 499 530 546  ; 2 1 2 3 3 2 2 3 
44.99 ; 1.998e-06 ; True ; 19 276 409 499 530 610  ; 2 1 2 4 3 2 2 3 
47.94 ; 2.548e-06 ; True ; 19 276 340 499 530 610  ; 3 1 3 3 2 2 2 3 
48.69 ; 2.593e-06 ; True ; 19 276 499 530 546 610  ; 3 1 2 4 3 2 2 3 
64.69 ; 5.391e-06 ; True ; 19 276 340 499 530 604 610  ; 4 1 3 4 2 2 3 4 

RUN 8:
Optimum Distance: 11.84
Optimal Team: 19,276,499,
Required Skills: 0 1 4 9 10 18 23 24 
Distance; Skill Score; isValid; Team; Skill Counts
19.62 ; 9.05e-08 ; True ; 19 233 276 499  ; 2 1 1 3 1 1 2 1 
20.73 ; 1.599e-07 ; True ; 19 276 499 604  ; 2 1 1 3 1 1 2 2 
29.51 ; 4.699e-07 ; True ; 19 276 340 469 499  ; 2 1 2 2 1 2 2 2 
31.61 ; 7.403e-07 ; True ; 19 276 499 530 604  ; 2 1 2 3 2 1 2 3 
34.28 ; 1.014e-06 ; True ; 19 276 499 530 610  ; 2 1 2 3 2 2 2 2 
42.25 ; 1.753e-06 ; True ; 19 276 340 469 499 546  ; 3 1 2 3 2 2 2 3 
43.31 ; 1.824e-06 ; True ; 19 276 469 499 530 546  ; 2 1 2 3 3 2 2 3 
44.99 ; 1.998e-06 ; True ; 19 276 409 499 530 610  ; 2 1 2 4 3 2 2 3 
47.94 ; 2.548e-06 ; True ; 19 276 340 499 530 610  ; 3 1 3 3 2 2 2 3 
48.69 ; 2.593e-06 ; True ; 19 276 499 530 546 610  ; 3 1 2 4 3 2 2 3 
64.69 ; 5.391e-06 ; True ; 19 276 340 499 530 604 610  ; 4 1 3 4 2 2 3 4 

RUN 9:
Optimum Distance: 11.84
Optimal Team: 19,276,499,
Required Skills: 0 1 4 9 10 18 23 24 
Distance; Skill Score; isValid; Team; Skill Counts
20.73 ; 1.599e-07 ; True ; 19 276 499 604  ; 2 1 1 3 1 1 2 2 
23.55 ; 1.727e-07 ; True ; 19 276 385 610  ; 1 1 1 3 2 2 2 1 
34.28 ; 1.014e-06 ; True ; 19 276 499 530 610  ; 2 1 2 3 2 2 2 2 
44.99 ; 1.998e-06 ; True ; 19 276 409 499 530 610  ; 2 1 2 4 3 2 2 3 

RUN 10:
Optimum Distance: 11.84
Optimal Team: 19,276,499,
Required Skills: 0 1 4 9 10 18 23 24 
Distance; Skill Score; isValid; Team; Skill Counts
20.73 ; 1.599e-07 ; True ; 19 276 499 604  ; 2 1 1 3 1 1 2 2 
31.61 ; 7.403e-07 ; True ; 19 276 499 530 604  ; 2 1 2 3 2 1 2 3 
34.28 ; 1.014e-06 ; True ; 19 276 499 530 610  ; 2 1 2 3 2 2 2 2 
48.69 ; 2.593e-06 ; True ; 19 276 499 530 546 610  ; 3 1 2 4 3 2 2 3 
49.05 ; 2.674e-06 ; True ; 19 276 499 530 604 610  ; 3 1 2 4 2 2 3 3 

