M: 10
Instance: 1
Algorithm: NSGA-II
Iteration: 1000
Population Size: 1000
Required Skills: 0 1 4 9 10 14 16 18 23 24
Distance; Skill Score; isValid; Team; Skill Counts
11.84; 3.505e-10; True; 20 303 546; 1 1 1 2 1 1 1 1 1 1
12.82; 3.942e-10; True; 303 374 420; 1 1 1 1 1 1 2 1 1 1
15.84; 7.25e-10; True; 168 303 420; 1 1 1 1 1 1 2 2 1 1
16.6; 1.164e-09; True; 96 303 513 594; 1 1 1 2 1 2 1 1 1 2
16.79; 1.223e-09; True; 110 303 341 689; 2 1 1 1 1 1 2 1 1 2
18.64; 1.264e-09; True; 301 303 341 546; 2 1 1 1 1 2 1 1 1 2
18.71; 2.494e-09; True; 20 303 448 546; 1 1 1 3 2 1 2 1 1 2
19.54; 4.637e-09; True; 20 202 303 546; 1 1 1 3 2 2 2 1 1 2
20.63; 5.08e-09; True; 303 480 546 594; 2 1 1 2 1 3 2 1 1 2
20.64; 8.054e-09; True; 20 303 546 594; 2 1 1 3 2 2 2 1 1 2
23.46; 8.911e-09; True; 303 374 420 594; 2 1 1 2 2 2 3 1 1 2
26.61; 9.464e-09; True; 20 142 303 448 546; 1 1 1 4 2 2 2 2 1 2
27.31; 1.278e-08; True; 20 202 303 448 546; 1 1 1 4 3 2 3 1 1 3
27.57; 1.574e-08; True; 0 130 303 341 546; 3 1 1 2 2 2 3 1 1 3
28.37; 2.199e-08; True; 130 303 341 480 546; 3 1 1 2 2 3 3 1 1 3
28.46; 2.236e-08; True; 20 202 303 546 578; 1 1 2 3 3 2 3 1 1 3
29.51; 2.36e-08; True; 19 303 420 480 664; 2 1 1 2 1 3 3 2 2 2
30.26; 2.853e-08; True; 20 202 303 374 546; 2 1 2 3 2 2 3 1 1 3
30.27; 3.101e-08; True; 20 202 303 546 594; 2 1 1 4 3 3 3 1 1 3
30.57; 3.884e-08; True; 20 303 546 578 594; 2 1 2 3 3 2 3 1 1 3
31.32; 3.985e-08; True; 20 303 480 546 594; 2 1 2 3 2 3 3 1 1 3
33.34; 5.312e-08; True; 303 341 420 480 664; 2 1 1 2 2 4 3 2 2 2
34.28; 5.366e-08; True; 20 303 546 578 664; 2 1 2 3 2 2 2 2 2 2
35.25; 5.847e-08; True; 20 303 420 480 664; 1 1 2 3 2 3 3 2 2 2
35.87; 6.505e-08; True; 303 420 480 594 664; 2 1 1 3 2 4 3 2 2 2
36.27; 7.27e-08; True; 20 303 374 420 664; 2 1 2 3 2 2 3 2 2 2
37.21; 7.901e-08; True; 20 303 420 546 594; 2 1 1 4 3 3 3 2 2 2
40.05; 8.134e-08; True; 20 142 202 303 374 546; 2 1 2 4 2 3 3 2 1 3
40.25; 8.32e-08; True; 20 142 254 303 546 578; 2 1 2 4 2 3 2 2 2 2
41.07; 9.784e-08; True; 20 202 303 374 515 546; 2 1 2 3 2 2 3 2 2 3
41.18; 1.063e-07; True; 20 202 303 546 578 594; 2 1 2 4 4 3 4 1 1 4
41.29; 1.068e-07; True; 20 142 303 374 546 594; 3 1 2 4 2 3 3 2 1 3
41.41; 1.108e-07; True; 20 142 303 546 578 594; 2 1 2 4 3 3 3 2 1 3
41.89; 1.123e-07; True; 20 202 254 303 546 578; 2 1 2 4 3 3 3 1 2 3
42.15; 1.367e-07; True; 20 303 480 515 546 594; 2 1 2 3 2 3 3 2 2 3
43.17; 1.475e-07; True; 20 254 303 546 578 594; 3 1 2 4 3 3 3 1 2 3
44.35; 1.861e-07; True; 20 303 513 546 578 594; 2 1 2 3 3 3 3 2 2 3
45.76; 2.066e-07; True; 20 202 303 546 578 664; 2 1 2 4 3 3 3 2 2 3
48.07; 2.205e-07; True; 303 341 374 420 480 664; 3 1 2 2 2 4 4 2 2 3
48.51; 2.478e-07; True; 20 303 480 546 594 664; 3 1 2 4 2 4 3 2 2 3
48.69; 2.712e-07; True; 20 303 546 578 594 664; 3 1 2 4 3 3 3 2 2 3
50.82; 2.8e-07; True; 20 303 341 420 480 664; 2 1 2 3 3 4 4 2 2 3
50.86; 3.108e-07; True; 20 303 420 480 546 594; 2 1 2 4 3 4 4 2 2 3
50.97; 3.279e-07; True; 20 303 374 420 546 594; 3 1 2 4 3 3 4 2 2 3
54.91; 3.801e-07; True; 20 303 374 480 515 546 594; 3 1 3 3 2 3 4 2 2 4
55.75; 3.941e-07; True; 20 202 303 374 515 546 594; 3 1 2 4 3 3 4 2 2 4
56.93; 3.942e-07; True; 20 303 480 515 546 578 594; 2 1 3 3 3 3 4 2 2 4
57.89; 4.538e-07; True; 20 202 303 513 546 578 594; 2 1 2 4 4 4 4 2 2 4
59.64; 4.904e-07; True; 20 202 303 374 513 546 594; 3 1 2 4 3 4 4 2 2 4
59.98; 4.905e-07; True; 20 303 480 513 546 578 594; 2 1 3 3 3 4 4 2 2 4
60.05; 5.175e-07; True; 20 303 374 513 546 578 594; 3 1 3 3 3 3 4 2 2 4
60.37; 5.444e-07; True; 20 202 303 480 546 578 664; 2 1 3 4 3 4 4 2 2 4
61.32; 5.744e-07; True; 20 202 303 374 546 578 664; 3 1 3 4 3 3 4 2 2 4
62.1; 6.311e-07; True; 20 202 303 546 578 594 664; 3 1 2 5 4 4 4 2 2 4
63.32; 7.146e-07; True; 20 303 480 546 578 594 664; 3 1 3 4 3 4 4 2 2 4
65.6; 8.134e-07; True; 20 303 374 420 480 546 594; 3 1 3 4 3 4 5 2 2 4
67.57; 8.46e-07; True; 20 303 374 420 480 546 664; 3 1 3 4 2 4 4 3 3 3
68.67; 8.775e-07; True; 20 303 420 480 546 578 664; 2 1 3 4 3 4 4 3 3 3
69.71; 9.259e-07; True; 20 303 374 420 546 578 664; 3 1 3 4 3 3 4 3 3 3
70.04; 9.786e-07; True; 20 303 420 480 546 594 664; 3 1 2 5 3 5 4 3 3 3
71.05; 9.844e-07; True; 20 303 374 420 546 594 664; 4 1 2 5 3 4 4 3 3 3
71.22; 1.017e-06; True; 20 303 420 546 578 594 664; 3 1 2 5 4 4 4 3 3 3
75.5; 1.119e-06; True; 20 202 303 374 513 546 578 594; 3 1 3 4 4 4 5 2 2 5
76.92; 1.193e-06; True; 20 202 303 374 480 546 578 664; 3 1 4 4 3 4 5 2 2 5
77.92; 1.195e-06; True; 20 303 374 480 515 546 594 664; 4 1 3 4 2 4 4 3 3 4
78.07; 1.223e-06; True; 20 142 303 480 546 578 594 664; 3 1 3 5 3 5 4 3 2 4
78.7; 1.385e-06; True; 20 202 303 480 546 578 594 664; 3 1 3 5 4 5 5 2 2 5
79.63; 1.393e-06; True; 20 202 303 374 546 578 594 664; 4 1 3 5 4 4 5 2 2 5
79.94; 1.403e-06; True; 20 303 374 480 546 578 594 664; 4 1 4 4 3 4 5 2 2 5
81.32; 1.415e-06; True; 20 107 303 374 420 480 546 594; 3 1 3 4 3 4 6 2 3 5
81.33; 1.576e-06; True; 20 303 374 420 480 515 546 594; 3 1 3 4 3 4 5 3 3 4
82.07; 1.659e-06; True; 20 254 303 374 420 480 546 594; 4 1 3 5 3 5 5 2 3 4
84.13; 1.714e-06; True; 20 254 303 420 480 546 578 594; 3 1 3 5 4 5 5 2 3 4
84.25; 1.724e-06; True; 20 254 303 374 420 546 578 594; 4 1 3 5 4 4 5 2 3 4
85.88; 1.951e-06; True; 20 202 303 374 420 480 546 664; 3 1 3 5 3 5 5 3 3 4
86.3; 2.042e-06; True; 20 303 374 420 480 546 578 664; 3 1 4 4 3 4 5 3 3 4
87.68; 2.294e-06; True; 20 303 374 420 480 546 594 664; 4 1 3 5 3 5 5 3 3 4
88.8; 2.37e-06; True; 20 303 420 480 546 578 594 664; 3 1 3 5 4 5 5 3 3 4
89.82; 2.384e-06; True; 20 303 374 420 546 578 594 664; 4 1 3 5 4 4 5 3 3 4
95.67; 2.401e-06; True; 20 142 303 374 480 546 578 594 664; 4 1 4 5 3 5 5 3 2 5
96.19; 2.596e-06; True; 20 202 303 374 480 515 546 594 664; 4 1 3 5 3 5 5 3 3 5
97.31; 2.683e-06; True; 20 202 303 480 515 546 578 594 664; 3 1 3 5 4 5 5 3 3 5
97.57; 2.718e-06; True; 20 303 374 480 515 546 578 594 664; 4 1 4 4 3 4 5 3 3 5
99.62; 2.862e-06; True; 20 254 303 374 420 480 515 546 594; 4 1 3 5 3 5 5 3 4 4
100.7; 2.943e-06; True; 20 202 303 374 420 480 515 546 594; 3 1 3 5 4 5 6 3 3 5
102; 3.081e-06; True; 20 303 374 420 480 515 546 578 594; 3 1 4 4 4 4 6 3 3 5
102.7; 3.242e-06; True; 20 254 303 374 420 480 546 578 594; 4 1 4 5 4 5 6 2 3 5
103.9; 3.264e-06; True; 20 303 374 420 448 480 546 578 664; 3 1 4 5 4 4 6 3 3 5
104.5; 3.364e-06; True; 20 142 254 303 374 480 515 546 578 594; 4 1 4 5 3 5 5 3 3 5
105.6; 3.814e-06; True; 20 202 303 374 420 480 546 578 664; 3 1 4 5 4 5 6 3 3 5
107.9; 4.02e-06; True; 20 202 303 374 420 480 546 594 664; 4 1 3 6 4 6 6 3 3 5
108.4; 4.484e-06; True; 20 303 374 420 480 546 578 594 664; 4 1 4 5 4 5 6 3 3 5
116.8; 4.895e-06; True; 20 202 303 374 480 515 546 578 594 664; 4 1 4 5 4 5 6 3 3 6
120.4; 5.209e-06; True; 20 142 254 303 374 420 480 546 578 594; 4 1 4 6 4 6 6 3 3 5
123.1; 5.594e-06; True; 20 254 303 374 420 480 515 546 578 594; 4 1 4 5 4 5 6 3 4 5
125.7; 5.686e-06; True; 20 142 202 254 303 374 480 515 546 578 594; 4 1 4 6 4 6 6 3 3 6
127; 5.782e-06; True; 20 254 303 374 420 448 480 546 578 664; 4 1 4 6 4 5 6 3 4 5
127.1; 5.864e-06; True; 20 202 303 374 420 480 515 546 578 664; 3 1 4 5 4 5 6 4 4 5
128; 6.419e-06; True; 20 142 303 374 420 480 546 578 594 664; 4 1 4 6 4 6 6 4 3 5
129; 6.538e-06; True; 20 107 303 374 420 480 546 578 594 664; 4 1 4 5 4 5 7 3 4 6
129.6; 6.959e-06; True; 20 202 303 374 420 480 546 578 594 664; 4 1 4 6 5 6 7 3 3 6
131.5; 7.214e-06; True; 20 254 303 374 420 480 546 578 594 664; 5 1 4 6 4 6 6 3 4 5
137.5; 7.748e-06; True; 20 303 374 420 480 513 546 578 594 664; 4 1 4 5 4 6 6 4 4 5
141.6; 7.875e-06; True; 20 202 254 303 374 480 515 546 578 594 664; 5 1 4 6 4 6 6 3 4 6
141.8; 8.008e-06; True; 20 142 254 303 374 420 480 515 546 578 594; 4 1 4 6 4 6 6 4 4 5
146.1; 8.029e-06; True; 20 142 254 303 374 420 480 546 578 594 658; 5 1 4 7 4 6 6 3 4 6
146.3; 8.682e-06; True; 20 202 254 303 374 420 480 515 546 578 594; 4 1 4 6 5 6 7 3 4 6
148.6; 8.742e-06; True; 20 142 303 374 420 448 480 546 578 594 664; 4 1 4 7 5 6 7 4 3 6
149.6; 9.36e-06; True; 20 107 142 303 374 420 480 546 578 594 664; 4 1 4 6 4 6 7 4 4 6
151.2; 9.571e-06; True; 20 142 202 303 374 420 480 546 578 594 664; 4 1 4 7 5 7 7 4 3 6
152.1; 9.922e-06; True; 20 142 254 303 374 420 480 546 578 594 664; 5 1 4 7 4 7 6 4 4 5
153.1; 1.07e-05; True; 20 202 303 374 420 480 515 546 578 594 664; 4 1 4 6 5 6 7 4 4 6
155.5; 1.076e-05; True; 20 202 254 303 374 420 480 546 578 594 664; 5 1 4 7 5 7 7 3 4 6
161.2; 1.083e-05; True; 20 142 202 254 303 374 480 515 546 578 594 664; 5 1 4 7 4 7 6 4 4 6
161.6; 1.171e-05; True; 20 202 303 374 420 480 513 546 578 594 664; 4 1 4 6 5 7 7 4 4 6
166.9; 1.194e-05; True; 20 142 202 254 303 374 420 480 515 546 578 594; 4 1 4 7 5 7 7 4 4 6
171.6; 1.208e-05; True; 20 142 202 254 303 374 420 448 480 546 578 664; 4 1 4 8 5 7 7 4 4 6
171.7; 1.258e-05; True; 20 303 341 374 420 480 513 546 578 594 664; 5 1 4 5 5 7 7 4 4 6
173; 1.263e-05; True; 20 142 303 374 420 448 480 515 546 578 594 664; 4 1 4 7 5 6 7 5 4 6
173.1; 1.27e-05; True; 20 107 142 303 374 420 480 515 546 578 594 664; 4 1 4 6 4 6 7 5 5 6
174.6; 1.287e-05; True; 20 119 142 202 303 374 420 480 546 578 594 664; 4 1 4 8 5 7 7 4 4 7
174.7; 1.341e-05; True; 20 142 254 303 374 420 448 480 546 578 594 664; 5 1 4 8 5 7 7 4 4 6
175.5; 1.348e-05; True; 20 202 303 374 420 448 480 515 546 578 594 664; 4 1 4 7 6 6 8 4 4 7
175.6; 1.383e-05; True; 20 142 202 303 374 420 480 515 546 578 594 664; 4 1 4 7 5 7 7 5 4 6
176.6; 1.407e-05; True; 20 107 202 303 374 420 480 515 546 578 594 664; 4 1 4 6 5 6 8 4 5 7
177.6; 1.413e-05; True; 20 202 303 371 374 420 480 515 546 578 594 664; 5 1 4 7 5 7 7 4 4 7
178.1; 1.44e-05; True; 20 142 202 254 303 374 420 480 546 578 594 664; 5 1 4 8 5 8 7 4 4 6
180.8; 1.553e-05; True; 20 202 254 303 374 420 480 515 546 578 594 664; 5 1 4 7 5 7 7 4 5 6
188.1; 1.589e-05; True; 20 202 303 374 420 480 513 515 546 578 594 664; 4 1 4 6 5 7 7 5 5 6
188.4; 1.607e-05; True; 20 202 303 341 374 420 480 515 546 578 594 664; 5 1 4 6 6 7 8 4 4 7
190.1; 1.635e-05; True; 20 254 303 341 374 420 480 515 546 578 594 664; 6 1 4 6 5 7 7 4 5 6
190.5; 1.669e-05; True; 20 202 254 303 374 420 480 513 546 578 594 664; 5 1 4 7 5 8 7 4 5 6
197.5; 1.675e-05; True; 20 142 202 254 303 374 420 480 515 546 578 594 658; 5 1 4 8 5 7 7 4 5 7
198.8; 1.71e-05; True; 20 88 202 254 303 374 420 480 546 578 594 664; 5 1 4 7 6 7 7 4 5 6
198.9; 1.726e-05; True; 20 202 303 341 374 420 480 513 546 578 594 664; 5 1 4 6 6 8 8 4 4 7
199; 1.729e-05; True; 20 142 202 303 374 420 448 480 515 546 578 594 664; 4 1 4 8 6 7 8 5 4 7
200.1; 1.791e-05; True; 20 142 202 303 374 420 480 502 515 546 578 594 664; 4 1 5 7 5 7 7 5 4 7
200.9; 1.819e-05; True; 20 142 254 303 374 420 448 480 515 546 578 594 664; 5 1 4 8 5 7 7 5 5 6
203; 1.828e-05; True; 20 107 202 303 371 374 420 480 515 546 578 594 664; 5 1 4 7 5 7 8 4 5 8
203.4; 1.866e-05; True; 20 142 202 254 303 374 420 480 502 546 578 594 664; 5 1 5 8 5 8 7 4 4 7
204.3; 1.955e-05; True; 20 142 202 254 303 374 420 480 515 546 578 594 664; 5 1 4 8 5 8 7 5 5 6
206.2; 2.012e-05; True; 20 202 254 303 374 420 480 502 515 546 578 594 664; 5 1 5 7 5 7 7 4 5 7
212.1; 2.118e-05; True; 0 20 202 254 303 374 420 480 515 546 578 594 664; 5 1 5 7 5 7 8 4 5 7
216.4; 2.126e-05; True; 20 202 254 303 374 420 480 515 546 578 594 664 689; 5 1 5 7 5 7 7 4 6 6
217.8; 2.161e-05; True; 20 202 254 303 374 420 480 502 513 546 578 594 664; 5 1 5 7 5 8 7 4 5 7
218.8; 2.177e-05; True; 20 202 254 303 374 420 480 513 515 546 578 594 664; 5 1 4 7 5 8 7 5 6 6
219.1; 2.213e-05; True; 20 202 254 303 341 374 420 480 515 546 578 594 664; 6 1 4 7 6 8 8 4 5 7
220.4; 2.229e-05; True; 0 20 254 303 341 374 420 480 515 546 578 594 664; 6 1 5 6 5 7 8 4 5 7
223.6; 2.275e-05; True; 0 20 202 254 303 374 420 480 513 546 578 594 664; 5 1 5 7 5 8 8 4 5 7
226; 2.288e-05; True; 20 202 303 341 374 420 480 515 546 578 594 664 689; 5 1 5 6 6 7 8 4 5 7
227.3; 2.299e-05; True; 20 110 202 254 303 374 420 480 546 578 594 664 689; 6 1 5 8 5 7 8 4 5 7
228.3; 2.343e-05; True; 20 202 303 341 374 420 480 513 515 546 578 594 664; 5 1 4 6 6 8 8 5 5 7
229.7; 2.432e-05; True; 20 142 202 254 303 374 420 448 480 515 546 578 594 664; 5 1 4 9 6 8 8 5 5 7
230.7; 2.532e-05; True; 20 142 202 254 303 374 420 480 502 515 546 578 594 664; 5 1 5 8 5 8 7 5 5 7
237.8; 2.536e-05; True; 20 142 202 254 303 374 420 480 515 546 578 594 658 664; 6 1 4 9 5 8 7 5 6 7
239.2; 2.551e-05; True; 20 142 202 254 303 374 420 448 480 546 578 594 664 689; 5 1 5 9 6 8 8 4 5 7
240.3; 2.597e-05; True; 20 142 202 303 341 374 420 480 502 515 546 578 594 664; 5 1 5 7 6 8 8 5 4 8
241; 2.622e-05; True; 20 107 142 254 303 341 374 420 480 515 546 578 594 664; 6 1 4 7 5 8 8 5 6 7
241.9; 2.676e-05; True; 20 142 202 254 303 374 420 480 515 546 578 594 664 689; 5 1 5 8 5 8 7 5 6 6
244.6; 2.746e-05; True; 20 142 202 254 303 341 374 420 480 515 546 578 594 664; 6 1 4 8 6 9 8 5 5 7
246; 2.828e-05; True; 0 20 142 254 303 341 374 420 480 515 546 578 594 664; 6 1 5 7 5 8 8 5 5 7
250.4; 2.839e-05; True; 20 142 254 303 341 374 420 480 515 546 578 594 664 689; 6 1 5 7 5 8 7 5 6 6
252.3; 2.932e-05; True; 0 20 202 254 303 341 374 420 480 515 546 578 594 664; 6 1 5 7 6 8 9 4 5 8
257.6; 3.03e-05; True; 20 202 254 303 341 374 420 480 515 546 578 594 664 689; 6 1 5 7 6 8 8 4 6 7
261.9; 3.059e-05; True; 20 202 254 303 341 374 420 480 513 515 546 578 594 664; 6 1 4 7 6 9 8 5 6 7
264.4; 3.15e-05; True; 20 202 254 303 341 374 420 480 515 538 546 578 594 664; 6 1 5 8 6 8 8 5 5 7
267.9; 3.161e-05; True; 20 110 202 303 341 374 420 480 515 546 578 594 664 689; 6 1 5 7 6 7 9 5 5 8
269.6; 3.207e-05; True; 20 202 303 341 374 420 480 513 515 546 578 594 664 689; 5 1 5 6 6 8 8 5 6 7
270.2; 3.21e-05; True; 20 202 254 303 341 374 420 480 513 546 578 594 664 689; 6 1 5 7 6 9 8 4 6 7
270.9; 3.223e-05; True; 20 110 202 254 303 374 420 480 513 546 578 594 664 689; 6 1 5 8 5 8 8 5 6 7
273.3; 3.271e-05; True; 20 97 110 254 303 341 374 420 480 546 578 594 664 689; 7 1 5 7 6 8 8 5 5 7
273.9; 3.375e-05; True; 20 107 142 202 254 303 341 374 420 480 515 546 578 594 664; 6 1 4 8 6 9 9 5 6 8
277.3; 3.382e-05; True; 20 142 202 254 303 374 420 480 515 546 578 594 658 664 689; 6 1 5 9 5 8 7 5 7 7
280; 3.431e-05; True; 20 142 202 254 303 341 374 420 480 515 546 578 594 658 664; 7 1 4 9 6 9 8 5 6 8
282.7; 3.566e-05; True; 20 107 142 202 303 341 374 420 480 515 546 578 594 664 689; 5 1 5 7 6 8 9 5 6 8
284.6; 3.718e-05; True; 0 20 142 254 303 341 374 420 480 515 546 578 594 664 689; 6 1 6 7 5 8 8 5 6 7
285.1; 3.76e-05; True; 20 142 202 254 303 341 374 420 480 515 546 578 594 664 689; 6 1 5 8 6 9 8 5 6 7
292.4; 3.772e-05; True; 20 110 142 254 303 341 374 420 480 515 546 578 594 664 689; 7 1 5 8 5 8 8 6 6 7
292.8; 3.856e-05; True; 0 20 202 254 303 341 374 420 480 515 546 578 594 664 689; 6 1 6 7 6 8 9 4 6 8
299.1; 3.861e-05; True; 20 142 202 303 341 374 420 480 513 515 546 578 594 664 689; 5 1 5 7 6 9 8 6 6 7
299.7; 3.941e-05; True; 20 142 202 254 303 341 374 420 480 513 546 578 594 664 689; 6 1 5 8 6 10 8 5 6 7
301.5; 4.065e-05; True; 20 110 202 254 303 341 374 420 480 515 546 578 594 664 689; 7 1 5 8 6 8 9 5 6 8
304.2; 4.079e-05; True; 20 202 254 303 341 374 420 480 513 515 546 578 594 664 689; 6 1 5 7 6 9 8 5 7 7
306.8; 4.141e-05; True; 20 202 254 303 341 374 420 480 515 538 546 578 594 664 689; 6 1 6 8 6 8 8 5 6 7
314.6; 4.154e-05; True; 20 88 110 142 254 303 341 374 420 480 546 578 594 664 689; 7 1 5 8 6 8 8 6 6 7
316.1; 4.307e-05; True; 20 110 202 254 303 341 374 420 480 513 546 578 594 664 689; 7 1 5 8 6 9 9 5 6 8
317.2; 4.601e-05; True; 20 142 202 254 303 341 374 420 480 502 515 546 578 594 664 689; 6 1 6 8 6 9 8 5 6 8
322.3; 4.785e-05; True; 0 20 142 202 254 303 341 374 420 480 515 546 578 594 664 689; 6 1 6 8 6 9 9 5 6 8
330.9; 4.833e-05; True; 20 110 142 202 254 303 341 374 420 480 515 546 578 594 664 689; 7 1 5 9 6 9 9 6 6 8
338.6; 4.916e-05; True; 20 110 202 254 301 303 341 374 420 480 515 546 578 594 664 689; 7 1 6 8 6 8 9 5 6 9
338.7; 5.016e-05; True; 0 20 142 202 254 303 341 374 420 480 513 546 578 594 664 689; 6 1 6 8 6 10 9 5 6 8
345.9; 5.062e-05; True; 20 88 202 254 303 341 374 420 480 502 515 546 578 594 664 689; 6 1 6 7 7 8 8 5 7 8
348.3; 5.157e-05; True; 20 97 110 202 254 303 341 374 420 480 515 546 578 594 664 689; 7 1 5 8 7 9 9 6 6 8
353; 5.267e-05; True; 20 110 202 254 303 341 374 420 480 513 515 546 578 594 664 689; 7 1 5 8 6 9 9 6 7 8
360.6; 5.341e-05; True; 20 88 110 202 254 303 341 374 420 480 515 546 578 594 664 689; 7 1 5 8 7 8 9 6 7 8
363.9; 5.444e-05; True; 0 20 88 110 202 254 303 341 374 420 480 546 578 594 664 689; 7 1 6 8 7 8 10 5 6 9
366; 5.665e-05; True; 20 107 110 142 202 254 303 341 374 420 480 515 546 578 594 664 689; 7 1 5 9 6 9 10 6 7 9
379.2; 5.815e-05; True; 20 96 97 142 202 254 303 341 374 420 480 515 546 578 594 664 689; 6 1 6 9 7 10 8 6 6 8
387.9; 5.841e-05; True; 20 78 107 142 202 254 303 341 374 420 480 515 546 578 594 664 689; 6 1 5 9 7 9 9 6 8 8
388.4; 6.087e-05; True; 0 20 130 142 202 254 303 341 374 420 480 513 546 578 594 664 689; 7 1 6 9 7 10 10 5 6 9
397.4; 6.147e-05; True; 20 97 110 202 254 303 341 374 377 420 480 515 546 578 594 664 689; 7 1 5 8 7 9 9 7 7 8
400.5; 6.23e-05; True; 20 107 202 254 303 341 374 420 480 513 515 546 578 582 594 664 689; 6 1 6 7 6 9 9 6 8 8
408.1; 6.237e-05; True; 20 69 142 202 254 303 341 374 420 480 515 546 578 594 664 669 689; 7 1 6 8 7 9 9 6 6 9
410.6; 6.252e-05; True; 20 142 202 254 303 341 374 420 480 515 537 546 578 594 664 669 689; 6 1 6 8 6 9 10 6 7 9
411.6; 6.487e-05; True; 20 88 110 142 202 254 303 341 374 420 480 513 546 578 594 664 689; 7 1 5 9 7 10 9 7 7 8
413.8; 6.544e-05; True; 20 110 142 202 254 303 341 374 420 480 515 546 578 594 664 669 689; 7 1 6 9 6 9 10 7 6 9
417.8; 6.726e-05; True; 20 88 110 202 254 303 341 374 420 480 502 538 546 578 594 664 689; 7 1 7 9 7 8 9 6 6 9
421.6; 6.778e-05; True; 0 20 142 202 254 303 341 374 420 480 513 546 578 594 664 669 689; 6 1 7 8 6 10 10 6 6 9
424.2; 6.83e-05; True; 20 88 142 202 254 303 341 374 420 480 515 546 578 594 664 669 689; 6 1 6 8 7 9 9 7 7 8
424.6; 6.899e-05; True; 20 142 202 254 301 303 341 374 420 480 513 515 546 576 578 594 664 689; 6 1 6 8 6 10 8 7 8 8
435.8; 7.078e-05; True; 20 97 202 254 303 341 374 420 480 513 515 546 578 594 664 669 689; 6 1 6 7 7 10 9 7 7 8
435.9; 7.132e-05; True; 20 110 202 254 303 341 374 420 480 513 515 546 578 594 664 669 689; 7 1 6 8 6 9 10 7 7 9
440.7; 7.298e-05; True; 20 110 202 254 303 341 374 420 480 502 507 513 546 576 578 594 664 689; 7 1 6 9 7 9 10 6 7 10
451.6; 7.434e-05; True; 20 97 168 202 254 303 341 374 420 480 513 515 546 578 594 664 689; 7 1 6 7 7 10 9 7 7 8
454; 7.561e-05; True; 0 20 97 168 202 254 303 341 374 420 480 513 546 578 594 664 689; 7 1 7 7 7 10 10 6 6 9
464.1; 7.622e-05; True; 20 88 142 199 202 254 303 341 374 420 480 515 546 578 594 664 669 689; 6 1 6 8 7 9 9 7 8 9
468.8; 7.715e-05; True; 20 78 110 202 254 303 341 374 420 480 513 546 578 594 664 669 689; 7 1 6 9 7 9 10 7 7 9
474; 8.002e-05; True; 20 168 202 254 303 341 374 420 480 513 515 546 578 594 664 669 689; 7 1 7 7 6 9 10 7 7 9
480.6; 8.115e-05; True; 20 88 168 202 254 303 341 374 420 480 515 546 578 594 664 669 689; 7 1 7 7 7 8 10 7 7 9
488.1; 8.212e-05; True; 20 88 142 185 202 254 303 341 374 420 480 538 546 578 594 664 669 689; 6 1 7 10 7 10 9 7 7 8
491.8; 8.453e-05; True; 20 88 97 202 254 303 341 374 420 480 515 546 578 594 658 664 669 689; 7 1 6 8 8 9 9 7 8 9
495.3; 8.597e-05; True; 20 88 168 202 254 303 341 374 420 480 513 546 578 594 664 669 689; 7 1 7 7 7 9 10 7 7 9
503.9; 8.696e-05; True; 20 78 168 202 254 303 341 374 420 480 513 546 578 594 664 669 689; 7 1 7 8 7 9 10 7 7 9
510.3; 8.837e-05; True; 20 88 110 202 254 303 341 374 420 480 515 521 546 578 594 664 669 689; 7 1 7 8 7 8 10 7 8 9
520.2; 8.921e-05; True; 20 97 107 142 202 254 303 341 371 374 420 480 513 546 578 594 664 669 689; 7 1 6 9 7 12 10 7 7 10
526.1; 9.012e-05; True; 20 168 202 253 254 303 341 374 420 480 513 515 546 578 594 664 669 689; 7 1 7 7 7 10 10 7 7 9
528.5; 9.314e-05; True; 20 88 142 168 202 254 303 341 374 420 480 546 578 594 658 664 669 689; 8 1 7 9 7 9 10 7 7 10
535.9; 9.426e-05; True; 20 78 168 185 202 254 303 341 374 420 480 515 546 578 594 664 669 689; 7 1 7 9 7 9 10 7 8 9
538.6; 9.722e-05; True; 20 88 142 168 202 254 303 341 374 420 480 513 546 578 594 664 669 689; 7 1 7 8 7 10 10 8 7 9
557.2; 9.734e-05; True; 20 78 168 202 254 303 341 353 374 420 480 515 546 578 594 664 669 689; 7 1 8 8 7 8 10 8 7 9
562; 9.758e-05; True; 20 78 168 254 303 307 341 374 420 480 513 515 546 578 594 664 669 689; 8 1 7 8 7 8 10 8 8 9
564.8; 9.857e-05; True; 20 110 168 202 254 303 341 374 420 480 513 546 578 593 594 664 669 689; 8 1 7 8 6 10 11 8 7 10
567.5; 0.0001017; True; 20 78 110 168 202 254 303 341 374 420 480 513 546 578 594 664 669 689; 8 1 7 9 7 9 11 8 7 10
573.7; 0.000102; True; 20 88 168 202 254 303 341 374 420 449 480 513 546 578 594 664 669 689; 7 1 8 7 7 9 10 8 7 9
573.9; 0.0001031; True; 20 78 168 202 254 303 341 353 374 420 480 513 546 578 594 664 669 689; 7 1 8 8 7 9 10 8 7 9
579.9; 0.0001047; True; 20 78 168 202 254 303 341 374 420 480 513 546 578 593 594 664 669 689; 7 1 7 8 7 10 10 8 8 9
599.7; 0.0001081; True; 20 69 168 202 254 303 341 374 390 420 480 513 515 546 578 594 664 669 689; 8 1 7 8 7 10 11 8 7 11
609.9; 0.0001088; True; 0 20 88 96 168 254 303 341 374 420 480 513 546 578 594 658 664 669 689; 8 1 9 8 6 8 10 7 8 11
629.9; 0.0001123; True; 20 88 110 168 202 254 303 341 374 420 421 480 513 546 578 594 664 669 689; 8 1 8 8 7 9 11 8 7 10
633.6; 0.0001157; True; 0 20 88 113 168 202 254 303 341 374 420 480 513 546 578 594 664 669 689; 7 1 8 8 8 9 11 7 8 10
674.5; 0.0001158; True; 20 78 142 168 200 254 303 341 365 374 420 480 507 513 546 578 594 664 669 689; 7 1 7 10 7 11 10 9 8 9
676.3; 0.0001164; True; 20 35 88 142 168 202 254 303 319 341 374 420 480 513 546 578 594 664 669 689; 7 1 8 8 7 10 10 8 8 9
678.4; 0.0001166; True; 20 88 142 168 202 254 303 333 341 374 420 471 480 513 546 578 594 664 669 689; 8 1 7 8 9 10 11 8 7 10
688.7; 0.0001178; True; 20 78 168 194 202 254 303 307 341 374 420 480 513 515 546 578 594 664 669 689; 8 1 7 9 8 9 12 8 8 10
692; 0.0001243; True; 3 20 78 110 202 254 303 341 374 380 420 463 480 513 515 546 578 594 664 669 689; 9 1 7 9 8 10 11 8 8 10
707.7; 0.0001256; True; 20 78 88 168 185 202 303 341 374 420 435 480 513 546 578 594 658 664 669 689; 8 1 7 10 9 9 10 8 9 10
731.1; 0.0001274; True; 20 78 168 202 254 303 341 374 390 420 480 546 578 585 593 594 623 664 669 689; 8 1 8 9 7 10 11 9 7 11
737.8; 0.0001314; True; 20 21 78 168 182 202 254 303 341 374 387 420 480 513 546 578 594 664 669 689; 8 1 7 9 9 11 11 8 8 10
752.4; 0.000135; True; 3 20 88 119 168 254 259 303 335 341 374 390 420 480 515 546 578 594 664 669 689; 9 1 8 9 8 10 10 8 8 10
