M: 12
Instance: 1
Algorithm: NSGA-II
Iteration: 1000
Population Size: 1000
Required Skills: 0 1 4 5 9 10 11 14 16 18 23 24
Distance; Skill Score; isValid; Team; Skill Counts
11.84; 2.946e-12; True; 23 367 684; 1 1 1 2 2 1 1 1 1 1 1 1
12.82; 3.231e-12; True; 367 459 519; 1 1 1 2 1 1 1 1 2 1 1 1
15.84; 4.59e-12; True; 204 367 519; 1 1 1 1 1 1 1 1 2 2 1 1
17.13; 6.394e-12; True; 1 117 310 367; 1 1 1 2 1 1 2 2 1 1 1 1
18.02; 6.517e-12; True; 117 367 601 815; 1 1 1 3 1 1 1 2 1 1 1 2
18.63; 1.034e-11; True; 160 364 367 684; 2 1 1 3 2 1 1 1 1 1 1 2
18.64; 1.164e-11; True; 364 367 415 684; 2 1 1 3 1 1 1 2 1 1 1 2
18.65; 1.362e-11; True; 23 174 310 367; 1 1 1 2 3 1 2 2 1 1 1 1
18.71; 2.319e-11; True; 23 367 558 684; 1 1 1 2 3 2 1 1 2 1 1 2
18.75; 2.739e-11; True; 23 174 367 684; 1 1 1 3 3 1 2 2 1 2 1 1
19.54; 4.373e-11; True; 23 246 367 684; 1 1 1 2 3 2 1 2 2 1 1 2
19.62; 4.601e-11; True; 23 310 367 684; 2 1 1 2 3 1 2 2 1 1 2 1
20.63; 5.073e-11; True; 367 601 684 739; 2 1 1 3 2 1 1 3 2 1 1 2
20.64; 8.406e-11; True; 23 367 684 739; 2 1 1 3 3 2 1 2 2 1 1 2
23.46; 9.129e-11; True; 367 459 519 739; 2 1 1 3 2 2 1 2 3 1 1 2
23.56; 1.059e-10; True; 367 519 601 684; 1 1 1 3 2 1 2 3 2 2 2 1
23.71; 1.336e-10; True; 367 459 519 684; 2 1 1 3 2 1 2 2 2 2 2 1
24.69; 1.755e-10; True; 23 367 519 684; 1 1 1 3 3 2 2 2 2 2 2 1
26.61; 1.94e-10; True; 23 174 367 558 684; 1 1 1 3 4 2 2 2 2 2 1 2
27.44; 2.435e-10; True; 1 117 160 367 684; 2 1 1 4 2 2 2 2 2 2 1 2
27.7; 2.489e-10; True; 1 310 367 415 684; 3 1 1 3 2 1 2 3 2 1 2 2
28.24; 3.448e-10; True; 117 160 367 601 684; 2 1 1 4 2 2 2 3 2 2 1 2
29.44; 3.99e-10; True; 310 367 601 684 739; 3 1 1 3 3 1 2 4 2 1 2 2
29.53; 5.018e-10; True; 23 174 367 684 739; 2 1 1 4 4 2 2 3 2 2 1 2
30.36; 5.074e-10; True; 23 226 367 684 739; 2 1 1 4 4 2 2 3 2 1 2 2
30.39; 5.984e-10; True; 23 310 367 684 723; 2 1 2 3 3 2 2 2 2 1 2 2
30.41; 6.683e-10; True; 23 310 367 684 739; 3 1 1 3 4 2 2 3 2 1 2 2
34.14; 7.551e-10; True; 310 367 519 601 739; 2 1 1 3 3 2 2 4 3 1 2 2
34.25; 8.067e-10; True; 310 367 459 519 739; 3 1 1 3 3 2 2 3 3 1 2 2
34.4; 9.532e-10; True; 367 459 519 601 684; 2 1 2 4 2 1 2 3 3 2 2 2
35.36; 1.135e-09; True; 367 415 519 601 684; 2 1 1 4 2 2 2 4 3 2 2 2
36.21; 1.443e-09; True; 367 519 601 684 739; 2 1 1 4 3 2 2 4 3 2 2 2
36.34; 1.542e-09; True; 367 459 519 684 739; 3 1 1 4 3 2 2 3 3 2 2 2
36.47; 1.58e-09; True; 23 367 459 519 684; 2 1 2 4 3 2 2 2 3 2 2 2
37.21; 1.817e-09; True; 23 367 519 684 739; 2 1 1 4 4 3 2 3 3 2 2 2
39.06; 1.831e-09; True; 23 174 310 367 601 684; 2 1 2 4 4 1 3 4 2 2 2 2
39.19; 1.956e-09; True; 23 174 310 367 459 684; 3 1 2 4 4 1 3 3 2 2 2 2
40.25; 2.68e-09; True; 23 174 310 367 684 723; 2 1 2 4 4 2 3 3 2 2 2 2
42.95; 3.192e-09; True; 23 310 367 601 684 739; 3 1 2 4 4 2 2 4 3 1 2 3
43.17; 3.513e-09; True; 23 310 367 684 723 739; 3 1 2 4 4 3 2 3 3 1 2 3
46.05; 4.224e-09; True; 310 367 459 519 601 684; 3 1 2 4 3 1 3 4 3 2 3 2
47.13; 4.565e-09; True; 1 310 367 519 684 739; 3 1 1 4 4 2 3 4 3 2 3 2
47.99; 5.4e-09; True; 310 367 519 601 684 739; 3 1 1 4 4 2 3 5 3 2 3 2
48.13; 5.489e-09; True; 310 367 459 519 684 739; 4 1 1 4 4 2 3 4 3 2 3 2
48.95; 6.623e-09; True; 23 310 367 519 601 684; 2 1 2 4 4 2 3 4 3 2 3 2
49.09; 7.075e-09; True; 23 310 367 459 519 684; 3 1 2 4 4 2 3 3 3 2 3 2
50.04; 7.431e-09; True; 23 174 310 367 459 558 684; 3 1 2 4 5 2 3 3 3 2 2 3
50.86; 7.618e-09; True; 23 367 519 601 684 739; 2 1 2 5 4 3 2 4 4 2 2 3
50.97; 8.139e-09; True; 23 367 459 519 684 739; 3 1 2 5 4 3 2 3 4 2 2 3
52.84; 8.302e-09; True; 23 174 226 367 601 684 739; 2 1 2 6 5 2 3 5 3 2 2 3
53.52; 9.365e-09; True; 23 174 246 310 367 459 684; 3 1 2 4 5 2 3 4 3 2 2 3
53.65; 9.647e-09; True; 23 174 246 310 367 684 723; 2 1 2 4 5 3 3 4 3 2 2 3
53.82; 1.115e-08; True; 23 174 310 367 601 684 739; 3 1 2 5 5 2 3 5 3 2 2 3
53.93; 1.134e-08; True; 23 174 310 367 459 684 739; 4 1 2 5 5 2 3 4 3 2 2 3
55.01; 1.308e-08; True; 23 174 310 367 684 723 739; 3 1 2 5 5 3 3 4 3 2 2 3
60.67; 1.518e-08; True; 310 367 459 519 601 640 684; 3 1 2 5 4 2 3 4 4 2 3 3
61.75; 1.546e-08; True; 23 174 310 367 519 601 684; 2 1 2 5 5 2 4 5 3 3 3 2
61.87; 1.781e-08; True; 174 367 459 519 601 684 739; 3 1 2 6 4 2 3 5 4 3 2 3
62.67; 2.16e-08; True; 310 367 459 519 601 684 739; 4 1 2 5 4 2 3 5 4 2 3 3
63.59; 2.225e-08; True; 23 310 367 459 519 601 684; 3 1 3 5 4 2 3 4 4 2 3 3
64.76; 2.266e-08; True; 23 174 367 459 519 684 739; 3 1 2 6 5 3 3 4 4 3 2 3
65.45; 2.703e-08; True; 23 310 367 519 601 684 739; 3 1 2 5 5 3 3 5 4 2 3 3
65.57; 2.748e-08; True; 23 310 367 459 519 684 739; 4 1 2 5 5 3 3 4 4 2 3 3
66.67; 2.824e-08; True; 23 310 367 519 684 723 739; 3 1 2 5 5 4 3 4 4 2 3 3
68.45; 2.97e-08; True; 23 174 310 367 459 601 684 739; 4 1 3 6 5 2 3 5 4 2 2 4
70.35; 3.035e-08; True; 23 174 246 310 367 684 723 739; 3 1 2 5 6 4 3 5 4 2 2 4
70.49; 3.426e-08; True; 23 174 310 367 601 684 723 739; 3 1 3 6 5 3 3 5 4 2 2 4
70.6; 3.482e-08; True; 23 174 310 367 459 684 723 739; 4 1 3 6 5 3 3 4 4 2 2 4
73.73; 3.521e-08; True; 174 310 367 459 519 558 601 684; 3 1 2 5 5 2 4 5 4 3 3 3
74.48; 3.528e-08; True; 174 310 367 459 519 601 640 684; 3 1 2 6 5 2 4 5 4 3 3 3
76.51; 4.824e-08; True; 174 310 367 459 519 601 684 739; 4 1 2 6 5 2 4 6 4 3 3 3
77.38; 5.17e-08; True; 23 174 310 367 459 519 601 684; 3 1 3 6 5 2 4 5 4 3 3 3
80.24; 5.859e-08; True; 23 174 310 367 519 601 684 739; 3 1 2 6 6 3 4 6 4 3 3 3
80.36; 6.196e-08; True; 23 174 310 367 459 519 684 739; 4 1 2 6 6 3 4 5 4 3 3 3
82.07; 6.764e-08; True; 23 310 367 459 519 601 684 739; 4 1 3 6 5 3 3 5 5 2 3 4
84.13; 6.952e-08; True; 23 310 367 519 601 684 723 739; 3 1 3 6 5 4 3 5 5 2 3 4
84.25; 7.067e-08; True; 23 310 367 459 519 684 723 739; 4 1 3 6 5 4 3 4 5 2 3 4
86.9; 7.493e-08; True; 23 174 226 310 367 601 684 723 739; 3 1 3 7 6 3 4 6 4 2 3 4
87.08; 7.59e-08; True; 23 147 174 310 367 601 684 723 739; 3 1 3 7 6 3 4 5 4 2 3 5
87.15; 7.715e-08; True; 23 147 174 310 367 459 684 723 739; 4 1 3 7 6 3 4 4 4 2 3 5
87.88; 7.924e-08; True; 23 174 226 310 367 459 684 723 739; 4 1 3 7 6 3 4 5 4 2 3 4
92.53; 8.466e-08; True; 23 117 174 310 367 459 601 684 739; 4 1 3 7 5 3 4 6 4 3 2 4
93.1; 8.664e-08; True; 174 310 367 459 519 601 632 684 739; 4 1 3 7 5 2 4 6 4 3 3 4
93.12; 9.487e-08; True; 147 174 310 367 459 519 601 684 739; 4 1 2 7 6 2 5 6 4 3 4 4
93.95; 1.017e-07; True; 23 147 174 310 367 459 519 601 684; 3 1 3 7 6 2 5 5 4 3 4 4
94.13; 1.07e-07; True; 23 174 310 367 459 519 558 601 684; 3 1 3 6 6 3 4 5 5 3 3 4
96.28; 1.118e-07; True; 23 174 310 367 459 519 558 684 723; 3 1 3 6 6 4 4 4 5 3 3 4
97.06; 1.234e-07; True; 23 147 174 367 459 519 601 684 739; 3 1 3 8 6 3 4 5 5 3 3 5
97.84; 1.464e-07; True; 23 174 310 367 459 519 601 684 739; 4 1 3 7 6 3 4 6 5 3 3 4
100.9; 1.505e-07; True; 23 174 310 367 519 601 684 723 739; 3 1 3 7 6 4 4 6 5 3 3 4
101; 1.591e-07; True; 23 174 310 367 459 519 684 723 739; 4 1 3 7 6 4 4 5 5 3 3 4
107.9; 1.628e-07; True; 23 310 367 459 519 601 684 739 821; 5 1 3 7 6 3 3 6 5 3 4 4
108.9; 1.718e-07; True; 23 117 310 367 459 519 601 684 739; 4 1 3 7 5 4 4 6 5 3 3 4
110; 1.776e-07; True; 23 310 367 519 601 684 723 739 821; 4 1 3 7 6 4 3 6 5 3 4 4
111.7; 1.943e-07; True; 23 147 174 310 367 459 519 558 601 684; 3 1 3 7 7 3 5 5 5 3 4 5
114.7; 1.948e-07; True; 23 147 174 367 459 519 601 650 684 739; 3 1 3 9 6 3 4 5 5 4 4 5
114.8; 2.03e-07; True; 23 147 174 310 367 459 519 558 684 723; 3 1 3 7 7 4 5 4 5 3 4 5
115.4; 2.21e-07; True; 23 147 174 226 367 459 519 601 684 739; 3 1 3 9 7 3 5 6 5 3 4 5
115.7; 2.211e-07; True; 23 174 310 367 459 519 558 601 684 723; 3 1 4 7 6 4 4 5 6 3 3 5
116.3; 2.312e-07; True; 23 174 310 367 459 519 601 650 684 739; 4 1 3 8 6 3 4 6 5 4 4 4
116.4; 2.657e-07; True; 23 147 174 310 367 459 519 601 684 739; 4 1 3 8 7 3 5 6 5 3 4 5
120.4; 3.023e-07; True; 23 174 310 367 459 519 601 684 723 739; 4 1 4 8 6 4 4 6 6 3 3 5
129.5; 3.176e-07; True; 23 117 147 310 367 459 519 601 684 739; 4 1 3 8 6 4 5 6 5 3 4 5
129.7; 3.27e-07; True; 23 174 310 367 519 601 684 723 739 821; 4 1 3 8 7 4 4 7 5 4 4 4
130.7; 3.346e-07; True; 23 174 310 367 459 519 684 723 739 821; 5 1 3 8 7 4 4 6 5 4 4 4
131.3; 3.448e-07; True; 23 106 174 310 367 459 519 601 684 739; 4 1 3 8 6 4 5 6 5 4 4 4
135.2; 3.864e-07; True; 23 147 174 310 367 459 519 558 601 684 723; 3 1 4 8 7 4 5 5 6 3 4 6
135.9; 3.939e-07; True; 23 147 174 310 367 459 519 601 650 684 739; 4 1 3 9 7 3 5 6 5 4 5 5
136.1; 4.144e-07; True; 23 147 174 310 367 459 519 558 601 684 739; 4 1 3 8 8 4 5 6 6 3 4 6
138.7; 4.145e-07; True; 23 147 174 310 367 459 519 601 640 684 739; 4 1 3 9 8 4 5 6 6 3 4 6
139.2; 4.233e-07; True; 23 147 174 310 367 459 519 558 684 723 739; 4 1 3 8 8 5 5 5 6 3 4 6
139.6; 4.393e-07; True; 23 147 174 246 310 367 459 519 601 684 723; 3 1 4 8 7 4 5 6 6 3 4 6
140.4; 4.586e-07; True; 23 147 174 246 310 367 459 519 601 684 739; 4 1 3 8 8 4 5 7 6 3 4 6
140.9; 5.282e-07; True; 23 147 174 310 367 459 519 601 684 723 739; 4 1 4 9 7 4 5 6 6 3 4 6
149.6; 5.474e-07; True; 23 147 174 367 459 519 601 684 723 739 821; 4 1 4 10 7 4 4 6 6 4 4 6
152.1; 6.187e-07; True; 23 174 310 367 459 519 601 684 723 739 821; 5 1 4 9 7 4 4 7 6 4 4 5
157.9; 6.69e-07; True; 23 106 174 310 367 459 519 601 684 723 739; 4 1 4 9 6 5 5 6 6 4 4 5
161.6; 7.357e-07; True; 23 147 174 310 367 459 519 558 601 684 723 739; 4 1 4 9 8 5 5 6 7 3 4 7
163.3; 7.83e-07; True; 23 147 174 310 367 459 519 601 650 684 723 739; 4 1 4 10 7 4 5 6 6 4 5 6
164.1; 8.209e-07; True; 23 147 174 226 310 367 459 519 601 684 723 739; 4 1 4 10 8 4 6 7 6 3 5 6
173.4; 8.857e-07; True; 23 147 174 246 310 367 459 519 601 684 723 821; 4 1 4 9 8 4 5 7 6 4 5 6
173.9; 8.858e-07; True; 23 147 174 226 367 459 519 601 684 723 739 821; 4 1 4 11 8 4 5 7 6 4 5 6
175.2; 9.021e-07; True; 23 147 174 310 367 415 459 519 601 684 723 739; 5 1 4 10 7 5 5 7 7 3 4 7
175.6; 1.003e-06; True; 23 147 174 310 367 459 519 601 684 723 739 821; 5 1 4 10 8 4 5 7 6 4 5 6
181.3; 1.054e-06; True; 23 106 147 174 310 367 459 519 601 684 723 739; 4 1 4 10 7 5 6 6 6 4 5 6
186.4; 1.091e-06; True; 23 147 174 226 310 367 459 519 601 684 723 739 762; 5 1 4 11 8 4 6 7 7 3 5 7
186.6; 1.097e-06; True; 23 132 147 174 226 310 367 459 519 601 684 723 739; 4 1 4 10 8 4 6 7 7 3 6 7
186.7; 1.135e-06; True; 23 147 174 226 310 367 459 519 558 601 684 723 739; 4 1 4 10 9 5 6 7 7 3 5 7
187.4; 1.169e-06; True; 23 147 174 226 310 367 459 519 601 650 684 723 739; 4 1 4 11 8 4 6 7 6 4 6 6
190.3; 1.207e-06; True; 23 147 174 246 310 367 459 519 601 650 684 723 739; 4 1 4 10 8 5 5 7 7 4 5 7
191.1; 1.232e-06; True; 23 147 174 226 246 310 367 459 519 601 684 723 739; 4 1 4 10 9 5 6 8 7 3 5 7
199.1; 1.387e-06; True; 23 147 174 310 367 459 519 558 601 684 723 739 821; 5 1 4 10 9 5 5 7 7 4 5 7
201.7; 1.458e-06; True; 23 147 174 226 310 367 459 519 601 684 723 739 821; 5 1 4 11 9 4 6 8 6 4 6 6
203.4; 1.505e-06; True; 23 147 174 246 310 367 459 519 601 684 723 739 821; 5 1 4 10 9 5 5 8 7 4 5 7
207.5; 1.531e-06; True; 23 106 147 174 226 310 367 459 519 601 684 723 739; 4 1 4 11 8 5 7 7 6 4 6 6
210.3; 1.563e-06; True; 23 106 147 174 246 310 367 459 519 601 684 723 739; 4 1 4 10 8 6 6 7 7 4 5 7
211.9; 1.585e-06; True; 23 117 147 174 310 367 415 459 519 601 684 723 739; 5 1 4 11 7 6 6 8 7 4 4 7
212.8; 1.62e-06; True; 23 147 174 310 367 415 459 519 601 684 723 739 821; 6 1 4 11 8 5 5 8 7 4 5 7
215.2; 1.72e-06; True; 23 117 147 174 310 367 459 519 601 684 723 739 821; 5 1 4 11 8 5 6 8 6 5 5 6
216.4; 1.755e-06; True; 23 147 174 226 246 310 367 459 519 601 650 684 723 739; 4 1 4 11 9 5 6 8 7 4 6 7
220.9; 1.805e-06; True; 23 106 147 174 310 367 459 519 601 684 723 739 821; 5 1 4 11 8 5 6 7 6 5 6 6
226.7; 1.959e-06; True; 23 147 174 226 310 367 415 459 519 601 650 684 723 739; 5 1 4 12 8 5 6 8 7 4 6 7
227.2; 2.006e-06; True; 23 147 174 226 310 367 459 519 558 601 684 723 739 821; 5 1 4 11 10 5 6 8 7 4 6 7
231.5; 2.146e-06; True; 23 147 174 226 246 310 367 459 519 601 684 723 739 821; 5 1 4 11 10 5 6 9 7 4 6 7
238.4; 2.21e-06; True; 23 106 147 174 226 246 310 367 459 519 601 684 723 739; 4 1 4 11 9 6 7 8 7 4 6 7
239.4; 2.316e-06; True; 23 117 147 174 226 310 367 415 459 519 601 684 723 739; 5 1 4 12 8 6 7 9 7 4 5 7
240.9; 2.321e-06; True; 23 147 174 226 310 367 415 459 519 601 684 723 739 821; 6 1 4 12 9 5 6 9 7 4 6 7
243.6; 2.397e-06; True; 23 117 147 174 226 310 367 459 519 601 684 723 739 821; 5 1 4 12 9 5 7 9 6 5 6 6
246.4; 2.447e-06; True; 23 117 147 174 246 310 367 459 519 601 684 723 739 821; 5 1 4 11 9 6 6 9 7 5 5 7
248.7; 2.466e-06; True; 23 106 147 174 226 310 367 415 459 519 601 684 723 739; 5 1 4 12 8 6 7 8 7 4 6 7
249.9; 2.485e-06; True; 23 106 147 174 226 310 367 459 519 601 684 723 739 821; 5 1 4 12 9 5 7 8 6 5 7 6
252.7; 2.607e-06; True; 23 106 147 174 246 310 367 459 519 601 684 723 739 821; 5 1 4 11 9 6 6 8 7 5 6 7
253.3; 2.634e-06; True; 23 117 147 174 310 367 415 459 519 601 684 723 739 821; 6 1 4 12 8 6 6 9 7 5 5 7
258.7; 2.653e-06; True; 23 147 174 226 246 310 367 459 519 601 684 723 739 762 821; 6 1 4 12 10 5 6 9 8 4 6 8
262.2; 2.707e-06; True; 23 106 117 147 174 310 367 415 459 519 601 684 723 739; 5 1 4 12 7 7 7 8 7 5 5 7
263; 2.806e-06; True; 23 106 147 174 310 367 415 459 519 601 684 723 739 821; 6 1 4 12 8 6 6 8 7 5 6 7
265.8; 2.867e-06; True; 23 106 147 174 226 246 310 367 459 519 601 632 684 723 739; 4 1 5 12 9 6 7 8 7 4 6 8
267.8; 2.986e-06; True; 23 117 132 147 174 226 310 367 415 459 519 601 684 723 739; 5 1 4 12 8 6 7 9 8 4 6 8
267.9; 3.004e-06; True; 23 117 147 174 226 310 367 415 459 519 601 632 684 723 739; 5 1 5 13 8 6 7 9 7 4 5 8
269.3; 3.011e-06; True; 23 147 174 226 310 367 415 459 519 601 632 684 723 739 821; 6 1 5 13 9 5 6 9 7 4 6 8
270.1; 3.022e-06; True; 23 147 174 226 310 367 415 459 519 601 650 684 723 739 821; 6 1 4 13 9 5 6 9 7 5 7 7
271.9; 3.072e-06; True; 23 117 147 174 226 310 367 459 519 601 684 723 739 762 821; 6 1 4 13 9 5 7 9 7 5 6 7
272.1; 3.174e-06; True; 23 117 147 174 226 310 367 459 519 558 601 684 723 739 821; 5 1 4 12 10 6 7 9 7 5 6 7
272.2; 3.202e-06; True; 1 23 117 147 174 226 310 367 415 459 519 601 684 723 739; 5 1 5 13 8 6 7 9 8 4 5 8
275.2; 3.209e-06; True; 1 23 147 174 226 310 367 415 459 519 601 684 723 739 821; 6 1 5 13 9 5 6 9 8 4 6 8
276.8; 3.357e-06; True; 23 117 147 174 226 246 310 367 459 519 601 684 723 739 821; 5 1 4 12 10 6 7 10 7 5 6 7
279.7; 3.387e-06; True; 1 23 117 147 174 226 310 367 415 459 519 601 684 723 821; 5 1 5 13 8 5 7 9 7 5 6 7
283.1; 3.41e-06; True; 1 23 106 147 174 226 310 367 415 459 519 601 684 723 739; 5 1 5 13 8 6 7 8 8 4 6 8
283.6; 3.417e-06; True; 23 117 147 174 310 367 415 459 519 601 632 684 723 739 821; 6 1 5 13 8 6 6 9 7 5 5 8
283.7; 3.519e-06; True; 23 106 147 174 226 246 310 367 459 519 601 684 723 739 821; 5 1 4 12 10 6 7 9 7 5 7 7
283.8; 3.63e-06; True; 23 117 147 174 226 310 367 415 459 519 601 684 723 739 821; 6 1 4 13 9 6 7 10 7 5 6 7
288; 3.642e-06; True; 1 23 117 147 174 310 367 415 459 519 601 684 723 739 821; 6 1 5 13 8 6 6 9 8 5 5 8
291.9; 3.669e-06; True; 23 117 147 174 226 310 367 415 432 459 519 601 684 723 739; 5 1 5 12 8 6 8 9 7 5 5 7
292.7; 3.725e-06; True; 23 106 117 147 174 226 310 367 415 459 519 601 684 723 739; 5 1 4 13 8 7 8 9 7 5 6 7
294; 3.752e-06; True; 23 147 174 226 310 367 415 432 459 519 601 684 723 739 821; 6 1 5 12 9 5 7 9 7 5 6 7
294.1; 3.806e-06; True; 23 106 147 174 226 310 367 415 459 519 601 684 723 739 821; 6 1 4 13 9 6 7 9 7 5 7 7
299.3; 3.879e-06; True; 1 23 106 147 174 310 367 415 459 519 601 684 723 739 821; 6 1 5 13 8 6 6 8 8 5 6 8
300; 3.907e-06; True; 1 23 106 174 226 310 367 415 459 519 601 684 723 739 821; 6 1 5 13 8 6 6 9 8 5 6 7
300.8; 3.908e-06; True; 23 106 147 174 226 310 367 415 432 459 519 601 684 723 739; 5 1 5 12 8 6 8 8 7 5 6 7
304.9; 4.082e-06; True; 23 147 174 226 246 310 367 415 459 519 601 650 684 723 739 821; 6 1 4 13 10 6 6 10 8 5 7 8
307.7; 4.094e-06; True; 23 117 147 174 310 367 415 432 459 519 601 684 723 739 821; 6 1 5 12 8 6 7 9 7 6 5 7
308.5; 4.158e-06; True; 23 106 117 147 174 310 367 415 459 519 601 684 723 739 821; 6 1 4 13 8 7 7 9 7 6 6 7
310.9; 4.222e-06; True; 1 23 147 174 226 246 310 367 415 459 519 601 684 723 739 821; 6 1 5 13 10 6 6 10 9 4 6 9
313.1; 4.233e-06; True; 23 106 147 174 246 310 367 459 519 601 632 650 684 723 739 821; 5 1 5 13 9 6 6 8 7 6 7 8
313.4; 4.253e-06; True; 23 117 138 147 174 226 310 367 415 459 519 601 684 723 739 821; 6 1 4 14 10 7 7 10 8 5 6 7
314.9; 4.381e-06; True; 23 117 147 174 226 310 367 415 459 519 601 684 723 739 762 821; 7 1 4 14 9 6 7 10 8 5 6 8
319.9; 4.735e-06; True; 23 117 147 174 226 246 310 367 415 459 519 601 684 723 739 821; 6 1 4 13 10 7 7 11 8 5 6 8
325.4; 4.937e-06; True; 23 106 147 174 226 310 367 415 459 519 601 632 684 723 739 821; 6 1 5 14 9 6 7 9 7 5 7 8
328.7; 4.994e-06; True; 23 117 136 147 174 226 310 367 415 459 519 601 684 723 739 821; 7 1 4 13 10 6 7 10 8 6 6 8
330.7; 5.068e-06; True; 23 147 174 226 246 310 367 415 432 459 519 601 684 723 739 821; 6 1 5 12 10 6 7 10 8 5 6 8
337.8; 5.099e-06; True; 1 23 106 174 226 246 310 367 415 459 519 601 684 723 739 821; 6 1 5 13 9 7 6 10 9 5 6 8
338.7; 5.226e-06; True; 23 106 147 174 226 246 310 367 415 432 459 519 601 684 723 739; 5 1 5 12 9 7 8 9 8 5 6 8
340.7; 5.361e-06; True; 23 106 147 174 226 246 310 367 432 459 519 601 684 723 739 821; 5 1 5 12 10 6 8 9 7 6 7 7
341.2; 5.53e-06; True; 23 117 147 174 226 310 367 415 432 459 519 601 684 723 739 821; 6 1 5 13 9 6 8 10 7 6 6 7
349.2; 5.589e-06; True; 23 106 117 147 174 226 310 367 415 432 459 519 601 684 723 739; 5 1 5 13 8 7 9 9 7 6 6 7
351.1; 5.798e-06; True; 23 106 147 174 226 310 367 415 432 459 519 601 684 723 739 821; 6 1 5 13 9 6 8 9 7 6 7 7
355.7; 5.809e-06; True; 23 106 174 226 246 310 367 415 432 459 519 601 684 723 739 821; 6 1 5 12 9 7 7 10 8 6 6 7
355.8; 5.833e-06; True; 23 106 147 174 246 310 367 415 432 459 519 601 684 723 739 821; 6 1 5 12 9 7 7 9 8 6 6 8
359.8; 5.854e-06; True; 23 94 147 174 226 310 367 415 432 459 519 601 684 723 739 821; 6 1 5 13 10 6 8 9 7 6 7 7
364.1; 6.414e-06; True; 23 106 147 174 226 246 310 367 415 459 519 601 632 684 723 739 821; 6 1 5 14 10 7 7 10 8 5 7 9
373.2; 6.765e-06; True; 23 117 136 147 174 226 310 367 415 459 519 601 684 723 739 821 850; 7 1 5 13 10 6 7 10 8 6 7 8
381.3; 7.214e-06; True; 23 117 147 174 226 246 310 367 415 432 459 519 601 684 723 739 821; 6 1 5 13 10 7 8 11 8 6 6 8
386.3; 7.222e-06; True; 23 106 147 174 226 310 367 415 432 459 519 601 632 684 723 739 821; 6 1 6 14 9 6 8 9 7 6 7 8
391.4; 7.236e-06; True; 23 117 147 174 246 310 367 415 432 459 519 601 684 723 739 821 850; 6 1 6 12 9 7 7 10 8 6 6 8
391.9; 7.63e-06; True; 23 106 147 174 226 246 310 367 415 432 459 519 601 684 723 739 821; 6 1 5 13 10 7 8 10 8 6 7 8
401.9; 7.692e-06; True; 23 106 147 160 174 226 310 367 415 432 459 519 601 684 723 739 821; 7 1 5 14 10 7 8 9 8 6 7 8
403.3; 7.984e-06; True; 23 106 117 147 174 226 310 367 415 432 459 519 601 684 723 739 821; 6 1 5 14 9 7 9 10 7 7 7 7
409; 8.007e-06; True; 23 106 117 147 174 246 310 367 415 432 459 519 601 684 723 739 821; 6 1 5 13 9 8 8 10 8 7 6 8
411.2; 8.062e-06; True; 23 94 117 147 174 226 310 367 415 432 459 519 601 684 723 739 821; 6 1 5 14 10 7 9 10 7 7 7 7
420.1; 8.183e-06; True; 23 106 147 174 226 246 310 367 415 432 459 519 601 684 723 739 762 850; 6 1 6 13 9 7 8 9 9 5 7 9
420.2; 8.523e-06; True; 23 117 147 174 226 243 310 367 415 432 459 519 601 684 723 739 762 821; 7 1 5 14 10 6 9 11 8 6 7 8
427.6; 8.544e-06; True; 23 106 147 174 226 246 310 367 415 432 459 519 601 684 723 739 815 850; 6 1 6 13 10 7 8 9 8 5 8 9
428.8; 8.969e-06; True; 23 106 147 174 226 246 310 367 415 432 459 519 601 684 723 739 762 821; 7 1 5 14 10 7 8 10 9 6 7 9
436.7; 8.975e-06; True; 23 106 117 174 226 246 310 367 415 459 519 601 684 723 739 815 821 850; 7 1 5 14 10 8 7 11 8 6 8 8
440.1; 9.061e-06; True; 23 106 147 174 226 310 367 415 432 459 519 601 684 723 739 815 821 850; 7 1 6 14 10 6 8 9 7 6 9 8
443.3; 9.474e-06; True; 23 106 117 174 226 246 310 367 415 432 459 519 601 684 723 739 815 850; 6 1 6 13 9 8 8 10 8 6 7 8
446.3; 9.732e-06; True; 23 106 147 174 243 246 310 367 415 432 459 519 601 684 723 739 821 850; 6 1 6 12 10 7 8 10 8 6 8 8
453.7; 1.046e-05; True; 1 23 106 117 174 226 243 310 367 415 432 459 519 601 684 723 739 821; 6 1 6 14 9 7 9 11 8 7 7 7
469.9; 1.056e-05; True; 23 94 117 160 174 226 310 367 415 432 459 519 601 684 723 739 821 850; 7 1 6 14 10 8 8 10 8 7 7 7
471.6; 1.06e-05; True; 23 94 117 147 160 174 310 367 415 432 459 519 601 684 723 739 821 850; 7 1 6 14 10 8 8 9 8 7 7 8
477.9; 1.077e-05; True; 23 94 106 174 226 246 310 367 415 432 459 519 601 684 723 739 821 850; 6 1 6 13 10 8 8 10 8 7 8 7
478.4; 1.086e-05; True; 23 94 106 117 147 174 226 310 367 415 432 459 519 601 684 723 739 821; 6 1 5 15 10 8 10 10 7 8 8 7
480.1; 1.164e-05; True; 23 106 147 174 226 246 310 367 415 432 459 519 601 632 684 723 739 821 850; 6 1 7 14 10 7 8 10 8 6 8 9
503.6; 1.185e-05; True; 23 106 117 174 226 310 367 415 432 459 465 519 601 684 723 739 815 821 850; 8 1 6 15 9 7 8 10 8 7 8 8
504.1; 1.278e-05; True; 23 106 117 174 226 246 310 367 415 432 459 519 601 684 723 739 815 821 850; 7 1 6 14 10 8 8 11 8 7 8 8
520.8; 1.289e-05; True; 23 94 106 132 174 226 246 310 367 415 432 459 519 601 684 723 739 821 850; 6 1 6 13 10 8 8 10 9 7 9 8
527.8; 1.308e-05; True; 23 117 147 174 226 243 310 364 367 415 432 459 519 601 602 684 723 739 821 850; 7 1 7 15 11 6 9 11 8 6 8 9
535.3; 1.313e-05; True; 23 94 106 116 174 226 246 310 367 415 432 459 519 601 684 723 739 821 850; 6 1 7 14 11 8 8 10 8 7 8 8
538.4; 1.321e-05; True; 1 23 106 117 174 226 310 367 415 459 519 523 601 684 723 739 821 827 850; 6 1 7 15 9 7 8 11 9 8 7 8
540.1; 1.344e-05; True; 23 94 117 147 174 226 310 367 415 459 508 519 601 684 723 739 821 827 850; 7 1 6 15 10 8 8 10 9 7 8 9
541.1; 1.357e-05; True; 23 94 117 147 174 226 310 367 415 432 459 519 601 684 723 739 762 821 827; 7 1 6 15 10 7 9 10 9 8 7 9
541.7; 1.418e-05; True; 23 106 117 147 174 226 310 367 415 432 459 519 601 684 723 739 821 827 850; 6 1 7 14 9 7 9 10 8 8 8 8
558.8; 1.44e-05; True; 23 94 117 136 174 226 243 310 364 367 415 432 454 459 519 601 684 723 739 850; 7 1 7 14 11 7 9 11 8 7 7 9
559.4; 1.489e-05; True; 23 94 106 147 174 226 246 310 367 415 432 459 519 601 684 723 739 821 827; 6 1 6 14 11 8 9 10 9 8 8 9
559.8; 1.579e-05; True; 23 94 117 147 174 226 246 310 367 415 432 459 519 601 684 723 739 815 821 850; 7 1 6 15 12 8 9 11 8 7 9 9
590.4; 1.667e-05; True; 22 23 106 117 147 174 226 310 367 415 432 459 519 601 684 723 739 821 827 850; 7 1 7 14 9 7 9 10 9 8 8 9
608.7; 1.799e-05; True; 23 106 117 160 174 226 243 310 367 415 432 459 519 601 684 723 739 821 827 850; 7 1 7 14 10 8 9 11 9 8 8 8
628.4; 1.853e-05; True; 23 94 117 136 147 174 204 226 246 310 367 415 432 459 519 601 684 723 739 821; 8 1 6 14 12 8 9 11 10 9 7 10
651.6; 1.863e-05; True; 23 106 117 147 174 226 310 367 415 432 459 519 601 684 723 739 817 821 827 850; 7 1 8 14 9 7 9 10 9 8 8 9
659.6; 1.913e-05; True; 23 94 106 174 204 226 246 310 367 415 432 459 469 519 601 684 723 739 821 850; 7 1 7 14 10 8 9 11 9 9 8 8
665.5; 1.943e-05; True; 23 94 106 174 226 246 310 367 415 432 459 519 545 601 684 723 739 815 821 838 850; 7 1 6 16 12 8 10 11 8 8 11 8
667.3; 2.035e-05; True; 23 94 117 147 174 226 246 310 367 415 432 459 487 519 601 684 723 739 821 827 850; 6 1 7 14 11 8 10 11 9 9 8 9
676.8; 2.036e-05; True; 23 106 143 147 160 174 226 243 310 367 415 432 459 519 601 684 723 739 821 827 850; 7 1 7 15 12 8 10 11 9 7 9 9
693.7; 2.039e-05; True; 23 94 106 117 132 174 246 310 367 407 415 432 459 519 601 684 723 739 821 838 850; 7 1 6 15 9 10 9 10 10 9 9 9
694.1; 2.086e-05; True; 23 94 117 147 204 226 243 246 310 367 409 415 432 459 519 601 684 723 739 821 850; 8 1 7 14 11 9 9 11 9 7 9 9
694.8; 2.19e-05; True; 23 94 106 147 174 246 310 367 415 432 459 519 523 545 601 684 723 739 821 827 850; 6 1 7 15 12 8 10 11 9 9 9 9
751.9; 2.244e-05; True; 23 94 106 174 226 246 310 367 415 459 519 545 601 684 723 739 817 821 827 838 850; 7 1 7 15 11 8 9 11 10 8 10 9
766.8; 2.288e-05; True; 23 94 174 204 226 243 310 367 415 459 475 508 519 601 632 684 723 739 821 827 838; 8 1 7 16 11 8 9 11 10 9 8 10
770.9; 2.486e-05; True; 23 94 117 136 174 226 246 310 367 415 432 459 519 601 684 723 739 786 821 827 838 850; 8 1 7 15 11 8 9 11 11 10 8 10
803.3; 2.639e-05; True; 23 94 106 117 132 174 204 310 315 367 415 432 459 519 601 632 684 723 739 821 838 850; 8 1 8 15 9 9 9 10 9 10 9 9
831.9; 2.807e-05; True; 23 94 106 174 204 246 310 367 374 415 432 459 519 545 601 684 723 739 815 821 827 850; 9 1 8 15 12 9 8 10 11 9 9 11
859.8; 2.848e-05; True; 23 94 106 117 150 174 226 310 367 415 432 459 519 601 684 723 727 739 817 821 827 850; 8 1 9 15 10 9 9 10 10 10 8 9
927.8; 2.85e-05; True; 23 94 106 119 204 226 310 367 415 432 459 469 503 519 601 684 723 739 792 817 821 827; 9 1 8 16 9 9 9 9 12 10 8 11
928.6; 2.855e-05; True; 23 94 174 204 226 243 296 310 367 374 415 432 459 519 601 674 684 723 739 792 821 827 850; 8 1 9 15 12 7 9 10 10 11 9 9
940.9; 2.892e-05; True; 23 94 106 174 226 246 310 367 432 459 519 523 601 602 684 723 739 806 815 817 821 827 850; 9 1 8 15 14 7 10 10 10 10 9 10
941; 2.916e-05; True; 23 94 106 174 223 246 310 367 432 459 519 545 601 684 723 739 740 815 817 821 827 838 850; 9 1 8 16 12 8 9 10 10 9 11 9
949.6; 3.027e-05; True; 23 94 106 174 223 246 310 367 432 459 519 545 593 601 684 723 739 815 817 821 827 838 850; 9 1 8 16 12 8 9 10 10 9 11 10
956.1; 3.087e-05; True; 23 94 106 174 223 246 310 367 432 459 503 519 545 601 674 684 723 739 817 821 827 838 850; 8 1 9 16 11 8 9 10 10 10 10 9
1011; 3.193e-05; True; 23 94 106 147 174 204 223 310 367 399 412 415 432 459 519 601 684 723 739 815 821 827 838 850; 9 1 8 18 11 7 10 10 9 11 11 10
1022; 3.258e-05; True; 23 36 94 106 117 204 226 246 310 367 415 432 459 519 545 591 601 684 723 739 796 821 827 857; 8 1 7 18 10 12 10 12 12 9 8 11
1047; 3.437e-05; True; 23 94 106 174 223 246 310 367 432 459 519 545 601 684 723 739 740 792 815 817 821 827 838 850; 9 1 8 17 12 8 10 10 10 10 12 9
