M: 14
Instance: 1
Algorithm: NSGA-II
Iteration: 1000
Population Size: 1000
Required Skills: 0 1 4 5 9 10 11 12 14 15 16 18 23 24
Distance; Skill Score; isValid; Team; Skill Counts
15.16; 1.727e-14; True; 118 161 372 859; 1 1 1 2 1 2 1 2 1 1 1 1 1 1
17.13; 3.403e-14; True; 1 118 314 372; 1 1 1 2 1 1 2 2 2 1 1 1 1 1
18.63; 5.537e-14; True; 161 369 372 692; 2 1 1 3 2 1 1 2 1 1 1 1 1 2
18.81; 1.996e-13; True; 1 161 372 692; 2 1 1 3 2 1 1 2 1 2 2 1 1 2
19.54; 2.342e-13; True; 24 248 372 692; 1 1 1 2 3 2 1 2 2 1 2 1 1 2
20.7; 2.354e-13; True; 1 372 420 524; 1 1 1 3 1 2 1 3 2 1 3 1 1 2
21.56; 2.848e-13; True; 1 161 372 524; 1 1 1 3 2 2 1 2 1 2 3 1 1 2
22.79; 4.009e-13; True; 1 372 524 692; 1 1 1 3 2 1 2 2 2 1 2 2 2 1
22.84; 4.228e-13; True; 118 161 372 420 859; 2 1 1 3 1 3 1 3 2 1 2 1 1 2
24.67; 5.853e-13; True; 1 118 161 372 606; 1 1 1 4 2 2 1 2 2 3 2 1 1 2
25.33; 1.341e-12; True; 1 118 161 314 372; 2 1 1 3 2 2 2 2 2 2 2 1 1 2
27.44; 2.569e-12; True; 1 118 161 372 692; 2 1 1 4 2 2 2 2 2 2 2 2 1 2
27.57; 2.629e-12; True; 1 161 372 420 692; 3 1 1 4 2 2 1 3 2 2 3 1 1 3
29.06; 3.018e-12; True; 1 118 161 372 420 468; 2 1 1 4 1 3 1 3 2 2 3 2 1 3
31.25; 3.336e-12; True; 1 161 372 420 524; 2 1 1 4 2 3 1 3 2 2 4 1 1 3
31.55; 3.653e-12; True; 1 314 372 420 524; 2 1 1 3 2 2 2 3 3 1 3 1 2 2
32.41; 4.469e-12; True; 1 161 314 372 524; 2 1 1 3 3 2 2 2 2 2 3 1 2 2
33.34; 5.685e-12; True; 1 118 161 372 420 606; 2 1 1 5 2 3 1 3 3 3 3 1 1 3
34.33; 7.454e-12; True; 1 118 161 228 372 420; 2 1 1 5 2 3 2 3 3 2 3 1 1 3
34.92; 9.973e-12; True; 1 118 161 314 372 420; 3 1 1 4 2 3 2 3 3 2 3 1 1 3
37.09; 1.88e-11; True; 1 118 161 372 420 692; 3 1 1 5 2 3 2 3 3 2 3 2 1 3
39.37; 2.084e-11; True; 1 161 314 372 420 692; 4 1 1 4 3 2 2 3 3 2 3 1 2 3
42.57; 2.125e-11; True; 1 118 161 372 420 524; 2 1 1 5 2 4 2 3 3 2 4 2 1 3
42.88; 2.81e-11; True; 1 24 248 314 372 692; 2 1 2 3 4 2 2 3 3 2 3 1 2 3
45.02; 2.961e-11; True; 1 161 314 372 420 524; 3 1 1 4 3 3 2 3 3 2 4 1 2 3
45.73; 3.529e-11; True; 1 118 161 314 372 420 468; 3 1 1 4 2 3 2 3 3 2 3 2 2 3
47.29; 3.849e-11; True; 1 161 314 372 524 692; 3 1 1 4 4 2 3 2 3 2 3 2 3 2
47.84; 4.37e-11; True; 1 118 161 175 314 372 420; 3 1 1 5 3 3 3 3 4 2 3 2 1 3
47.93; 4.997e-11; True; 1 118 161 372 420 468 692; 3 1 1 5 2 3 2 3 3 2 3 3 2 3
48.11; 5.581e-11; True; 1 161 372 420 524 692; 3 1 1 5 3 3 2 3 3 2 4 2 2 3
50.01; 6.155e-11; True; 1 118 161 175 372 420 692; 3 1 1 6 3 3 3 3 4 2 3 3 1 3
51.21; 8.421e-11; True; 1 118 161 372 420 606 692; 3 1 1 6 3 3 2 3 4 3 3 2 2 3
51.81; 9.949e-11; True; 1 118 161 314 372 420 692; 4 1 1 5 3 3 3 3 4 2 3 2 2 3
54.64; 1.066e-10; True; 1 24 175 248 314 372 692; 2 1 2 4 5 2 3 3 4 2 3 2 2 3
55.91; 1.149e-10; True; 1 24 161 175 314 372 692; 3 1 2 5 5 2 3 3 3 2 3 2 2 3
59.26; 1.259e-10; True; 1 118 161 314 372 420 524; 3 1 1 5 3 4 3 3 4 2 4 2 2 3
59.53; 1.468e-10; True; 1 24 118 161 314 372 692; 3 1 2 5 4 3 3 3 3 2 3 2 2 3
62.42; 1.774e-10; True; 1 118 161 372 420 524 692; 3 1 1 6 3 4 3 3 4 2 4 3 2 3
62.88; 1.995e-10; True; 1 161 314 372 420 524 692; 4 1 1 5 4 3 3 3 4 2 4 2 3 3
63.83; 2.315e-10; True; 1 248 314 372 464 524 692; 3 1 2 4 4 2 3 3 4 2 4 2 3 3
65.59; 2.59e-10; True; 1 24 248 314 372 524 692; 2 1 2 4 5 3 3 3 4 2 4 2 3 3
66.86; 2.875e-10; True; 1 161 175 314 372 420 607 692; 4 1 2 6 4 2 3 3 5 2 4 2 2 4
67.18; 2.921e-10; True; 1 161 175 314 372 420 692 859; 4 1 2 5 4 2 3 4 4 2 3 2 3 3
68.03; 3.062e-10; True; 1 118 161 314 369 372 420 692; 4 1 2 6 3 3 3 4 4 2 3 2 2 4
68.7; 3.539e-10; True; 1 118 161 314 372 420 692 859; 4 1 2 5 3 3 3 4 4 2 3 2 3 3
70.19; 4.109e-10; True; 1 24 175 248 314 372 464 692; 3 1 3 5 5 2 3 4 4 2 4 2 2 4
71.32; 4.232e-10; True; 1 24 175 248 314 372 692 731; 2 1 3 5 5 3 3 4 4 2 4 2 2 4
71.43; 4.275e-10; True; 1 118 161 314 372 420 464 692; 5 1 2 6 3 3 3 4 4 2 4 2 2 4
73.41; 4.695e-10; True; 1 24 161 175 314 372 420 692; 4 1 2 6 5 3 3 4 4 2 4 2 2 4
74.25; 4.706e-10; True; 1 24 161 175 248 314 372 692; 3 1 2 5 6 3 3 3 4 3 4 2 2 4
75.92; 5.345e-10; True; 1 24 118 161 314 372 420 692; 4 1 2 6 4 4 3 4 4 2 4 2 2 4
78.56; 5.424e-10; True; 1 175 248 314 372 464 524 692; 3 1 2 5 5 2 4 3 5 2 4 3 3 3
78.77; 5.529e-10; True; 1 161 175 314 372 464 524 692; 4 1 2 6 5 2 4 3 4 2 4 3 3 3
79.74; 6.313e-10; True; 1 161 314 372 420 524 692 859; 4 1 2 5 4 3 3 4 4 2 4 2 4 3
80.41; 6.563e-10; True; 1 161 314 372 420 524 607 692; 4 1 2 6 4 3 3 3 5 2 5 2 3 4
81.68; 7.039e-10; True; 1 161 175 372 420 464 524 692; 4 1 2 7 4 3 3 4 4 2 5 3 2 4
82.49; 8.056e-10; True; 1 161 314 372 420 464 524 692; 5 1 2 6 4 3 3 4 4 2 5 2 3 4
83.13; 9.38e-10; True; 1 24 248 314 372 464 524 692; 3 1 3 5 5 3 3 4 4 2 5 2 3 4
85.63; 9.437e-10; True; 24 175 248 314 372 464 515 692 731; 3 1 3 6 5 4 3 4 4 2 5 2 2 5
85.72; 9.946e-10; True; 14 24 175 248 314 372 464 692 731; 3 1 3 6 6 4 3 4 4 2 5 2 2 5
86.34; 1.049e-09; True; 1 118 161 175 314 372 420 464 692; 5 1 2 7 4 3 4 4 5 2 4 3 2 4
87.65; 1.058e-09; True; 1 118 161 175 372 420 464 606 692; 4 1 2 8 4 3 3 4 5 3 4 3 2 4
88.64; 1.183e-09; True; 1 14 24 175 248 314 372 464 692; 3 1 3 6 6 3 3 4 4 3 5 2 2 5
88.82; 1.195e-09; True; 1 24 175 248 314 372 464 692 731; 3 1 4 6 5 3 3 5 4 2 5 2 2 5
90.37; 1.212e-09; True; 1 118 161 314 372 420 464 606 692; 5 1 2 7 4 3 3 4 5 3 4 2 3 4
91.28; 1.236e-09; True; 1 161 175 248 314 372 420 464 692; 5 1 2 6 5 3 3 4 5 3 5 2 2 5
91.77; 1.244e-09; True; 1 24 118 161 175 314 372 420 692; 4 1 2 7 5 4 4 4 5 2 4 3 2 4
92.75; 1.424e-09; True; 1 24 161 175 248 314 372 464 692; 4 1 3 6 6 3 3 4 4 3 5 2 2 5
94.87; 1.437e-09; True; 1 24 118 161 314 372 420 606 692; 4 1 2 7 5 4 3 4 5 3 4 2 3 4
94.88; 1.463e-09; True; 1 24 161 175 248 314 372 692 731; 3 1 3 6 6 4 3 4 4 3 5 2 2 5
97.23; 1.468e-09; True; 1 161 175 314 372 420 524 607 692; 4 1 2 7 5 3 4 3 6 2 5 3 3 4
97.56; 1.471e-09; True; 1 161 175 314 372 420 524 692 859; 4 1 2 6 5 3 4 4 5 2 4 3 4 3
98.71; 1.568e-09; True; 1 24 118 161 248 314 372 420 692; 4 1 2 6 5 5 3 4 5 3 5 2 2 5
99.31; 1.875e-09; True; 1 161 175 314 372 420 464 524 692; 5 1 2 7 5 3 4 4 5 2 5 3 3 4
99.79; 2.121e-09; True; 1 24 175 248 314 372 464 524 692; 3 1 3 6 6 3 4 4 5 2 5 3 3 4
102.7; 2.134e-09; True; 1 118 161 314 372 420 464 524 692; 5 1 2 7 4 4 4 4 5 2 5 3 3 4
103; 2.159e-09; True; 1 24 161 175 314 372 464 524 692; 4 1 3 7 6 3 4 4 4 2 5 3 3 4
103.5; 2.315e-09; True; 1 14 24 248 314 372 464 524 692; 3 1 3 6 6 4 3 4 4 3 6 2 3 5
103.8; 2.34e-09; True; 1 24 248 314 372 464 524 692 731; 3 1 4 6 5 4 3 5 4 2 6 2 3 5
105.6; 2.391e-09; True; 1 118 161 175 228 372 420 464 606 692; 4 1 2 9 5 3 4 4 6 3 4 3 3 4
106.9; 2.649e-09; True; 1 14 24 175 228 248 314 372 464 692; 3 1 3 7 7 3 4 4 5 3 5 2 3 5
107.2; 2.71e-09; True; 1 118 161 175 314 372 420 464 606 692; 5 1 2 8 5 3 4 4 6 3 4 3 3 4
108.1; 2.727e-09; True; 1 24 175 228 248 314 372 464 692 731; 3 1 4 7 6 3 4 5 5 2 5 2 3 5
108.3; 2.836e-09; True; 1 14 24 175 248 314 372 464 692 731; 3 1 4 7 6 4 3 5 4 3 6 2 2 6
111.1; 3.189e-09; True; 1 24 161 175 228 248 314 372 464 692; 4 1 3 7 7 3 4 4 5 3 5 2 3 5
114.3; 3.317e-09; True; 1 24 118 161 175 314 372 420 464 692; 5 1 3 8 5 4 4 5 5 2 5 3 2 5
115.3; 3.414e-09; True; 1 24 161 175 248 314 372 464 692 731; 4 1 4 7 6 4 3 5 4 3 6 2 2 6
116.2; 3.514e-09; True; 1 24 161 175 248 314 372 420 464 692; 5 1 3 7 6 4 3 5 5 3 6 2 2 6
116.6; 3.772e-09; True; 1 24 118 161 175 248 314 372 464 692; 4 1 3 7 6 4 4 4 5 3 5 3 2 5
118.8; 4.016e-09; True; 1 161 175 314 372 420 464 524 607 692; 5 1 3 8 5 3 4 4 6 2 6 3 3 5
119.2; 4.041e-09; True; 1 24 175 248 314 372 464 524 607 692; 3 1 4 7 6 3 4 4 6 2 6 3 3 5
120.2; 4.054e-09; True; 14 24 175 248 314 372 464 524 692 731; 3 1 3 7 7 5 4 4 5 2 6 3 3 5
121; 4.175e-09; True; 1 161 175 314 372 420 464 524 692 859; 5 1 3 7 5 3 4 5 5 2 5 3 4 4
121.6; 4.284e-09; True; 1 161 175 248 314 372 464 524 607 692; 4 1 3 7 6 3 4 3 6 3 6 3 3 5
122.1; 5.131e-09; True; 1 14 24 175 248 314 372 464 524 692; 3 1 3 7 7 4 4 4 5 3 6 3 3 5
122.4; 5.282e-09; True; 1 24 175 248 314 372 464 524 692 731; 3 1 4 7 6 4 4 5 5 2 6 3 3 5
126.3; 5.551e-09; True; 1 24 175 248 314 372 420 464 524 692; 4 1 3 7 6 4 4 5 6 2 6 3 3 5
127.1; 6.176e-09; True; 1 24 161 175 248 314 372 464 524 692; 4 1 3 7 7 4 4 4 5 3 6 3 3 5
129.5; 6.349e-09; True; 1 14 24 175 228 248 314 372 464 692 731; 3 1 4 8 7 4 4 5 5 3 6 2 3 6
134.5; 6.749e-09; True; 1 24 118 161 175 314 372 420 606 607 692; 4 1 3 9 6 4 4 4 7 3 5 3 3 5
135; 6.817e-09; True; 1 24 118 161 175 228 314 372 420 464 692; 5 1 3 9 6 4 5 5 6 2 5 3 3 5
135.1; 6.936e-09; True; 1 24 118 161 248 314 372 464 524 692; 4 1 3 7 6 5 4 4 5 3 6 3 3 5
135.5; 7.329e-09; True; 1 24 118 161 175 228 372 420 464 606 692; 4 1 3 10 6 4 4 5 6 3 5 3 3 5
136.5; 7.562e-09; True; 1 24 161 175 228 248 314 372 420 464 692; 5 1 3 8 7 4 4 5 6 3 6 2 3 6
136.6; 7.642e-09; True; 1 24 161 175 228 248 314 372 464 692 731; 4 1 4 8 7 4 4 5 5 3 6 2 3 6
137.6; 7.879e-09; True; 1 118 161 175 248 314 372 420 464 692 859; 5 1 3 7 5 4 4 5 6 3 5 3 3 5
138; 8.307e-09; True; 1 24 118 161 175 314 372 420 464 606 692; 5 1 3 9 6 4 4 5 6 3 5 3 3 5
140.9; 8.403e-09; True; 1 24 118 161 175 248 314 372 420 464 692; 5 1 3 8 6 5 4 5 6 3 6 3 2 6
142.7; 8.651e-09; True; 14 24 175 248 314 372 464 524 584 692 731; 4 1 3 8 7 5 4 4 5 3 7 3 3 6
143.2; 8.711e-09; True; 1 161 175 314 372 420 464 524 606 607 692; 5 1 3 9 6 3 4 4 7 3 6 3 4 5
143.4; 8.951e-09; True; 1 14 24 175 248 314 372 464 524 692 770; 4 1 3 8 7 4 4 5 5 3 7 3 3 6
143.5; 9.168e-09; True; 1 14 24 175 248 314 372 464 524 607 692; 3 1 4 8 7 4 4 4 6 3 7 3 3 6
143.8; 9.254e-09; True; 1 24 148 175 248 314 372 464 524 692 731; 3 1 4 8 7 4 5 5 5 2 6 3 4 6
145.5; 9.486e-09; True; 1 24 175 228 248 314 372 464 524 692 731; 3 1 4 8 7 4 5 5 6 2 6 3 4 5
145.6; 9.734e-09; True; 1 14 24 175 248 314 372 464 524 584 692; 4 1 3 8 7 4 4 4 5 4 7 3 3 6
145.7; 1.126e-08; True; 1 14 24 175 248 314 372 464 524 692 731; 3 1 4 8 7 5 4 5 5 3 7 3 3 6
146.9; 1.127e-08; True; 1 24 175 248 314 372 464 524 584 692 731; 4 1 4 8 6 4 4 5 5 3 7 3 3 6
149.6; 1.156e-08; True; 1 24 175 248 314 372 464 524 606 692 731; 3 1 4 8 7 4 4 5 6 3 6 3 4 5
151.1; 1.169e-08; True; 1 161 175 248 314 372 420 464 524 692 859; 5 1 3 7 6 4 4 5 6 3 6 3 4 5
151.6; 1.183e-08; True; 1 14 24 175 248 314 372 420 464 524 692; 4 1 3 8 7 5 4 5 6 3 7 3 3 6
152.6; 1.21e-08; True; 1 24 161 175 314 372 420 464 524 606 692; 5 1 3 9 7 4 4 5 6 3 6 3 4 5
153.5; 1.223e-08; True; 1 24 161 175 248 314 372 464 524 692 859; 4 1 4 7 7 4 4 5 5 3 6 3 4 5
153.7; 1.355e-08; True; 1 24 161 175 248 314 372 464 524 692 731; 4 1 4 8 7 5 4 5 5 3 7 3 3 6
158.4; 1.359e-08; True; 1 24 118 161 314 372 420 464 524 606 692; 5 1 3 9 6 5 4 5 6 3 6 3 4 5
159.7; 1.452e-08; True; 1 24 118 161 175 228 314 372 420 464 606 692; 5 1 3 10 7 4 5 5 7 3 5 3 4 5
160.8; 1.482e-08; True; 1 24 118 161 175 314 372 420 464 606 607 692; 5 1 4 10 6 4 4 5 7 3 6 3 3 6
163.6; 1.65e-08; True; 1 24 118 161 175 228 248 314 372 420 464 692; 5 1 3 9 7 5 5 5 7 3 6 3 3 6
166.7; 1.714e-08; True; 1 24 118 161 175 228 248 314 372 464 692 731; 4 1 4 9 7 5 5 5 6 3 6 3 3 6
167.5; 1.788e-08; True; 1 24 118 161 175 248 314 372 420 464 606 692; 5 1 3 9 7 5 4 5 7 4 6 3 3 6
169; 1.806e-08; True; 1 14 24 175 248 314 372 464 524 607 692 731; 3 1 5 9 7 5 4 5 6 3 8 3 3 7
169.1; 1.901e-08; True; 1 14 24 148 175 248 314 372 464 524 692 731; 3 1 4 9 8 5 5 5 5 3 7 3 4 7
169.3; 1.925e-08; True; 1 24 148 175 248 314 372 464 524 584 692 731; 4 1 4 9 7 4 5 5 5 3 7 3 4 7
170.8; 1.999e-08; True; 1 14 24 175 228 248 314 372 464 524 692 731; 3 1 4 9 8 5 5 5 6 3 7 3 4 6
171.1; 2.045e-08; True; 1 14 24 175 248 314 372 464 524 584 692 731; 4 1 4 9 7 5 4 5 5 4 8 3 3 7
175.9; 2.165e-08; True; 1 14 24 175 248 314 372 464 524 606 692 731; 3 1 4 9 8 5 4 5 6 4 7 3 4 6
177; 2.193e-08; True; 1 24 175 248 314 372 464 524 584 606 692 731; 4 1 4 9 7 4 4 5 6 4 7 3 4 6
177.7; 2.207e-08; True; 1 24 175 248 314 372 464 524 606 692 731 747; 4 1 4 9 8 5 4 5 7 3 7 3 4 6
177.9; 2.233e-08; True; 1 24 161 175 248 314 372 420 464 524 607 692; 5 1 4 9 7 5 4 5 7 3 8 3 3 7
178.1; 2.288e-08; True; 1 24 148 161 175 248 314 372 464 524 692 731; 4 1 4 9 8 5 5 5 5 3 7 3 4 7
178.7; 2.317e-08; True; 1 24 161 175 228 248 314 372 420 464 524 692; 5 1 3 9 8 5 5 5 7 3 7 3 4 6
178.8; 2.405e-08; True; 1 24 161 175 228 248 314 372 464 524 692 731; 4 1 4 9 8 5 5 5 6 3 7 3 4 6
181.4; 2.494e-08; True; 1 14 24 175 248 314 372 464 524 692 731 829; 4 1 4 9 8 5 4 5 6 3 7 4 4 6
182.7; 2.51e-08; True; 1 24 161 175 248 314 372 420 464 524 606 692; 5 1 3 9 8 5 4 5 7 4 7 3 4 6
182.9; 2.606e-08; True; 1 24 161 175 248 314 372 464 524 606 692 731; 4 1 4 9 8 5 4 5 6 4 7 3 4 6
187.4; 2.744e-08; True; 1 24 118 161 175 228 248 314 372 420 464 607 692; 5 1 4 10 7 5 5 5 8 3 7 3 3 7
188.1; 2.775e-08; True; 1 14 24 107 175 248 314 372 464 524 692 731; 3 1 4 9 7 6 5 6 5 3 7 4 4 6
189.2; 2.887e-08; True; 1 24 107 175 248 314 372 464 524 584 692 731; 4 1 4 9 6 5 5 6 5 3 7 4 4 6
191; 2.943e-08; True; 1 24 107 161 175 248 314 372 464 524 607 692; 4 1 4 9 7 5 5 5 6 3 7 4 4 6
191.2; 3.029e-08; True; 1 24 118 161 175 228 248 314 372 420 464 606 692; 5 1 3 10 8 5 5 5 8 4 6 3 4 6
193.6; 3.032e-08; True; 1 24 148 175 248 314 372 464 524 584 607 692 731; 4 1 5 10 7 4 5 5 6 3 8 3 4 8
195.1; 3.139e-08; True; 1 24 118 161 175 228 314 372 420 464 606 692 731; 5 1 4 11 7 5 5 6 7 3 6 3 4 6
195.3; 3.207e-08; True; 1 24 118 161 175 228 248 314 372 464 606 692 731; 4 1 4 10 8 5 5 5 7 4 6 3 4 6
195.6; 3.314e-08; True; 1 24 148 175 248 314 372 464 515 524 584 692 731; 4 1 4 10 7 5 5 5 5 4 8 3 4 8
197; 3.34e-08; True; 1 24 107 161 175 248 314 372 464 524 692 731; 4 1 4 9 7 6 5 6 5 3 7 4 4 6
197.2; 3.371e-08; True; 1 14 24 175 228 248 314 372 464 515 524 692 731; 3 1 4 10 8 6 5 5 6 4 8 3 4 7
198.2; 3.629e-08; True; 1 14 24 175 228 248 314 372 464 524 584 692 731; 4 1 4 10 8 5 5 5 6 4 8 3 4 7
203.1; 3.782e-08; True; 1 24 161 175 228 248 314 372 420 464 524 607 692; 5 1 4 10 8 5 5 5 8 3 8 3 4 7
206.2; 3.968e-08; True; 1 14 24 175 228 248 314 372 420 464 524 692 731; 4 1 4 10 8 6 5 6 7 3 8 3 4 7
206.9; 4.011e-08; True; 1 24 118 161 175 314 372 420 464 524 606 607 692; 5 1 4 11 7 5 5 5 8 3 7 4 4 6
207.1; 4.118e-08; True; 1 14 24 161 175 228 248 314 372 464 524 692 731; 4 1 4 10 9 6 5 5 6 4 8 3 4 7
208.6; 4.206e-08; True; 1 14 24 175 248 314 372 464 515 524 692 731 829; 4 1 4 10 8 6 4 5 6 4 8 4 4 7
209.5; 4.264e-08; True; 1 14 24 175 248 314 372 464 524 584 692 731 829; 5 1 4 10 8 5 4 5 6 4 8 4 4 7
211.3; 4.299e-08; True; 1 14 24 175 248 314 372 420 464 524 606 692 731; 4 1 4 10 8 6 4 6 7 4 8 3 4 7
212.1; 4.497e-08; True; 1 24 161 175 228 248 314 372 420 464 524 692 731; 5 1 4 10 8 6 5 6 7 3 8 3 4 7
214.5; 4.602e-08; True; 1 24 118 161 175 248 314 372 420 464 524 606 692; 5 1 3 10 8 6 5 5 8 4 7 4 4 6
215.5; 4.63e-08; True; 1 24 107 175 248 314 372 464 524 584 607 692 731; 4 1 5 10 6 5 5 6 6 3 8 4 4 7
216.1; 4.872e-08; True; 1 24 161 175 248 314 372 420 464 524 606 692 731; 5 1 4 10 8 6 4 6 7 4 8 3 4 7
216.9; 4.963e-08; True; 1 24 118 161 175 228 248 314 372 420 464 606 607 692; 5 1 4 11 8 5 5 5 9 4 7 3 4 7
217.4; 5.039e-08; True; 1 14 24 107 175 248 314 372 464 524 584 692 731; 4 1 4 10 7 6 5 6 5 4 8 4 4 7
221.7; 5.2e-08; True; 1 14 24 148 175 248 314 372 464 524 584 607 692 731; 4 1 5 11 8 5 5 5 6 4 9 3 4 9
223.3; 5.271e-08; True; 1 24 107 175 248 314 372 464 524 584 606 692 731; 4 1 4 10 7 5 5 6 6 4 7 4 5 6
223.4; 5.356e-08; True; 1 24 107 161 175 248 314 372 464 524 607 692 731; 4 1 5 10 7 6 5 6 6 3 8 4 4 7
225.2; 5.502e-08; True; 1 24 107 161 175 248 314 372 420 464 524 607 692; 5 1 4 10 7 6 5 6 7 3 8 4 4 7
227.3; 5.614e-08; True; 1 14 24 107 161 175 248 314 372 464 524 692 731; 4 1 4 10 8 7 5 6 5 4 8 4 4 7
227.5; 5.988e-08; True; 1 24 118 161 175 228 248 314 372 420 464 606 692 731; 5 1 4 11 8 6 5 6 8 4 7 3 4 7
230.2; 6.027e-08; True; 1 24 107 161 175 248 314 372 464 524 606 692 731; 4 1 4 10 8 6 5 6 6 4 7 4 5 6
233.3; 6.081e-08; True; 1 24 107 161 175 248 314 372 420 464 524 692 731; 5 1 4 10 7 7 5 7 6 3 8 4 4 7
233.4; 6.23e-08; True; 1 14 24 161 175 228 248 314 372 464 524 607 692 731; 4 1 5 11 9 6 5 5 7 4 9 3 4 8
234.3; 6.372e-08; True; 1 24 161 175 228 248 314 372 420 464 524 606 607 692; 5 1 4 11 9 5 5 5 9 4 8 3 5 7
235.3; 6.419e-08; True; 1 24 161 175 228 248 314 372 464 524 606 607 692 731; 4 1 5 11 9 5 5 5 8 4 8 3 5 7
236.7; 6.584e-08; True; 1 14 24 148 175 248 314 372 464 524 584 692 731 829; 5 1 4 11 9 5 5 5 6 4 8 4 5 8
238.4; 6.673e-08; True; 1 24 161 175 228 248 314 372 420 464 524 607 692 731; 5 1 5 11 8 6 5 6 8 3 9 3 4 8
239.4; 6.783e-08; True; 1 14 24 175 228 248 314 372 420 464 524 606 692 731; 4 1 4 11 9 6 5 6 8 4 8 3 5 7
239.5; 6.861e-08; True; 1 14 24 175 228 248 314 372 464 524 584 692 731 829; 5 1 4 11 9 5 5 5 7 4 8 4 5 7
241.9; 7e-08; True; 1 24 107 148 175 248 314 372 464 524 584 607 692 731; 4 1 5 11 7 5 6 6 6 3 8 4 5 8
242.3; 7.404e-08; True; 1 24 118 161 175 248 314 372 420 464 524 606 607 692; 5 1 4 11 8 6 5 5 9 4 8 4 4 7
244.3; 7.689e-08; True; 1 24 161 175 228 248 314 372 420 464 524 606 692 731; 5 1 4 11 9 6 5 6 8 4 8 3 5 7
245.6; 7.831e-08; True; 1 14 24 107 175 248 314 372 464 524 584 607 692 731; 4 1 5 11 7 6 5 6 6 4 9 4 4 8
249.4; 8.094e-08; True; 1 14 24 107 175 248 314 372 464 524 584 692 731 747; 5 1 4 11 8 7 5 6 6 4 9 4 4 8
249.8; 8.214e-08; True; 1 24 118 161 175 248 314 372 420 464 524 606 692 859; 5 1 4 10 8 6 5 6 8 4 7 4 5 6
251.5; 8.227e-08; True; 1 24 107 175 248 314 372 464 524 584 606 607 692 731; 4 1 5 11 7 5 5 6 7 4 8 4 5 7
251.9; 8.704e-08; True; 1 24 118 161 175 248 314 372 420 464 524 606 692 731; 5 1 4 11 8 7 5 6 8 4 8 4 4 7
255.2; 8.873e-08; True; 1 24 118 161 175 228 248 314 372 420 464 606 607 692 731; 5 1 5 12 8 6 5 6 9 4 8 3 4 8
256.7; 8.877e-08; True; 1 24 107 161 175 248 314 372 464 524 584 607 692 731; 5 1 5 11 7 6 5 6 6 4 9 4 4 8
258.5; 9.408e-08; True; 1 24 107 161 175 248 314 372 464 524 606 607 692 731; 4 1 5 11 8 6 5 6 7 4 8 4 5 7
259.4; 9.477e-08; True; 1 24 107 161 175 248 314 372 420 464 524 606 607 692; 5 1 4 11 8 6 5 6 8 4 8 4 5 7
263.6; 9.586e-08; True; 1 24 107 175 248 314 372 420 464 524 584 606 692 731; 5 1 4 11 7 6 5 7 7 4 8 4 5 7
264.5; 9.663e-08; True; 1 24 107 161 175 248 314 372 464 524 584 606 692 731; 5 1 4 11 8 6 5 6 6 5 8 4 5 7
266.3; 9.687e-08; True; 1 24 107 161 175 248 314 372 420 464 524 606 692 859; 5 1 4 10 8 6 5 7 7 4 7 4 6 6
266.5; 9.75e-08; True; 1 24 118 161 175 228 248 314 372 420 464 606 692 731 859; 5 1 5 11 8 6 5 7 8 4 7 3 5 7
267.8; 9.767e-08; True; 1 24 148 161 175 228 248 314 372 420 464 524 607 692 731; 5 1 5 12 9 6 6 6 8 3 9 3 5 9
268.4; 1.068e-07; True; 1 24 107 161 175 248 314 372 420 464 524 606 692 731; 5 1 4 11 8 7 5 7 7 4 8 4 5 7
272.6; 1.124e-07; True; 1 24 161 175 228 248 314 372 420 464 524 606 607 692 731; 5 1 5 12 9 6 5 6 9 4 9 3 5 8
274.1; 1.129e-07; True; 1 24 107 148 175 248 314 372 464 515 524 584 607 692 731; 4 1 5 12 7 6 6 6 6 4 9 4 5 9
278.6; 1.148e-07; True; 1 24 107 175 228 248 314 372 464 524 584 607 692 731 747; 5 1 5 12 8 6 6 6 8 3 9 4 5 8
279.3; 1.192e-07; True; 1 24 107 175 228 248 314 372 463 464 524 584 607 692 731; 4 1 5 12 7 6 6 6 7 4 9 4 5 8
280.4; 1.239e-07; True; 1 24 118 161 175 248 314 372 420 464 524 606 607 692 859; 5 1 5 11 8 6 5 6 9 4 8 4 5 7
281.6; 1.273e-07; True; 1 24 118 161 175 248 314 372 420 464 524 606 607 692 731; 5 1 5 12 8 7 5 6 9 4 9 4 4 8
282.4; 1.3e-07; True; 1 24 118 161 175 228 248 314 372 420 464 524 606 692 731; 5 1 4 12 9 7 6 6 9 4 8 4 5 7
287.7; 1.382e-07; True; 1 24 107 161 175 228 248 314 372 464 524 584 607 692 731; 5 1 5 12 8 6 6 6 7 4 9 4 5 8
290.8; 1.401e-07; True; 1 14 24 107 175 248 314 372 464 524 584 607 692 731 829; 5 1 5 12 8 6 5 6 7 4 9 5 5 8
291; 1.417e-07; True; 1 24 118 161 175 248 314 372 420 464 524 606 692 731 859; 5 1 5 11 8 7 5 7 8 4 8 4 5 7
293.6; 1.426e-07; True; 1 14 24 107 161 175 248 314 372 464 524 606 607 692 731; 4 1 5 12 9 7 5 6 7 5 9 4 5 8
294.7; 1.462e-07; True; 1 24 107 161 175 248 314 372 464 524 584 606 607 692 731; 5 1 5 12 8 6 5 6 7 5 9 4 5 8
297.5; 1.483e-07; True; 1 24 107 161 175 248 314 372 420 464 524 606 607 692 859; 5 1 5 11 8 6 5 7 8 4 8 4 6 7
298.5; 1.505e-07; True; 1 24 107 118 161 175 248 314 372 420 464 524 606 607 692; 5 1 4 12 8 7 6 6 9 4 8 5 5 7
298.7; 1.585e-07; True; 1 24 107 161 175 248 314 372 420 464 524 606 607 692 731; 5 1 5 12 8 7 5 7 8 4 9 4 5 8
304.6; 1.589e-07; True; 1 14 24 107 161 175 248 314 372 420 464 524 606 692 731; 5 1 4 12 9 8 5 7 7 5 9 4 5 8
305.7; 1.6e-07; True; 1 24 107 161 175 248 314 372 420 464 524 584 606 692 731; 6 1 4 12 8 7 5 7 7 5 9 4 5 8
307.5; 1.638e-07; True; 1 24 107 161 175 248 314 372 420 464 524 606 692 731 859; 5 1 5 11 8 7 5 8 7 4 8 4 6 7
309.2; 1.689e-07; True; 1 24 107 118 161 175 248 314 372 420 464 524 606 692 731; 5 1 4 12 8 8 6 7 8 4 8 5 5 7
311.8; 1.759e-07; True; 1 24 118 161 175 228 248 314 372 420 464 524 606 607 692 859; 5 1 5 12 9 6 6 6 10 4 8 4 6 7
313.1; 1.88e-07; True; 1 24 118 161 175 228 248 314 372 420 464 524 606 607 692 731; 5 1 5 13 9 7 6 6 10 4 9 4 5 8
322.7; 1.915e-07; True; 1 24 118 161 175 248 253 314 372 420 464 524 606 607 692 731; 5 1 5 13 8 7 5 7 9 5 10 4 4 9
323; 1.962e-07; True; 1 24 107 175 228 248 314 372 420 464 515 524 584 607 692 731; 5 1 5 13 7 7 6 7 8 4 10 4 5 9
323.6; 1.99e-07; True; 1 24 118 161 175 248 314 372 420 464 524 606 607 692 731 859; 5 1 6 12 8 7 5 7 9 4 9 4 5 8
325.2; 2.016e-07; True; 1 24 107 148 175 248 314 372 420 464 524 584 606 607 692 731; 5 1 5 13 8 6 6 7 8 4 9 4 6 9
325.9; 2.057e-07; True; 1 24 107 175 228 248 314 372 420 464 524 584 606 607 692 731; 5 1 5 13 8 6 6 7 9 4 9 4 6 8
326.8; 2.129e-07; True; 1 24 107 161 175 228 248 314 372 464 524 584 606 607 692 731; 5 1 5 13 9 6 6 6 8 5 9 4 6 8
330.7; 2.275e-07; True; 1 24 107 161 175 228 248 314 372 420 464 524 606 607 692 731; 5 1 5 13 9 7 6 7 9 4 9 4 6 8
336.8; 2.304e-07; True; 1 14 24 107 161 175 248 314 372 420 464 524 606 607 692 731; 5 1 5 13 9 8 5 7 8 5 10 4 5 9
338; 2.32e-07; True; 1 24 107 161 175 248 314 372 420 464 524 584 606 607 692 731; 6 1 5 13 8 7 5 7 8 5 10 4 5 9
339.6; 2.354e-07; True; 1 24 107 118 161 175 248 314 372 420 464 524 606 607 692 859; 5 1 5 12 8 7 6 7 9 4 8 5 6 7
340.3; 2.355e-07; True; 1 24 107 118 161 175 248 314 372 464 524 584 606 607 692 731; 5 1 5 13 8 7 6 6 8 5 9 5 5 8
341.8; 2.47e-07; True; 1 24 107 118 161 175 248 314 372 420 464 524 606 607 692 731; 5 1 5 13 8 8 6 7 9 4 9 5 5 8
349; 2.519e-07; True; 1 24 107 161 175 248 314 372 420 464 524 606 607 692 731 829; 6 1 5 13 9 7 5 7 9 4 9 5 6 8
351.2; 2.591e-07; True; 1 24 107 118 161 175 248 314 372 420 464 524 606 692 731 859; 5 1 5 12 8 8 6 8 8 4 8 5 6 7
355.9; 2.616e-07; True; 1 24 107 144 161 175 248 314 372 420 464 524 606 607 692 731; 5 1 5 13 9 8 6 7 9 5 9 4 5 8
357.8; 2.637e-07; True; 1 24 118 161 175 228 314 372 420 464 524 584 606 607 692 731 859; 6 1 6 14 8 6 6 7 9 4 9 4 6 8
359.7; 2.684e-07; True; 1 24 107 175 228 248 314 372 463 464 524 584 607 692 731 747 859; 5 1 6 13 8 7 6 7 8 4 10 4 6 9
363.7; 2.744e-07; True; 1 24 107 144 161 175 248 314 372 420 464 524 606 692 731 859; 5 1 5 12 9 8 6 8 8 5 8 4 6 7
365.3; 2.912e-07; True; 1 24 118 161 175 248 314 372 420 464 524 584 606 607 692 731 859; 6 1 6 13 8 7 5 7 9 5 10 4 5 9
366.1; 3.048e-07; True; 1 24 118 161 175 228 248 314 372 420 464 524 584 606 692 731 859; 6 1 5 13 9 7 6 7 9 5 9 4 6 8
371.5; 3.069e-07; True; 1 24 118 161 175 248 314 317 372 420 464 524 606 607 692 731 859; 5 1 6 13 9 8 6 7 9 5 9 4 5 8
372.3; 3.231e-07; True; 1 24 107 148 161 175 248 314 372 420 464 524 584 606 607 692 731; 6 1 5 14 9 7 6 7 8 5 10 4 6 10
378; 3.247e-07; True; 1 24 107 118 161 175 248 314 372 420 464 524 606 607 692 731 770; 6 1 5 14 8 8 6 8 9 4 10 5 5 9
382.1; 3.447e-07; True; 1 14 24 107 161 175 228 248 314 372 420 464 524 607 692 731 829; 6 1 5 14 10 8 6 7 9 4 10 5 6 9
383.7; 3.479e-07; True; 1 24 107 161 175 228 248 314 372 420 464 524 584 606 692 731 859; 6 1 5 13 9 7 6 8 8 5 9 4 7 8
386.7; 3.637e-07; True; 1 24 107 118 161 175 248 314 372 420 464 524 606 607 692 731 859; 5 1 6 13 8 8 6 8 9 4 9 5 6 8
391.8; 3.656e-07; True; 1 24 107 118 161 175 248 314 317 372 420 464 524 606 607 692 731; 5 1 5 14 9 9 7 7 9 5 9 5 5 8
394.5; 3.716e-07; True; 1 24 107 161 175 248 253 314 372 420 464 524 606 607 692 731 829; 6 1 5 14 9 7 5 8 9 5 10 5 6 9
394.9; 3.881e-07; True; 1 24 107 118 161 175 248 314 372 420 464 524 584 606 692 731 859; 6 1 5 13 8 8 6 8 8 5 9 5 6 8
405.1; 3.921e-07; True; 1 24 107 161 175 248 314 372 420 437 464 524 584 606 692 731 859; 6 1 6 12 8 7 6 8 7 5 9 5 6 8
408; 3.948e-07; True; 1 24 107 144 161 175 248 314 372 420 464 524 584 606 692 731 859; 6 1 5 13 9 8 6 8 8 6 9 4 6 8
410.6; 3.95e-07; True; 1 24 107 118 161 175 248 314 372 420 464 524 606 692 731 845 859; 6 1 5 13 9 9 6 8 8 5 8 5 6 8
411.1; 3.954e-07; True; 1 24 118 161 175 248 314 372 420 464 480 524 584 606 692 731 859; 6 1 5 13 9 8 6 7 9 6 9 5 5 8
411.8; 4.037e-07; True; 1 24 107 161 175 228 248 314 372 420 464 480 524 584 607 692 859; 6 1 5 13 9 7 7 7 9 5 9 5 6 8
413.8; 4.222e-07; True; 1 24 107 161 175 228 248 314 372 420 464 480 524 606 607 692 731; 5 1 5 14 10 8 7 7 10 5 9 5 6 8
415.3; 4.377e-07; True; 1 24 107 161 175 228 248 314 372 464 524 584 606 607 692 731 747 859; 6 1 6 14 10 7 6 7 9 5 10 4 7 9
420; 4.631e-07; True; 1 24 107 148 161 175 248 314 372 420 464 524 584 606 607 692 731 859; 6 1 6 14 9 7 6 8 8 5 10 4 7 10
425.7; 4.685e-07; True; 1 14 24 107 161 175 248 314 372 420 464 524 584 606 607 692 731 859; 6 1 6 14 9 8 5 8 8 6 11 4 6 10
427.1; 4.994e-07; True; 1 14 24 107 161 175 228 248 314 372 420 464 524 606 607 692 731 829; 6 1 5 15 11 8 6 7 10 5 10 5 7 9
432.3; 5.324e-07; True; 1 24 107 118 161 175 248 314 372 420 464 524 584 606 607 692 731 859; 6 1 6 14 8 8 6 8 9 5 10 5 6 9
445.8; 5.388e-07; True; 1 24 107 161 175 248 314 317 372 420 464 524 584 607 692 731 829 859; 7 1 6 14 9 8 6 8 8 5 10 5 6 9
448.8; 5.543e-07; True; 1 24 107 161 175 248 314 317 372 420 464 524 606 607 692 731 829 859; 6 1 6 14 10 8 6 8 9 5 9 5 7 8
456.7; 5.546e-07; True; 1 24 107 161 175 248 314 317 372 420 464 524 584 606 692 731 829 859; 7 1 5 14 10 8 6 8 8 6 9 5 7 8
458.4; 5.708e-07; True; 1 24 107 161 175 248 253 314 372 420 437 464 524 606 607 692 731 829; 6 1 6 14 9 7 6 8 9 5 10 6 6 9
459.9; 5.866e-07; True; 1 24 107 144 161 175 248 314 372 420 464 524 606 607 692 731 829 859; 6 1 6 14 10 8 6 8 10 5 9 5 7 8
462.1; 5.913e-07; True; 1 24 107 148 161 175 248 314 372 420 464 480 524 584 607 692 731 859; 6 1 6 14 9 8 7 8 8 5 10 5 6 10
462.5; 6.051e-07; True; 1 24 107 161 175 228 248 314 372 420 464 480 524 606 607 692 731 859; 5 1 6 14 10 8 7 8 10 5 9 5 7 8
469.9; 6.361e-07; True; 1 24 107 161 175 248 314 372 420 464 480 524 584 606 607 692 731 859; 6 1 6 14 9 8 6 8 9 6 10 5 6 9
471.8; 6.435e-07; True; 1 24 107 118 161 175 248 314 372 420 464 480 524 606 607 692 731 859; 5 1 6 14 9 9 7 8 10 5 9 6 6 8
479.5; 6.56e-07; True; 1 24 107 148 175 248 314 317 372 420 464 515 524 584 607 692 731 829 859; 6 1 6 15 9 8 7 8 8 5 10 5 7 10
481.9; 6.626e-07; True; 1 24 107 161 175 248 314 372 420 464 480 524 606 607 692 731 829 859; 6 1 6 14 10 8 6 8 10 5 9 6 7 8
487; 6.714e-07; True; 1 24 107 161 175 248 314 317 372 420 464 480 524 607 692 731 829 859; 6 1 6 14 10 9 7 8 9 5 9 6 6 8
490.5; 7.1e-07; True; 1 24 107 118 161 175 248 314 317 369 372 420 464 524 606 607 692 829 859; 6 1 6 15 10 8 7 8 10 5 8 6 7 8
490.7; 7.18e-07; True; 1 24 107 148 161 175 248 314 317 372 420 464 524 606 607 692 731 829 859; 6 1 6 15 11 8 7 8 9 5 9 5 8 9
493.5; 7.193e-07; True; 1 24 107 161 175 248 314 317 369 372 420 464 524 606 607 692 731 829 859; 6 1 7 15 10 8 6 9 9 5 9 5 7 9
496.6; 7.606e-07; True; 1 24 107 161 175 248 314 317 372 420 464 524 584 606 607 692 731 829 859; 7 1 6 15 10 8 6 8 9 6 10 5 7 9
501.7; 7.646e-07; True; 1 24 107 161 175 248 314 317 372 420 437 464 524 584 606 607 692 731 859; 6 1 7 14 9 8 7 8 8 6 10 5 6 9
505.8; 7.709e-07; True; 1 24 107 161 175 248 314 372 420 437 464 524 584 606 607 692 731 829 859; 7 1 7 14 9 7 6 8 9 5 10 6 7 9
514.5; 8.054e-07; True; 1 24 118 161 175 248 253 314 372 420 464 480 524 606 607 692 731 829 859; 6 1 6 15 10 8 6 8 11 6 10 6 6 9
521.1; 8.36e-07; True; 1 24 107 161 175 228 248 314 317 372 420 464 480 524 606 607 692 731 859; 5 1 6 15 11 9 8 8 10 6 9 5 7 8
523.8; 8.547e-07; True; 1 24 107 148 161 175 248 314 372 420 464 480 524 584 607 692 731 829 859; 7 1 6 15 10 8 7 8 9 5 10 6 7 10
525.5; 8.582e-07; True; 1 24 107 161 175 228 248 314 372 420 464 480 524 606 607 692 731 829 859; 6 1 6 15 11 8 7 8 11 5 9 6 8 8
528.6; 8.748e-07; True; 1 24 107 161 175 248 314 317 372 420 464 480 524 584 606 607 692 731 859; 6 1 6 15 10 9 7 8 9 7 10 5 6 9
532.2; 8.925e-07; True; 1 24 107 161 175 248 253 314 372 420 464 480 524 584 607 692 731 829 859; 7 1 6 15 9 8 6 9 9 6 11 6 6 10
532.6; 9.092e-07; True; 1 24 107 161 175 248 314 372 420 464 480 524 584 606 607 692 731 829 859; 7 1 6 15 10 8 6 8 10 6 10 6 7 9
535.2; 9.241e-07; True; 1 24 107 161 175 248 253 314 372 420 464 480 524 606 607 692 731 829 859; 6 1 6 15 10 8 6 9 10 6 10 6 7 9
540.6; 9.34e-07; True; 1 24 107 161 175 248 314 317 372 420 464 480 524 606 607 692 731 829 859; 6 1 6 15 11 9 7 8 10 6 9 6 7 8
548.1; 9.858e-07; True; 1 24 107 161 175 248 314 317 372 420 464 515 524 584 606 607 692 731 829 859; 7 1 6 16 10 9 6 8 9 7 11 5 7 10
562.6; 1.059e-06; True; 1 24 107 161 175 248 253 314 372 420 437 464 515 524 606 607 692 731 829 859; 6 1 7 15 9 8 6 9 9 6 11 6 7 10
571.7; 1.07e-06; True; 1 24 118 161 175 248 314 317 372 420 464 480 524 584 606 607 692 731 829 859; 7 1 6 16 11 9 7 7 11 7 10 6 6 9
577.3; 1.078e-06; True; 1 24 107 148 161 175 248 314 369 372 420 464 480 515 524 607 692 731 829 859; 6 1 7 16 10 9 7 9 9 5 10 6 7 11
578.5; 1.166e-06; True; 1 24 107 148 161 175 248 314 372 420 464 480 524 584 606 607 692 731 829 859; 7 1 6 16 11 8 7 8 10 6 10 6 8 10
592.3; 1.221e-06; True; 1 24 107 118 161 175 248 314 372 420 464 480 515 524 606 607 692 731 829 859; 6 1 6 16 10 10 7 8 11 6 10 7 7 9
592.9; 1.227e-06; True; 1 24 107 161 175 248 253 314 317 372 420 464 480 524 584 607 692 731 829 859; 7 1 6 16 10 9 7 9 9 7 11 6 6 10
593; 1.255e-06; True; 1 24 107 148 161 175 248 314 317 372 420 464 515 524 584 606 607 692 731 829 859; 7 1 6 17 11 9 7 8 9 7 11 5 8 11
620.2; 1.263e-06; True; 1 24 107 161 175 228 248 314 372 420 464 480 515 524 606 607 692 731 829 835; 6 1 6 16 11 9 7 8 11 6 11 7 7 10
621.7; 1.312e-06; True; 1 24 107 161 175 248 314 372 420 437 464 480 524 606 607 692 731 829 845 859; 7 1 7 15 11 9 7 8 10 6 9 7 7 9
631.7; 1.334e-06; True; 1 24 107 161 175 248 253 314 372 420 464 480 524 606 607 692 731 829 835 859; 6 1 7 15 10 8 6 10 10 6 11 7 7 10
642.5; 1.374e-06; True; 1 24 107 120 161 175 248 314 372 420 464 480 524 584 606 607 692 731 747 829 859; 8 1 6 17 12 10 6 9 11 6 12 6 7 11
649.6; 1.396e-06; True; 1 24 107 161 175 228 248 253 314 372 396 420 464 480 524 584 607 692 829 845 859; 8 1 6 16 11 8 7 9 10 7 10 6 7 10
653.5; 1.469e-06; True; 1 24 107 118 148 161 248 314 317 372 420 437 464 524 606 607 692 731 829 845 859; 7 1 7 16 11 10 8 8 9 6 9 6 8 10
658.2; 1.496e-06; True; 1 24 107 148 161 175 248 314 372 420 464 480 524 584 606 607 692 731 770 835 859; 7 1 7 16 10 8 7 10 9 6 12 6 7 12
678.5; 1.569e-06; True; 1 24 107 118 161 175 248 314 372 420 437 464 480 524 584 606 607 692 829 845 859; 8 1 6 16 11 9 8 7 11 7 9 8 7 9
685.3; 1.661e-06; True; 1 14 24 107 161 175 248 314 372 420 437 464 480 524 606 607 692 731 829 846 859; 6 1 7 16 11 9 8 8 10 6 10 8 8 9
708.1; 1.691e-06; True; 1 24 107 161 175 225 248 314 317 372 420 464 480 524 606 607 692 731 829 835 859; 7 1 7 16 11 9 7 9 11 6 10 7 8 9
714.8; 1.847e-06; True; 1 24 107 161 175 248 314 317 372 420 464 480 524 606 607 692 731 829 835 845 859; 7 1 7 16 12 10 7 9 10 7 10 7 7 10
737.7; 1.967e-06; True; 1 24 107 118 137 144 161 248 314 372 420 437 464 524 584 606 607 692 731 829 845 859; 9 1 7 16 11 10 7 8 10 7 11 7 7 11
755.1; 1.977e-06; True; 1 24 107 118 144 175 248 253 314 372 420 437 464 468 480 524 584 607 692 731 829 859; 6 1 7 16 9 9 9 9 11 6 10 9 7 9
772.6; 2.109e-06; True; 1 24 107 161 175 248 314 317 372 420 464 480 524 550 584 607 692 731 820 829 835 859; 7 1 7 16 11 9 8 9 11 7 11 7 7 10
779.9; 2.169e-06; True; 1 24 107 148 175 248 314 317 372 420 463 464 480 524 584 606 692 731 735 829 835 859; 6 1 7 16 11 9 8 10 9 7 10 8 8 10
797; 2.221e-06; True; 1 24 107 161 175 206 248 314 317 372 420 464 480 524 606 607 678 692 731 829 845 859; 8 1 7 17 13 10 8 9 10 7 11 7 7 10
805.6; 2.28e-06; True; 1 24 107 144 161 175 248 253 314 317 372 420 464 480 524 584 607 692 731 735 829 835; 7 1 7 17 11 10 8 10 10 8 12 8 5 11
841.7; 2.324e-06; True; 1 24 66 107 161 175 228 314 372 420 464 480 524 606 607 692 731 753 829 835 845 859; 8 1 8 17 11 8 7 10 11 6 9 8 9 10
855.5; 2.37e-06; True; 1 24 107 148 161 175 248 253 314 372 420 464 480 524 528 606 692 707 731 781 829 845 859; 7 1 6 19 13 9 9 10 11 7 9 8 8 10
865.2; 2.506e-06; True; 1 4 24 107 161 175 228 248 314 317 372 420 437 480 524 606 607 692 731 735 829 845 859; 6 1 8 17 13 10 9 9 12 7 8 8 8 8
871; 2.692e-06; True; 1 24 66 107 144 175 248 314 317 372 420 464 480 524 606 607 678 692 731 747 829 845 859; 7 1 6 18 14 11 9 9 13 8 10 7 8 9
930.7; 2.732e-06; True; 1 24 47 107 144 161 228 248 253 314 372 420 464 480 524 678 692 735 829 835 845 846 859; 7 1 7 16 13 9 9 12 9 7 10 8 8 9
955.9; 2.761e-06; True; 1 66 107 138 144 161 248 314 317 372 420 464 480 515 524 550 606 692 731 735 747 835 859; 6 1 6 15 11 11 9 9 11 9 10 8 8 9
962.4; 2.897e-06; True; 1 24 107 114 144 161 175 248 314 372 420 464 480 515 524 584 606 682 692 717 731 770 835 859; 7 1 7 18 12 10 8 10 10 8 12 8 7 11
965.5; 3.281e-06; True; 1 24 107 144 161 175 248 314 317 372 420 437 464 480 524 606 607 617 692 731 829 835 845 859; 7 1 8 17 14 11 9 9 11 8 10 8 7 10
984.4; 3.61e-06; True; 1 24 107 144 161 228 248 253 314 372 420 422 464 480 524 606 607 678 692 731 829 835 846 859; 7 1 7 18 12 9 9 11 12 7 13 8 9 10
1015; 3.955e-06; True; 1 24 95 107 144 161 248 253 314 372 420 464 480 524 584 606 692 731 735 781 829 845 846 859; 8 1 7 19 12 11 8 11 9 9 10 9 9 10
1130; 4.1e-06; True; 1 24 107 129 161 175 248 314 372 420 464 480 485 524 584 606 607 692 731 735 747 829 835 845 859 861; 10 1 8 20 13 10 7 10 12 7 14 9 8 14
