M: 16
Instance: 1
Algorithm: NSGA-II
Iteration: 1000
Population Size: 1000
Required Skills: 0 1 4 5 9 10 11 12 14 15 16 18 22 23 24 26
Distance; Skill Score; isValid; Team; Skill Counts
22.67; 2.278e-17; True; 1 152 373 695; 2 1 1 3 2 1 1 2 1 1 2 1 1 1 2 1
24.56; 3.252e-17; True; 1 152 373 527; 1 1 1 3 2 2 1 2 1 1 3 1 1 1 2 1
33.45; 2.699e-16; True; 1 152 315 373 695; 3 1 1 3 3 1 2 2 2 1 2 1 1 2 2 1
34.47; 2.765e-16; True; 1 152 162 373 695; 3 1 1 4 3 2 1 2 1 2 3 1 1 1 3 1
34.48; 3.009e-16; True; 1 152 373 422 695; 3 1 1 4 2 2 1 3 2 1 3 1 1 1 3 1
35.31; 4.06e-16; True; 1 152 373 609 695; 2 1 1 4 3 1 1 2 2 2 2 1 2 2 2 1
37.31; 5.112e-16; True; 1 152 315 373 527; 2 1 1 3 3 2 2 2 2 1 3 1 1 2 2 1
38.26; 6.831e-16; True; 1 29 152 373 527; 2 1 1 4 3 2 1 3 2 1 4 1 2 1 3 1
39.43; 1.909e-15; True; 1 152 373 527 695; 2 1 1 4 3 2 2 2 2 1 3 2 2 2 2 1
47.01; 2.636e-15; True; 1 119 152 162 373 695; 3 1 1 5 3 3 2 2 2 2 3 2 1 1 3 1
49.11; 3.27e-15; True; 1 152 162 373 609 695; 3 1 1 5 4 2 1 2 2 3 3 1 2 2 3 1
49.12; 3.961e-15; True; 1 152 373 422 609 695; 3 1 1 5 3 2 1 3 3 2 3 1 2 2 3 1
52.8; 4.643e-15; True; 1 24 152 373 609 695; 2 1 2 5 4 2 1 3 2 2 3 1 2 2 3 1
52.96; 5.195e-15; True; 1 29 152 373 527 849; 3 1 1 5 4 3 1 3 2 2 4 1 3 1 4 1
53.16; 5.208e-15; True; 1 19 29 373 527 849; 2 1 1 5 4 2 2 3 2 3 3 1 3 1 3 1
53.17; 8.602e-15; True; 1 152 315 373 527 695; 3 1 1 4 4 2 3 2 3 1 3 2 2 3 2 1
55.08; 9.033e-15; True; 1 152 373 527 610 695; 2 1 2 5 3 2 2 2 3 1 4 2 2 2 3 1
55.15; 1.248e-14; True; 1 152 373 422 527 695; 3 1 1 5 3 3 2 3 3 1 4 2 2 2 3 1
56; 1.373e-14; True; 1 152 162 373 527 695; 3 1 1 5 4 3 2 2 2 2 4 2 2 2 3 1
57.04; 1.506e-14; True; 1 29 152 373 527 695; 3 1 1 5 4 2 2 3 3 1 4 2 3 2 3 1
57.11; 1.629e-14; True; 1 152 373 527 695 849; 3 1 1 5 4 3 2 2 2 2 3 2 3 2 3 1
61.98; 1.689e-14; True; 1 19 162 373 422 609 695; 3 1 1 6 4 2 2 3 3 4 3 1 2 2 3 1
63.69; 1.732e-14; True; 1 152 373 483 527 695; 2 1 1 5 4 3 3 2 3 2 3 3 2 2 2 1
63.94; 1.823e-14; True; 1 152 162 176 373 609 695; 3 1 1 6 5 2 2 2 3 3 3 2 2 2 3 1
63.95; 2.073e-14; True; 1 152 176 373 422 609 695; 3 1 1 6 4 2 2 3 4 2 3 2 2 2 3 1
64.01; 2.329e-14; True; 1 119 152 162 373 609 695; 3 1 1 6 4 3 2 2 3 3 3 2 2 2 3 1
64.56; 2.511e-14; True; 1 119 152 373 422 609 695; 3 1 1 6 3 3 2 3 4 2 3 2 2 2 3 1
67.56; 2.588e-14; True; 1 24 152 176 373 609 695; 2 1 2 6 5 2 2 3 3 2 3 2 2 2 3 1
68.38; 2.643e-14; True; 1 24 152 315 373 609 695; 3 1 2 5 5 2 2 3 3 2 3 1 2 3 3 1
68.49; 2.801e-14; True; 1 119 152 373 467 609 695; 3 1 2 6 3 2 2 3 3 2 3 2 2 2 3 1
68.76; 2.806e-14; True; 1 162 293 373 422 527 695; 3 1 1 5 4 3 2 3 3 2 4 2 2 2 3 1
68.96; 3.063e-14; True; 1 152 315 373 527 695 863; 3 1 2 4 4 2 3 3 3 1 3 2 2 4 2 1
69; 3.336e-14; True; 1 19 315 373 467 527 695; 3 1 2 5 4 1 4 3 3 2 3 2 2 3 2 1
70.05; 3.977e-14; True; 1 19 315 373 422 527 695; 3 1 1 5 4 2 4 3 4 2 3 2 2 3 2 1
70.84; 4.985e-14; True; 1 152 315 373 467 527 695; 4 1 2 5 4 2 3 3 3 1 4 2 2 3 3 1
72.59; 5.952e-14; True; 1 152 162 373 422 527 695; 4 1 1 6 4 4 2 3 3 2 5 2 2 2 4 1
72.69; 5.988e-14; True; 1 19 162 373 422 527 695; 3 1 1 6 4 3 3 3 3 3 4 2 2 2 3 1
73.73; 7.366e-14; True; 1 152 373 422 527 609 695; 3 1 1 6 4 3 2 3 4 2 4 2 3 3 3 1
74.64; 8.218e-14; True; 1 152 373 467 527 609 695; 3 1 2 6 4 2 2 3 3 2 4 2 3 3 3 1
75.68; 8.575e-14; True; 1 29 152 373 527 695 849; 4 1 1 6 5 3 2 3 3 2 4 2 4 2 4 1
77.46; 9.197e-14; True; 1 24 152 373 527 609 695; 2 1 2 6 5 3 2 3 3 2 4 2 3 3 3 1
79.55; 9.347e-14; True; 1 24 152 373 527 695 849; 3 1 2 6 5 4 2 3 2 2 4 2 3 2 4 1
79.58; 9.541e-14; True; 1 119 152 162 373 422 609 695; 4 1 1 7 4 4 2 3 4 3 4 2 2 2 4 1
83.78; 9.821e-14; True; 1 19 162 373 422 609 685 695; 3 1 2 7 5 2 2 3 3 4 3 2 3 2 3 1
85.24; 1.06e-13; True; 1 24 152 176 315 373 518 695; 3 1 2 6 5 3 3 3 3 2 4 2 2 2 4 1
85.28; 1.118e-13; True; 1 152 373 467 483 527 695; 3 1 2 6 4 3 3 3 3 2 4 3 2 2 3 1
85.6; 1.195e-13; True; 1 119 152 162 373 467 609 695; 4 1 2 7 4 3 2 3 3 3 4 2 2 2 4 1
86.87; 1.26e-13; True; 1 19 315 373 422 527 695 863; 3 1 2 5 4 2 4 4 4 2 3 2 2 4 2 1
87.59; 1.459e-13; True; 1 19 121 315 373 467 527 695; 3 1 2 6 5 2 4 4 3 2 4 2 2 3 3 1
89.5; 1.564e-13; True; 1 19 315 373 422 527 610 695; 3 1 2 6 4 2 4 3 5 2 4 2 2 3 3 1
90.35; 1.729e-13; True; 1 19 315 373 467 527 695 751; 4 1 2 6 5 2 4 3 4 2 4 2 2 3 3 1
90.42; 1.807e-13; True; 1 19 162 315 373 422 527 695; 4 1 1 6 5 3 4 3 4 3 4 2 2 3 3 1
90.6; 2.039e-13; True; 1 19 315 373 422 467 527 695; 4 1 2 6 4 2 4 4 4 2 4 2 2 3 3 1
91.27; 2.139e-13; True; 1 19 24 315 373 467 527 695; 3 1 3 6 5 2 4 4 3 2 4 2 2 3 3 1
91.34; 2.231e-13; True; 1 19 162 373 422 527 609 695; 3 1 1 7 5 3 3 3 4 4 4 2 3 3 3 1
91.53; 2.252e-13; True; 1 19 315 373 467 518 527 695; 3 1 2 6 4 2 4 3 3 3 4 2 3 3 3 1
92.24; 2.482e-13; True; 1 152 315 373 467 527 609 695; 4 1 2 6 5 2 3 3 4 2 4 2 3 4 3 1
93.17; 2.494e-13; True; 1 152 162 373 422 527 609 695; 4 1 1 7 5 4 2 3 4 3 5 2 3 3 4 1
93.3; 2.52e-13; True; 1 19 24 315 373 518 527 695; 2 1 2 6 5 3 4 3 3 3 4 2 3 3 3 1
93.4; 2.831e-13; True; 1 19 373 422 467 527 609 695; 3 1 2 7 4 2 3 4 4 3 4 2 3 3 3 1
95.31; 3.159e-13; True; 1 152 373 422 467 527 609 695; 4 1 2 7 4 3 2 4 4 2 5 2 3 3 4 1
96.06; 3.168e-13; True; 1 19 24 373 422 527 609 695; 2 1 2 7 5 3 3 4 4 3 4 2 3 3 3 1
98.01; 3.314e-13; True; 1 24 152 373 467 527 609 695; 3 1 3 7 5 3 2 4 3 2 5 2 3 3 4 1
98.98; 3.527e-13; True; 1 24 152 373 422 527 609 695; 3 1 2 7 5 4 2 4 4 2 5 2 3 3 4 1
101.1; 4.007e-13; True; 1 19 24 29 373 527 695 849; 3 1 2 7 6 3 3 4 3 3 4 2 4 2 4 1
105.7; 4.165e-13; True; 1 119 152 162 373 422 609 685 695; 4 1 2 8 5 4 2 3 4 3 4 3 3 2 4 1
107.6; 4.31e-13; True; 1 24 152 176 315 373 518 609 695; 3 1 2 7 6 3 3 3 4 3 4 2 3 3 4 1
108.4; 4.456e-13; True; 1 19 176 315 373 422 467 527 695; 4 1 2 7 5 2 5 4 5 2 4 3 2 3 3 1
109; 4.831e-13; True; 1 19 24 176 315 373 467 527 695; 3 1 3 7 6 2 5 4 4 2 4 3 2 3 3 1
109.3; 5.242e-13; True; 1 19 176 315 373 467 518 527 695; 3 1 2 7 5 2 5 3 4 3 4 3 3 3 3 1
110; 5.278e-13; True; 1 19 121 315 373 467 527 609 695; 3 1 2 7 6 2 4 4 4 3 4 2 3 4 3 1
110.2; 5.723e-13; True; 1 19 162 315 373 422 527 695 863; 4 1 2 6 5 3 4 4 4 3 4 2 2 4 3 1
111.6; 5.727e-13; True; 1 152 176 315 373 467 527 587 695; 5 1 2 7 5 2 4 3 4 2 5 3 3 3 4 1
111.9; 5.944e-13; True; 1 19 162 315 373 422 527 610 695; 4 1 2 7 5 3 4 3 5 3 5 2 2 3 4 1
112.1; 7.137e-13; True; 1 19 315 373 422 467 527 609 695; 4 1 2 7 5 2 4 4 5 3 4 2 3 4 3 1
112.9; 7.332e-13; True; 1 19 162 373 422 527 609 610 695; 3 1 2 8 5 3 3 3 5 4 5 2 3 3 4 1
113.6; 7.737e-13; True; 1 19 24 315 373 467 527 609 695; 3 1 3 7 6 2 4 4 4 3 4 2 3 4 3 1
114.3; 7.873e-13; True; 1 19 24 315 373 467 527 587 695; 4 1 3 7 5 2 4 4 3 3 5 2 3 3 4 1
114.4; 8.254e-13; True; 1 19 24 249 315 373 467 527 695; 3 1 3 6 6 3 4 4 4 3 5 2 2 3 4 1
114.8; 9.079e-13; True; 1 19 24 315 373 467 518 527 695; 3 1 3 7 5 3 4 4 3 3 5 2 3 3 4 1
115.8; 9.56e-13; True; 1 19 162 373 422 467 527 609 695; 4 1 2 8 5 3 3 4 4 4 5 2 3 3 4 1
118.4; 9.708e-13; True; 1 24 152 315 373 467 527 609 695; 4 1 3 7 6 3 3 4 4 2 5 2 3 4 4 1
118.8; 9.918e-13; True; 1 119 152 162 373 467 527 609 695; 4 1 2 8 5 4 3 3 4 3 5 3 3 3 4 1
119.3; 1.036e-12; True; 1 19 24 162 373 422 527 609 695; 3 1 2 8 6 4 3 4 4 4 5 2 3 3 4 1
119.5; 1.07e-12; True; 1 19 24 373 422 467 527 609 695; 3 1 3 8 5 3 3 5 4 3 5 2 3 3 4 1
121; 1.073e-12; True; 1 19 373 422 467 527 609 695 849; 4 1 2 8 5 3 3 4 4 4 4 2 4 3 4 1
123.4; 1.184e-12; True; 1 19 24 29 373 422 527 609 695; 3 1 2 8 6 3 3 5 5 3 5 2 4 3 4 1
126.5; 1.209e-12; True; 1 19 24 29 373 422 527 695 849; 4 1 2 8 6 4 3 5 4 3 5 2 4 2 5 1
126.8; 1.228e-12; True; 1 29 96 152 373 467 527 695 849; 5 1 2 8 6 4 3 4 3 2 5 3 4 3 5 1
127.3; 1.245e-12; True; 1 24 29 152 373 527 609 695 849; 4 1 2 8 7 4 2 4 4 3 5 2 5 3 5 1
128.7; 1.459e-12; True; 1 19 152 373 422 467 527 609 695; 4 1 2 8 5 3 3 4 4 3 5 2 3 3 4 2
131.3; 1.484e-12; True; 1 19 24 152 373 467 527 609 695; 3 1 3 8 6 3 3 4 3 3 5 2 3 3 4 2
132.3; 1.58e-12; True; 1 19 24 152 373 422 527 609 695; 3 1 2 8 6 4 3 4 4 3 5 2 3 3 4 2
133.3; 1.609e-12; True; 1 19 24 176 315 373 467 527 609 695; 3 1 3 8 7 2 5 4 5 3 4 3 3 4 3 1
133.8; 1.621e-12; True; 1 19 162 315 373 422 527 609 695 863; 4 1 2 7 6 3 4 4 5 4 4 2 3 5 3 1
133.9; 1.777e-12; True; 1 19 24 176 315 373 467 527 587 695; 4 1 3 8 6 2 5 4 4 3 5 3 3 3 4 1
134.4; 2.049e-12; True; 1 19 24 176 315 373 467 518 527 695; 3 1 3 8 6 3 5 4 4 3 5 3 3 3 4 1
136.6; 2.159e-12; True; 1 19 162 176 373 422 467 527 609 695; 4 1 2 9 6 3 4 4 5 4 5 3 3 3 4 1
137.4; 2.201e-12; True; 1 19 162 315 373 422 467 527 609 695; 5 1 2 8 6 3 4 4 5 4 5 2 3 4 4 1
138.8; 2.388e-12; True; 1 19 24 315 373 467 518 527 587 695; 4 1 3 8 5 3 4 4 3 4 6 2 4 3 5 1
138.9; 2.51e-12; True; 1 19 24 249 315 373 467 518 527 695; 3 1 3 7 6 4 4 4 4 4 6 2 3 3 5 1
139.7; 2.534e-12; True; 1 19 119 162 373 422 467 527 609 695; 4 1 2 9 5 4 4 4 5 4 5 3 3 3 4 1
140.1; 2.594e-12; True; 1 19 24 315 373 467 518 527 609 695; 3 1 3 8 6 3 4 4 4 4 5 2 4 4 4 1
141; 2.617e-12; True; 1 19 24 315 373 422 467 527 609 695; 4 1 3 8 6 3 4 5 5 3 5 2 3 4 4 1
143.7; 2.653e-12; True; 1 24 152 176 373 467 527 587 609 695; 4 1 3 9 6 3 3 4 4 3 6 3 4 3 5 1
144.2; 2.726e-12; True; 1 24 152 176 373 467 518 527 609 695; 3 1 3 9 6 4 3 4 4 3 6 3 4 3 5 1
145.5; 2.782e-12; True; 1 24 152 249 315 373 467 527 609 695; 4 1 3 7 7 4 3 4 5 3 6 2 3 4 5 1
145.6; 2.815e-12; True; 1 19 24 373 422 467 527 587 609 695; 4 1 3 9 5 3 3 5 4 4 6 2 4 3 5 1
145.7; 2.825e-12; True; 1 19 24 162 373 422 467 527 609 695; 4 1 3 9 6 4 3 5 4 4 6 2 3 3 5 1
145.9; 2.951e-12; True; 1 24 152 315 373 467 518 527 609 695; 4 1 3 8 6 4 3 4 4 3 6 2 4 4 5 1
149.2; 3.001e-12; True; 1 19 24 29 315 373 518 527 695 735; 3 1 3 8 6 4 4 5 4 3 6 2 4 3 5 1
149.5; 3.006e-12; True; 1 29 119 152 162 373 467 527 609 695; 5 1 2 9 6 4 3 4 5 3 6 3 4 3 5 1
149.6; 3.069e-12; True; 1 19 24 29 162 373 422 527 609 695; 4 1 2 9 7 4 3 5 5 4 6 2 4 3 5 1
150.7; 3.107e-12; True; 1 24 152 315 373 467 527 609 695 849; 5 1 3 8 7 4 3 4 4 3 5 2 4 4 5 1
150.9; 3.294e-12; True; 1 19 24 373 422 467 527 609 695 849; 4 1 3 9 6 4 3 5 4 4 5 2 4 3 5 1
151.3; 3.295e-12; True; 1 19 152 176 373 422 467 527 609 695; 4 1 2 9 6 3 4 4 5 3 5 3 3 3 4 2
151.9; 3.355e-12; True; 1 19 24 29 373 422 527 609 695 849; 4 1 2 9 7 4 3 5 5 4 5 2 5 3 5 1
152.1; 3.359e-12; True; 1 19 152 315 373 422 467 527 609 695; 5 1 2 8 6 3 4 4 5 3 5 2 3 4 4 2
153.9; 3.507e-12; True; 1 19 24 152 176 373 467 527 609 695; 3 1 3 9 7 3 4 4 4 3 5 3 3 3 4 2
154.6; 3.797e-12; True; 1 19 24 152 315 373 467 527 609 695; 4 1 3 8 7 3 4 4 4 3 5 2 3 4 4 2
156.1; 3.866e-12; True; 1 19 119 152 373 422 467 527 609 695; 4 1 2 9 5 4 4 4 5 3 5 3 3 3 4 2
157.8; 4.064e-12; True; 1 19 24 176 315 373 467 518 527 610 695; 3 1 4 9 6 3 5 4 5 3 6 3 3 3 5 1
159.1; 4.526e-12; True; 19 24 176 249 373 467 518 527 587 695 735; 3 1 3 9 6 5 4 4 4 4 7 3 4 2 6 1
160.1; 4.629e-12; True; 1 19 162 176 373 422 467 527 609 610 695; 4 1 3 10 6 3 4 4 6 4 6 3 3 3 5 1
160.4; 5.39e-12; True; 1 19 24 176 315 373 467 518 527 587 695; 4 1 3 9 6 3 5 4 4 4 6 3 4 3 5 1
161.7; 5.395e-12; True; 1 19 24 176 315 373 467 518 527 609 695; 3 1 3 9 7 3 5 4 5 4 5 3 4 4 4 1
162.5; 5.538e-12; True; 1 19 24 176 315 373 466 467 518 527 695; 3 1 3 9 6 4 5 4 4 4 6 3 4 3 5 1
164.5; 5.809e-12; True; 1 19 24 249 315 373 467 518 527 587 695; 4 1 3 8 6 4 4 4 4 5 7 2 4 3 6 1
166.4; 5.811e-12; True; 1 19 24 176 373 467 527 587 609 695 735; 3 1 4 10 6 3 4 5 4 4 6 3 4 3 5 1
167; 5.999e-12; True; 1 19 24 315 373 467 518 527 587 609 695; 4 1 3 9 6 3 4 4 4 5 6 2 5 4 5 1
167.1; 6.197e-12; True; 1 19 24 249 315 373 467 518 527 609 695; 3 1 3 8 7 4 4 4 5 5 6 2 4 4 5 1
167.6; 6.465e-12; True; 1 19 24 315 373 467 518 527 609 695 735; 3 1 4 9 6 4 4 5 4 4 6 2 4 4 5 1
168.5; 6.543e-12; True; 1 24 152 176 315 373 467 518 527 609 695; 4 1 3 9 7 4 4 4 5 3 6 3 4 4 5 1
171.3; 7.072e-12; True; 1 19 24 315 373 422 467 518 527 609 695; 4 1 3 9 6 4 4 5 5 4 6 2 4 4 5 1
175.5; 7.302e-12; True; 1 19 24 176 373 422 467 527 609 695 849; 4 1 3 10 7 4 4 5 5 4 5 3 4 3 5 1
176.3; 7.446e-12; True; 1 19 24 315 373 422 467 527 609 695 849; 5 1 3 9 7 4 4 5 5 4 5 2 4 4 5 1
176.5; 7.459e-12; True; 1 19 24 119 373 422 467 527 587 609 695; 4 1 3 10 5 4 4 5 5 4 6 3 4 3 5 1
178.3; 7.804e-12; True; 1 19 24 152 176 315 373 467 527 609 695; 4 1 3 9 8 3 5 4 5 3 5 3 3 4 4 2
179.5; 8.105e-12; True; 1 19 24 152 176 315 373 467 518 527 695; 4 1 3 9 7 4 5 4 4 3 6 3 3 3 5 2
181.5; 8.186e-12; True; 1 19 24 29 315 373 527 609 695 735 849; 4 1 3 9 8 4 4 5 5 4 5 2 5 4 5 1
181.8; 8.201e-12; True; 1 19 24 119 373 422 467 527 609 695 849; 4 1 3 10 6 5 4 5 5 4 5 3 4 3 5 1
182.8; 9.03e-12; True; 1 19 119 152 162 373 422 467 527 609 695; 5 1 2 10 6 5 4 4 5 4 6 3 3 3 5 2
183.9; 9.222e-12; True; 1 19 24 152 176 373 467 527 587 609 695; 4 1 3 10 7 3 4 4 4 4 6 3 4 3 5 2
184.3; 9.558e-12; True; 1 19 24 152 176 373 422 467 527 609 695; 4 1 3 10 7 4 4 5 5 3 6 3 3 3 5 2
185.7; 1.003e-11; True; 1 19 24 176 315 373 467 518 527 587 610 695; 4 1 4 10 6 3 5 4 5 4 7 3 4 3 6 1
186; 1.026e-11; True; 1 19 24 152 315 373 467 518 527 609 695; 4 1 3 9 7 4 4 4 4 4 6 2 4 4 5 2
187; 1.145e-11; True; 19 24 176 249 315 373 467 518 527 587 695 735; 4 1 3 9 7 5 5 4 5 4 7 3 4 3 6 1
188; 1.208e-11; True; 1 19 24 176 249 315 373 467 518 527 587 695; 4 1 3 9 7 4 5 4 5 5 7 3 4 3 6 1
188.8; 1.26e-11; True; 1 19 24 176 315 373 467 518 527 587 695 735; 4 1 4 10 6 4 5 5 4 4 7 3 4 3 6 1
191.2; 1.344e-11; True; 1 19 24 176 315 373 467 518 527 609 695 735; 3 1 4 10 7 4 5 5 5 4 6 3 4 4 5 1
194.9; 1.413e-11; True; 1 19 24 176 315 373 422 467 518 527 609 695; 4 1 3 10 7 4 5 5 6 4 6 3 4 4 5 1
198.3; 1.426e-11; True; 1 24 152 176 315 373 467 518 527 587 609 695; 5 1 3 10 7 4 4 4 5 4 7 3 5 4 6 1
198.9; 1.437e-11; True; 1 24 152 176 315 373 467 518 527 609 695 735; 4 1 4 10 7 5 4 5 5 3 7 3 4 4 6 1
199.6; 1.462e-11; True; 1 24 152 176 315 373 466 467 518 527 609 695; 4 1 3 10 7 5 4 4 5 4 7 3 5 4 6 1
201.6; 1.489e-11; True; 1 19 24 249 315 373 467 518 527 587 656 695; 4 1 3 8 6 4 4 4 5 5 7 3 5 4 6 1
202.4; 1.525e-11; True; 1 19 24 315 373 467 518 527 587 656 695 735; 4 1 4 9 5 4 4 5 4 4 7 3 5 4 6 1
202.7; 1.562e-11; True; 1 19 24 249 315 373 467 527 587 656 695 735; 4 1 4 8 6 4 4 5 5 4 7 3 4 4 6 1
204.9; 1.564e-11; True; 1 19 24 119 315 373 467 527 587 609 695 735; 4 1 4 10 6 4 5 5 5 4 6 3 4 4 5 1
205.7; 1.587e-11; True; 1 19 24 119 315 373 422 467 518 527 609 695; 4 1 3 10 6 5 5 5 6 4 6 3 4 4 5 1
206.3; 1.591e-11; True; 1 19 24 315 373 467 518 527 609 695 735 833; 4 1 4 10 7 4 4 5 5 4 6 3 4 5 5 1
207.1; 1.617e-11; True; 1 19 152 162 176 373 422 467 527 609 610 695; 5 1 3 11 7 4 4 4 6 4 7 3 3 3 6 2
207.7; 1.634e-11; True; 1 19 24 315 373 422 467 518 527 609 685 695; 4 1 4 10 7 4 4 5 5 4 6 3 5 4 5 1
208.8; 1.742e-11; True; 1 19 24 108 249 315 373 467 518 527 587 695; 4 1 3 9 6 5 5 5 4 5 7 3 4 4 6 1
210.3; 1.883e-11; True; 1 19 24 152 176 315 373 467 518 527 587 695; 5 1 3 10 7 4 5 4 4 4 7 3 4 3 6 2
211.1; 1.933e-11; True; 1 19 24 152 176 315 373 467 527 587 609 695; 5 1 3 10 8 3 5 4 5 4 6 3 4 4 5 2
211.6; 2.109e-11; True; 1 19 24 152 176 315 373 467 518 527 609 695; 4 1 3 10 8 4 5 4 5 4 6 3 4 4 5 2
216.5; 2.156e-11; True; 1 19 24 152 176 373 467 527 587 609 695 735; 4 1 4 11 7 4 4 5 4 4 7 3 4 3 6 2
216.7; 2.209e-11; True; 19 24 176 249 315 373 466 467 518 527 587 695 735; 4 1 3 10 7 6 5 4 5 5 8 3 5 3 7 1
217.3; 2.221e-11; True; 1 19 24 152 176 373 422 467 527 587 609 695; 5 1 3 11 7 4 4 5 5 4 7 3 4 3 6 2
217.4; 2.54e-11; True; 1 19 24 176 249 315 373 467 518 527 587 695 735; 4 1 4 10 7 5 5 5 5 5 8 3 4 3 7 1
221.1; 2.689e-11; True; 1 19 24 176 249 315 373 467 518 527 609 695 735; 3 1 4 10 8 5 5 5 6 5 7 3 4 4 6 1
222; 2.916e-11; True; 1 19 24 176 315 373 467 518 527 587 609 695 735; 4 1 4 11 7 4 5 5 5 5 7 3 5 4 6 1
228.3; 2.982e-11; True; 1 19 24 176 315 373 422 467 518 527 609 695 735; 4 1 4 11 7 5 5 6 6 4 7 3 4 4 6 1
230.7; 2.998e-11; True; 1 24 152 176 315 373 467 518 527 587 609 695 735; 5 1 4 11 7 5 4 5 5 4 8 3 5 4 7 1
232; 3.132e-11; True; 1 19 24 249 315 373 467 518 527 587 656 695 735; 4 1 4 9 6 5 4 5 5 5 8 3 5 4 7 1
235.2; 3.198e-11; True; 1 19 24 29 176 315 373 467 518 527 609 695 735; 4 1 4 11 8 4 5 6 6 4 7 3 5 4 6 1
237.2; 3.275e-11; True; 1 19 24 119 315 373 467 518 527 587 609 695 735; 4 1 4 11 6 5 5 5 5 5 7 3 5 4 6 1
239.6; 3.354e-11; True; 1 19 24 152 176 315 373 467 518 527 587 610 695; 5 1 4 11 7 4 5 4 5 4 8 3 4 3 7 2
240.2; 3.385e-11; True; 1 19 24 108 249 315 373 467 518 527 587 695 735; 4 1 4 10 6 6 5 6 4 5 8 3 4 4 7 1
240.3; 3.456e-11; True; 1 19 24 152 176 315 373 467 527 587 609 610 695; 5 1 4 11 8 3 5 4 6 4 7 3 4 4 6 2
240.9; 3.77e-11; True; 1 19 24 152 176 315 373 467 518 527 609 610 695; 4 1 4 11 8 4 5 4 6 4 7 3 4 4 6 2
243.7; 3.96e-11; True; 1 19 24 152 176 315 373 467 518 527 587 695 735; 5 1 4 11 7 5 5 5 4 4 8 3 4 3 7 2
245.4; 4.308e-11; True; 1 19 24 152 176 315 373 467 518 527 587 609 695; 5 1 3 11 8 4 5 4 5 5 7 3 5 4 6 2
246; 4.632e-11; True; 1 19 24 152 176 315 373 467 518 527 609 695 735; 4 1 4 11 8 5 5 5 5 4 7 3 4 4 6 2
251.1; 4.681e-11; True; 1 19 24 176 315 373 467 518 527 587 609 610 695 735; 4 1 5 12 7 4 5 5 6 5 8 3 5 4 7 1
253.1; 4.713e-11; True; 1 14 19 24 176 315 373 467 518 527 587 609 695 735; 4 1 4 12 8 5 5 5 5 6 8 3 5 4 7 1
253.5; 5.362e-11; True; 1 19 24 176 249 315 373 467 518 527 587 609 695 735; 4 1 4 11 8 5 5 5 6 6 8 3 5 4 7 1
255.7; 5.39e-11; True; 1 19 24 176 315 373 466 467 518 527 587 609 695 735; 4 1 4 12 7 5 5 5 5 6 8 3 6 4 7 1
260.5; 5.572e-11; True; 1 19 24 176 249 315 373 467 518 527 587 656 695 735; 4 1 4 10 7 5 5 5 6 5 8 4 5 4 7 1
262.1; 5.832e-11; True; 1 19 24 176 315 373 422 467 518 527 587 609 695 735; 5 1 4 12 7 5 5 6 6 5 8 3 5 4 7 1
267; 5.953e-11; True; 1 19 24 176 293 315 373 467 518 527 587 609 695 735; 4 1 4 11 8 4 5 5 5 5 7 3 5 4 6 2
268.6; 6.019e-11; True; 1 19 24 108 176 249 315 373 467 518 527 587 695 735; 4 1 4 11 7 6 6 6 5 5 8 4 4 4 7 1
270.1; 6.027e-11; True; 1 19 24 249 315 373 467 518 527 587 609 656 695 735; 4 1 4 10 7 5 4 5 6 6 8 3 6 5 7 1
271.5; 6.038e-11; True; 1 19 24 108 152 315 373 422 467 518 527 609 695; 5 1 3 11 7 6 5 6 5 4 7 3 4 5 6 2
272.3; 6.136e-11; True; 1 19 24 108 176 249 315 373 467 518 527 587 609 695; 4 1 3 11 8 5 6 5 6 6 7 4 5 5 6 1
272.9; 6.156e-11; True; 1 19 24 29 176 315 373 466 467 518 527 609 695 735; 4 1 4 12 8 5 5 6 6 5 8 3 6 4 7 1
273.1; 6.741e-11; True; 1 19 24 108 176 315 373 467 518 527 587 609 695 735; 4 1 4 12 7 5 6 6 5 5 7 4 5 5 6 1
276.5; 6.845e-11; True; 1 19 24 152 176 229 315 373 467 518 527 587 609 695; 5 1 3 12 9 4 6 4 6 5 7 3 5 5 6 2
276.6; 7.373e-11; True; 1 19 24 152 176 315 373 467 518 527 587 609 610 695; 5 1 4 12 8 4 5 4 6 5 8 3 5 4 7 2
277.3; 7.434e-11; True; 1 19 24 152 176 315 373 467 518 527 609 610 695 735; 4 1 5 12 8 5 5 5 6 4 8 3 4 4 7 2
278.8; 7.558e-11; True; 1 19 24 152 176 315 373 466 467 518 527 609 610 695; 4 1 4 12 8 5 5 4 6 5 8 3 5 4 7 2
280; 7.64e-11; True; 1 19 24 152 176 315 373 422 467 518 527 609 610 695; 5 1 4 12 8 5 5 5 7 4 8 3 4 4 7 2
280.9; 8.469e-11; True; 1 19 24 152 176 249 315 373 467 518 527 609 695 735; 4 1 4 11 9 6 5 5 6 5 8 3 4 4 7 2
281.7; 9.058e-11; True; 1 19 24 152 176 315 373 467 518 527 587 609 695 735; 5 1 4 12 8 5 5 5 5 5 8 3 5 4 7 2
292.2; 9.072e-11; True; 1 19 24 108 152 176 315 373 467 518 527 609 610 695; 4 1 4 12 8 5 6 5 6 4 7 4 4 5 6 2
293; 9.253e-11; True; 1 19 24 152 176 315 373 422 467 518 527 609 685 695; 5 1 4 12 9 5 5 5 6 4 7 4 5 4 6 2
293.5; 9.302e-11; True; 1 19 24 152 176 315 373 467 527 587 609 656 695 735; 5 1 4 11 8 4 5 5 6 4 7 4 5 5 6 2
293.9; 9.858e-11; True; 1 19 24 29 152 176 315 373 467 518 527 609 695 735; 5 1 4 12 9 5 5 6 6 4 8 3 5 4 7 2
297; 9.902e-11; True; 1 19 24 119 152 315 373 467 518 527 587 609 695 735; 5 1 4 12 7 6 5 5 5 5 8 3 5 4 7 2
297.6; 1.037e-10; True; 1 19 24 108 152 176 315 373 467 518 527 587 609 695; 5 1 3 12 8 5 6 5 5 5 7 4 5 5 6 2
298.6; 1.044e-10; True; 1 19 24 108 152 176 315 373 467 527 587 609 695 735; 5 1 4 12 8 5 6 6 5 4 7 4 4 5 6 2
300.3; 1.05e-10; True; 1 19 24 108 152 315 373 467 518 527 587 609 610 695; 5 1 4 12 7 5 5 5 5 5 8 3 5 5 7 2
301.2; 1.066e-10; True; 1 19 24 108 152 176 373 467 518 527 587 609 695 735; 4 1 4 13 7 6 5 6 4 5 8 4 5 4 7 2
302.3; 1.086e-10; True; 1 19 24 176 249 293 315 373 467 518 527 587 609 695 735; 4 1 4 11 9 5 5 5 6 6 8 3 5 4 7 2
304.6; 1.1e-10; True; 1 19 24 176 293 315 373 466 467 518 527 587 609 695 735; 4 1 4 12 8 5 5 5 5 6 8 3 6 4 7 2
305.4; 1.146e-10; True; 1 19 24 108 152 315 373 467 518 527 587 609 695 735; 5 1 4 12 7 6 5 6 4 5 8 3 5 5 7 2
308.6; 1.192e-10; True; 1 19 24 108 176 249 315 373 467 518 527 587 609 695 735; 4 1 4 12 8 6 6 6 6 6 8 4 5 5 7 1
310.9; 1.199e-10; True; 1 19 24 108 176 315 373 466 467 518 527 587 609 695 735; 4 1 4 13 7 6 6 6 5 6 8 4 6 5 7 1
313.2; 1.242e-10; True; 1 19 24 152 176 229 373 467 518 527 587 609 610 695 735; 4 1 5 14 8 5 5 5 6 5 9 3 5 4 8 2
313.9; 1.28e-10; True; 1 19 24 152 176 315 373 467 518 527 587 609 695 735 774; 6 1 4 13 8 5 5 6 5 5 9 3 5 4 8 2
314; 1.282e-10; True; 1 19 24 152 176 249 315 373 467 518 527 609 610 695 735; 4 1 5 12 9 6 5 5 7 5 9 3 4 4 8 2
314.1; 1.345e-10; True; 1 19 24 149 152 176 315 373 467 518 527 587 609 695 735; 5 1 4 13 9 5 6 5 5 5 8 3 5 5 8 2
314.9; 1.409e-10; True; 1 19 24 152 176 315 373 467 518 527 587 609 610 695 735; 5 1 5 13 8 5 5 5 6 5 9 3 5 4 8 2
315.7; 1.439e-10; True; 1 19 24 152 176 229 315 373 467 518 527 587 609 695 735; 5 1 4 13 9 5 6 5 6 5 8 3 5 5 7 2
318.2; 1.541e-10; True; 1 19 24 152 176 249 315 373 467 518 527 587 609 695 735; 5 1 4 12 9 6 5 5 6 6 9 3 5 4 8 2
320.5; 1.561e-10; True; 1 19 24 152 176 315 373 466 467 518 527 587 609 695 735; 5 1 4 13 8 6 5 5 5 6 9 3 6 4 8 2
325.8; 1.628e-10; True; 1 19 24 152 176 315 373 422 467 518 527 587 609 695 735; 6 1 4 13 8 6 5 6 6 5 9 3 5 4 8 2
328.4; 1.672e-10; True; 1 19 24 119 152 176 315 373 467 518 527 587 609 695 735; 5 1 4 13 8 6 6 5 6 5 8 4 5 4 7 2
330.9; 1.699e-10; True; 1 19 24 152 176 315 373 467 518 527 587 609 695 735 833; 6 1 4 13 9 5 5 5 6 5 8 4 5 5 7 2
331.7; 1.791e-10; True; 1 19 24 152 176 315 373 467 518 527 587 609 656 695 735; 5 1 4 12 8 5 5 5 6 5 8 4 6 5 7 2
337.1; 1.835e-10; True; 1 19 24 108 152 176 249 315 373 467 518 527 609 695 735; 4 1 4 12 9 7 6 6 6 5 8 4 4 5 7 2
337.9; 2.014e-10; True; 1 19 24 108 152 176 315 373 467 518 527 587 609 695 735; 5 1 4 13 8 6 6 6 5 5 8 4 5 5 7 2
349.8; 2.179e-10; True; 1 19 24 152 176 229 315 373 467 518 527 587 609 610 695 735; 5 1 5 14 9 5 6 5 7 5 9 3 5 5 8 2
353.3; 2.28e-10; True; 1 19 24 152 176 249 315 373 467 518 527 587 609 610 695 735; 5 1 5 13 9 6 5 5 7 6 10 3 5 4 9 2
354.1; 2.372e-10; True; 1 19 24 152 176 229 249 315 373 467 518 527 587 609 695 735; 5 1 4 13 10 6 6 5 7 6 9 3 5 5 8 2
356.4; 2.48e-10; True; 1 19 24 152 176 229 315 373 466 467 518 527 587 609 695 735; 5 1 4 14 9 6 6 5 6 6 9 3 6 5 8 2
361.8; 2.519e-10; True; 1 19 24 152 176 229 315 373 422 467 518 527 587 609 695 735; 6 1 4 14 9 6 6 6 7 5 9 3 5 5 8 2
363; 2.581e-10; True; 1 19 24 152 176 249 315 373 467 518 527 587 609 695 735 863; 5 1 5 12 9 6 5 6 6 6 9 3 5 5 8 2
365.1; 2.614e-10; True; 1 19 24 152 176 315 373 466 467 518 527 587 609 695 735 863; 5 1 5 13 8 6 5 6 5 6 9 3 6 5 8 2
365.8; 2.648e-10; True; 1 19 24 152 176 249 315 373 466 467 518 527 587 656 695 735; 5 1 4 12 8 7 5 5 6 6 10 4 6 4 9 2
367.8; 2.711e-10; True; 1 19 24 152 176 315 373 467 518 527 587 609 610 656 695 735; 5 1 5 13 8 5 5 5 7 5 9 4 6 5 8 2
369.4; 2.786e-10; True; 1 19 24 152 176 249 315 373 467 518 527 587 609 685 695 735; 5 1 5 13 10 6 5 5 6 6 9 4 6 4 8 2
370.2; 2.799e-10; True; 1 19 24 152 176 249 315 373 467 518 527 587 609 695 735 833; 6 1 4 13 10 6 5 5 7 6 9 4 5 5 8 2
371.1; 2.965e-10; True; 1 19 24 152 176 249 315 373 467 518 527 587 609 656 695 735; 5 1 4 12 9 6 5 5 7 6 9 4 6 5 8 2
372.4; 3.001e-10; True; 1 19 24 152 176 315 373 466 467 518 527 587 609 656 695 735; 5 1 4 13 8 6 5 5 6 6 9 4 7 5 8 2
374; 3.133e-10; True; 1 19 24 108 152 176 315 373 467 518 527 587 609 610 695 735; 5 1 5 14 8 6 6 6 6 5 9 4 5 5 8 2
378.3; 3.339e-10; True; 1 19 24 108 152 176 249 315 373 467 518 527 587 609 695 735; 5 1 4 13 9 7 6 6 6 6 9 4 5 5 8 2
380.6; 3.382e-10; True; 1 19 24 108 152 176 315 373 466 467 518 527 587 609 695 735; 5 1 4 14 8 7 6 6 5 6 9 4 6 5 8 2
386.9; 3.432e-10; True; 1 19 24 108 152 176 315 373 422 467 518 527 587 609 695 735; 6 1 4 14 8 7 6 7 6 5 9 4 5 5 8 2
391; 3.436e-10; True; 1 19 24 108 152 176 315 373 467 518 527 587 609 685 695 735; 5 1 5 14 9 6 6 6 5 5 8 5 6 5 7 2
392.5; 3.669e-10; True; 1 19 24 152 176 229 315 373 466 467 518 527 587 609 610 695 735; 5 1 5 15 9 6 6 5 7 6 10 3 6 5 9 2
398.8; 3.785e-10; True; 1 19 24 108 152 249 315 373 467 518 527 587 609 656 695 735; 5 1 4 12 8 7 5 6 6 6 9 4 6 6 8 2
401.7; 3.817e-10; True; 1 19 24 152 176 229 249 315 373 467 518 527 587 609 695 735 863; 5 1 5 13 10 6 6 6 7 6 9 3 5 6 8 2
403.9; 3.992e-10; True; 1 19 24 152 176 229 315 373 466 467 518 527 587 609 695 735 863; 5 1 5 14 9 6 6 6 6 6 9 3 6 6 8 2
407.3; 4.117e-10; True; 1 19 24 152 176 249 315 373 466 467 518 527 587 609 695 735 863; 5 1 5 13 9 7 5 6 6 7 10 3 6 5 9 2
409.7; 4.33e-10; True; 1 19 24 152 176 315 373 466 467 518 527 587 609 610 695 735 833; 6 1 5 15 9 6 5 5 7 6 10 4 6 5 9 2
411.4; 4.46e-10; True; 1 19 24 152 176 229 315 373 466 467 518 527 587 609 656 695 735; 5 1 4 14 9 6 6 5 7 6 9 4 7 6 8 2
411.9; 4.53e-10; True; 1 19 24 108 152 176 229 315 373 467 518 527 587 609 610 695 735; 5 1 5 15 9 6 7 6 7 5 9 4 5 6 8 2
413.7; 4.6e-10; True; 1 19 24 152 176 249 315 373 466 467 518 527 587 609 656 695 735; 5 1 4 13 9 7 5 5 7 7 10 4 7 5 9 2
416.4; 4.939e-10; True; 1 19 24 108 152 176 249 315 373 467 518 527 587 609 610 695 735; 5 1 5 14 9 7 6 6 7 6 10 4 5 5 9 2
418.7; 5.14e-10; True; 1 19 24 108 152 176 315 373 466 467 518 527 587 609 610 695 735; 5 1 5 15 8 7 6 6 6 6 10 4 6 5 9 2
422.9; 5.229e-10; True; 1 19 24 108 152 176 249 315 373 466 467 518 527 587 609 695 735; 5 1 4 14 9 8 6 6 6 7 10 4 6 5 9 2
428.2; 5.295e-10; True; 1 19 24 108 152 176 315 373 466 467 518 527 587 609 695 735 863; 5 1 5 14 8 7 6 7 5 6 9 4 6 6 8 2
430.3; 5.312e-10; True; 1 19 24 108 152 176 249 315 373 422 467 518 527 587 609 695 735; 6 1 4 14 9 8 6 7 7 6 10 4 5 5 9 2
431.9; 5.44e-10; True; 1 19 24 108 152 176 315 373 467 518 527 587 609 610 656 695 735; 5 1 5 14 8 6 6 6 7 5 9 5 6 6 8 2
433.5; 5.528e-10; True; 1 19 24 108 152 176 315 373 422 466 467 518 527 587 609 695 735; 6 1 4 15 8 8 6 7 6 6 10 4 6 5 9 2
434.4; 5.668e-10; True; 1 19 24 108 152 176 249 315 373 467 518 527 587 609 685 695 735; 5 1 5 14 10 7 6 6 6 6 9 5 6 5 8 2
436.2; 5.798e-10; True; 1 19 24 108 152 176 249 315 373 467 518 527 587 609 656 695 735; 5 1 4 13 9 7 6 6 7 6 9 5 6 6 8 2
437.5; 5.867e-10; True; 1 19 24 108 152 176 315 373 466 467 518 527 587 609 656 695 735; 5 1 4 14 8 7 6 6 6 6 9 5 7 6 8 2
439; 5.87e-10; True; 1 19 24 29 108 152 176 249 315 373 467 518 527 587 609 695 735; 6 1 4 14 10 7 6 7 7 6 10 4 6 5 9 2
446.7; 5.959e-10; True; 1 19 24 108 152 176 315 373 422 467 518 527 587 609 656 695 735; 6 1 4 14 8 7 6 7 7 5 9 5 6 6 8 2
453.5; 6.002e-10; True; 1 19 24 108 119 152 249 315 373 467 518 527 587 609 685 695 735; 5 1 5 14 9 8 6 6 6 6 9 5 6 5 8 2
453.8; 6.02e-10; True; 1 19 24 108 152 249 315 373 422 467 518 527 587 609 656 695 735; 6 1 4 13 8 8 5 7 7 6 10 4 6 6 9 2
454.1; 6.089e-10; True; 1 19 24 152 176 249 315 373 466 467 518 527 553 587 609 695 735 863; 5 1 5 14 10 7 6 6 7 7 10 3 6 6 9 2
455.1; 6.094e-10; True; 1 19 24 108 152 249 315 373 467 518 527 587 609 685 695 735 833; 6 1 5 14 10 7 5 6 6 6 9 5 6 6 8 2
455.8; 6.188e-10; True; 1 19 24 108 152 176 315 373 467 518 527 587 609 656 695 735 849; 6 1 4 14 9 7 6 6 6 6 8 5 7 6 8 2
455.9; 6.356e-10; True; 1 19 24 108 152 176 249 315 373 466 467 518 527 587 609 610 695 774; 6 1 4 15 9 7 6 6 7 7 11 4 6 5 10 2
456.9; 6.468e-10; True; 1 19 24 152 176 229 315 373 422 466 467 518 527 587 609 695 735 863; 6 1 5 15 9 7 6 7 7 6 10 3 6 6 9 2
458.5; 7.431e-10; True; 1 19 24 108 152 176 229 315 373 466 467 518 527 587 609 610 695 735; 5 1 5 16 9 7 7 6 7 6 10 4 6 6 9 2
462.9; 7.599e-10; True; 1 19 24 108 152 176 249 315 373 466 467 518 527 587 609 610 695 735; 5 1 5 15 9 8 6 6 7 7 11 4 6 5 10 2
469.1; 7.726e-10; True; 1 19 24 108 152 176 315 373 466 467 518 527 587 609 610 695 735 863; 5 1 6 15 8 7 6 7 6 6 10 4 6 6 9 2
473.6; 8.033e-10; True; 1 19 24 108 152 176 315 373 422 466 467 518 527 587 609 610 695 735; 6 1 5 16 8 8 6 7 7 6 11 4 6 5 10 2
474.3; 8.186e-10; True; 1 19 24 108 152 176 249 315 373 466 467 518 527 587 609 695 735 863; 5 1 5 14 9 8 6 7 6 7 10 4 6 6 9 2
477.6; 8.466e-10; True; 1 19 24 108 152 176 315 373 466 467 518 527 587 609 610 695 735 833; 6 1 5 16 9 7 6 6 7 6 10 5 6 6 9 2
478.6; 8.679e-10; True; 1 19 24 108 152 176 315 373 466 467 518 527 587 609 610 656 695 735; 5 1 5 15 8 7 6 6 7 6 10 5 7 6 9 2
482.7; 8.829e-10; True; 1 19 24 108 152 176 249 315 373 466 467 518 527 587 609 656 695 735; 5 1 4 14 9 8 6 6 7 7 10 5 7 6 9 2
487.7; 8.834e-10; True; 1 19 24 108 152 176 249 315 373 467 518 527 587 609 656 695 735 863; 5 1 5 13 9 7 6 7 7 6 9 5 6 7 8 2
488.9; 8.939e-10; True; 1 19 24 108 152 176 315 373 466 467 518 527 587 609 656 695 735 863; 5 1 5 14 8 7 6 7 6 6 9 5 7 7 8 2
489.4; 9.017e-10; True; 1 19 24 108 152 176 249 315 373 422 467 518 527 587 609 685 695 735; 6 1 5 15 10 8 6 7 7 6 10 5 6 5 9 2
492.6; 9.17e-10; True; 1 19 24 108 152 176 315 373 422 466 467 518 527 587 609 685 695 735; 6 1 5 16 9 8 6 7 6 6 10 5 7 5 9 2
498.7; 9.202e-10; True; 1 19 24 108 152 176 249 315 373 466 467 527 587 609 656 685 695 735; 5 1 5 14 10 7 6 6 7 6 9 6 7 6 8 2
503; 9.36e-10; True; 1 19 24 108 152 176 249 315 373 467 518 527 587 609 656 695 735 849; 6 1 4 14 10 8 6 6 7 7 9 5 7 6 9 2
504.5; 9.368e-10; True; 1 19 24 108 152 249 315 373 466 467 518 527 587 609 656 685 695 735; 5 1 5 14 9 8 5 6 6 7 10 5 8 6 9 2
507.4; 9.428e-10; True; 1 19 24 108 152 176 315 373 467 518 527 587 609 656 695 735 849 863; 6 1 5 14 9 7 6 7 6 6 8 5 7 7 8 2
507.9; 9.491e-10; True; 1 19 24 108 152 176 315 373 422 467 518 527 587 609 685 695 735 849; 7 1 5 16 10 8 6 7 6 6 9 5 7 5 9 2
508.8; 9.892e-10; True; 1 19 24 108 152 176 229 315 373 466 467 518 527 587 609 610 695 751 863; 6 1 5 16 10 7 7 6 8 6 10 4 6 7 9 2
510.9; 1.007e-09; True; 1 19 24 108 152 176 229 315 373 466 467 518 527 587 609 695 735 774 863; 6 1 5 16 9 7 7 8 6 6 10 4 6 7 9 2
511.9; 1.087e-09; True; 1 19 24 108 152 176 229 315 373 466 467 518 527 587 609 610 695 735 863; 5 1 6 16 9 7 7 7 7 6 10 4 6 7 9 2
516.9; 1.091e-09; True; 1 19 24 108 152 176 315 373 466 467 518 527 587 609 610 695 735 751 863; 6 1 6 16 9 8 6 7 7 6 11 4 6 6 10 2
517.2; 1.142e-09; True; 1 19 24 108 152 176 249 315 373 466 467 518 527 587 609 610 695 735 863; 5 1 6 15 9 8 6 7 7 7 11 4 6 6 10 2
525.1; 1.146e-09; True; 1 19 24 108 152 176 249 315 373 466 467 518 527 553 587 609 695 735 863; 5 1 5 15 10 8 7 7 7 7 10 4 6 7 9 2
526.6; 1.212e-09; True; 1 19 24 108 152 176 229 249 315 373 466 467 518 527 587 609 656 695 735; 5 1 4 15 10 8 7 6 8 7 10 5 7 7 9 2
533; 1.213e-09; True; 1 19 24 108 152 176 229 315 373 466 467 518 527 587 609 685 695 735 863; 5 1 6 16 10 7 7 7 6 6 9 5 7 7 8 2
533.7; 1.233e-09; True; 1 19 24 108 152 176 229 315 373 466 467 518 527 587 609 656 695 735 863; 5 1 5 15 9 7 7 7 7 6 9 5 7 8 8 2
535; 1.234e-09; True; 1 19 24 108 152 176 249 315 373 422 466 467 527 587 609 610 685 695 735; 6 1 6 16 10 8 6 7 8 6 11 5 6 5 10 2
537.4; 1.297e-09; True; 1 19 24 108 152 176 249 315 373 466 467 518 527 587 609 685 695 735 863; 5 1 6 15 10 8 6 7 6 7 10 5 7 6 9 2
537.9; 1.345e-09; True; 1 19 24 108 152 176 249 315 373 466 467 518 527 587 609 656 695 735 863; 5 1 5 14 9 8 6 7 7 7 10 5 7 7 9 2
545.8; 1.356e-09; True; 1 19 24 108 152 176 249 315 373 466 467 518 527 587 609 685 695 735 833; 6 1 5 16 11 8 6 6 7 7 10 6 7 6 9 2
546.8; 1.373e-09; True; 1 19 24 108 152 176 249 315 373 466 467 518 527 587 609 656 685 695 735; 5 1 5 15 10 8 6 6 7 7 10 6 8 6 9 2
558.2; 1.384e-09; True; 1 19 24 108 152 176 249 315 373 422 467 518 527 587 609 685 695 735 849; 7 1 5 16 11 9 6 7 7 7 10 5 7 5 10 2
560.6; 1.421e-09; True; 1 19 24 108 152 176 315 373 466 467 518 527 587 609 656 695 735 849 863; 6 1 5 15 9 8 6 7 6 7 9 5 8 7 9 2
561.6; 1.426e-09; True; 1 19 24 108 152 176 249 315 373 466 467 527 587 609 656 695 735 849 863; 6 1 5 14 10 8 6 7 7 7 9 5 7 7 9 2
566.3; 1.444e-09; True; 1 19 24 108 152 249 315 373 422 466 467 518 527 587 609 656 685 695 735; 6 1 5 15 9 9 5 7 7 7 11 5 8 6 10 2
567.3; 1.45e-09; True; 1 19 24 108 152 176 315 373 422 467 518 527 587 609 656 695 735 849 863; 7 1 5 15 9 8 6 8 7 6 9 5 7 7 9 2
570.4; 1.451e-09; True; 1 19 24 108 152 176 249 315 373 466 467 527 587 609 656 685 695 735 849; 6 1 5 15 11 8 6 6 7 7 9 6 8 6 9 2
573.1; 1.49e-09; True; 1 19 24 108 152 176 249 315 373 466 467 518 527 587 609 610 695 733 735 863; 5 1 6 16 9 8 6 7 7 7 11 5 6 7 10 2
576.7; 1.495e-09; True; 1 19 24 108 152 176 249 315 373 466 467 518 527 587 609 610 656 660 695 863; 5 1 5 15 9 7 6 6 8 7 10 6 7 8 9 2
577.7; 1.51e-09; True; 1 19 24 108 152 176 315 373 422 467 518 527 587 609 656 685 695 735 849; 7 1 5 16 10 8 6 7 7 6 9 6 8 6 9 2
578.1; 1.514e-09; True; 1 19 24 108 176 293 315 373 422 466 467 518 527 587 609 610 695 735 849 863; 6 1 6 16 9 8 6 8 7 7 10 4 7 6 10 2
582; 1.568e-09; True; 1 19 24 108 152 176 315 373 466 467 518 527 587 600 609 610 695 735 833 863; 6 1 6 17 9 7 7 7 8 6 11 5 6 7 9 2
582.4; 1.649e-09; True; 1 19 24 108 152 176 293 315 373 466 467 518 527 587 609 610 695 735 751 863; 6 1 6 16 10 8 6 7 7 6 11 4 6 6 10 3
582.9; 1.787e-09; True; 1 19 24 108 152 176 249 315 373 466 467 518 527 587 609 610 695 735 833 863; 6 1 6 16 10 8 6 7 8 7 11 5 6 7 10 2
589.4; 1.806e-09; True; 1 19 24 108 152 176 229 249 315 373 422 466 467 518 527 587 609 656 695 735; 6 1 4 16 10 9 7 7 9 7 11 5 7 7 10 2
592.9; 1.816e-09; True; 1 19 24 108 152 176 315 373 422 466 467 518 527 587 609 610 695 735 833 863; 7 1 6 17 9 8 6 8 8 6 11 5 6 7 10 2
596.4; 1.886e-09; True; 1 19 24 108 152 176 229 315 373 422 466 467 518 527 587 609 656 695 735 863; 6 1 5 16 9 8 7 8 8 6 10 5 7 8 9 2
605; 1.983e-09; True; 1 19 24 108 152 176 249 315 373 466 467 518 527 587 609 685 695 735 833 863; 6 1 6 16 11 8 6 7 7 7 10 6 7 7 9 2
610.6; 2.076e-09; True; 1 19 24 108 152 176 249 315 373 422 466 467 518 527 587 609 656 685 695 735; 6 1 5 16 10 9 6 7 8 7 11 6 8 6 10 2
621.3; 2.079e-09; True; 1 19 24 108 152 176 249 315 373 422 467 518 527 587 609 656 695 735 849 863; 7 1 5 15 10 9 6 8 8 7 10 5 7 7 10 2
629.6; 2.122e-09; True; 1 19 24 108 152 176 249 315 373 466 467 527 587 609 656 685 695 735 849 863; 6 1 6 15 11 8 6 7 7 7 9 6 8 7 9 2
631.5; 2.166e-09; True; 1 19 24 108 152 229 293 315 373 422 466 467 518 527 587 609 656 685 695 735; 6 1 5 16 10 8 6 7 7 6 10 5 8 7 9 3
641.8; 2.19e-09; True; 1 19 24 108 176 249 293 315 373 422 467 518 527 587 609 610 695 735 833 849 863; 7 1 6 16 11 8 6 8 9 7 10 5 6 7 10 2
645.9; 2.217e-09; True; 1 19 24 108 152 176 229 315 373 422 466 467 511 518 527 587 609 610 695 735 863; 7 1 6 18 9 9 7 8 8 6 12 4 7 7 11 2
647; 2.286e-09; True; 1 19 24 108 176 293 315 373 422 466 467 518 527 587 609 610 685 695 735 849 863; 6 1 7 17 10 8 6 8 7 7 10 5 8 6 10 2
652.9; 2.639e-09; True; 1 19 24 108 152 176 249 315 373 466 467 518 527 587 609 610 685 695 735 833 863; 6 1 7 17 11 8 6 7 8 7 11 6 7 7 10 2
668.4; 2.706e-09; True; 1 19 24 108 152 176 249 315 373 466 467 518 527 587 609 610 685 695 735 833 849; 7 1 6 18 12 9 6 6 8 8 11 6 8 6 11 2
668.6; 2.766e-09; True; 1 19 24 108 152 176 293 315 373 466 467 518 527 587 609 610 685 695 735 833 863; 6 1 7 17 11 7 6 7 7 6 10 6 7 7 9 3
672; 2.793e-09; True; 1 19 24 108 152 176 249 293 315 373 467 518 527 587 609 610 695 735 833 849 863; 7 1 6 16 12 8 6 7 8 7 10 5 6 7 10 3
675.3; 2.913e-09; True; 1 19 24 108 152 176 293 315 373 466 467 518 527 587 609 610 695 735 833 849 863; 7 1 6 17 11 8 6 7 7 7 10 5 7 7 10 3
682.4; 2.946e-09; True; 1 19 24 108 119 152 176 249 315 373 422 467 518 527 587 609 685 695 735 849 863; 7 1 6 17 11 10 7 8 8 7 10 6 7 6 10 2
688; 2.976e-09; True; 1 19 24 108 152 176 249 315 373 422 466 467 518 527 587 609 685 695 735 750 863; 6 1 6 17 10 9 6 8 8 7 11 6 8 7 10 2
696.8; 2.993e-09; True; 1 19 24 108 152 176 315 373 422 466 467 518 527 587 609 656 695 735 833 849 863; 8 1 5 17 10 9 6 8 8 7 10 6 8 8 10 2
698.1; 3.109e-09; True; 1 19 24 108 152 176 249 315 373 422 439 467 518 527 587 609 656 695 735 849 863; 7 1 6 15 10 9 7 8 8 7 10 6 7 7 10 2
718.1; 3.151e-09; True; 1 19 24 29 108 152 249 293 315 373 466 467 518 527 587 609 685 695 735 833 849; 8 1 5 17 13 9 5 7 7 8 11 5 9 6 11 3
719.2; 3.478e-09; True; 1 19 24 108 152 176 293 315 373 466 467 474 518 527 587 609 610 685 695 735 833 863; 7 1 7 17 11 8 6 8 7 6 10 6 7 7 9 3
741.4; 3.911e-09; True; 1 19 24 108 152 176 246 293 315 373 466 467 518 527 587 609 656 695 735 751 849 863; 7 1 5 16 12 9 7 7 8 7 10 5 8 8 10 3
744.5; 4.052e-09; True; 1 19 24 108 152 229 293 315 373 422 466 467 518 527 587 609 610 656 685 695 735 863; 6 1 7 17 10 8 6 8 8 6 11 5 8 8 10 3
756.3; 4.059e-09; True; 1 19 24 108 119 152 176 293 315 373 422 439 466 467 527 587 609 610 695 735 849 863; 7 1 7 17 10 9 8 8 8 6 10 6 6 6 10 3
758.9; 4.104e-09; True; 1 19 24 108 152 176 293 315 373 422 439 467 518 527 587 609 610 685 695 735 849 863; 7 1 8 17 11 8 7 8 7 6 10 6 7 6 10 3
776.1; 4.17e-09; True; 1 19 24 108 145 152 176 315 373 466 467 518 527 587 609 610 685 695 735 750 849 863; 6 1 7 19 11 9 7 7 8 8 10 6 9 7 10 2
780.2; 4.331e-09; True; 1 19 24 108 152 162 229 293 315 373 422 466 467 527 587 609 656 685 695 735 849 863; 8 1 6 17 12 9 6 8 7 7 10 5 8 8 10 3
786.6; 4.363e-09; True; 1 19 24 108 152 176 249 293 315 373 422 466 467 518 527 587 656 695 735 750 849 863; 7 1 5 16 10 10 6 8 8 7 11 6 8 7 11 3
787.7; 4.407e-09; True; 1 19 24 108 152 176 293 315 373 466 467 518 527 587 609 610 695 735 833 839 849 863; 7 1 7 17 11 8 6 8 7 7 11 6 7 7 11 3
805.8; 4.63e-09; True; 1 19 24 108 152 162 176 293 315 373 466 467 483 518 527 587 609 685 695 735 849 863; 7 1 6 18 13 10 7 7 6 9 10 6 8 6 10 3
813.1; 4.782e-09; True; 1 19 24 108 152 176 293 315 373 422 466 467 483 527 609 610 656 685 695 735 849 863; 6 1 7 17 12 9 7 8 9 6 9 7 7 7 9 3
817.8; 4.824e-09; True; 1 19 24 108 152 176 249 315 373 422 466 467 518 527 587 609 641 656 695 735 849 850 863; 7 1 6 18 10 10 7 8 8 8 11 6 8 8 12 2
836.1; 4.927e-09; True; 1 19 24 108 152 176 249 293 301 315 373 422 466 467 518 527 587 609 656 695 735 849 863; 7 1 5 16 11 10 6 8 8 8 11 6 8 7 11 3
840.1; 5.075e-09; True; 1 19 24 29 108 152 176 229 315 373 466 467 495 518 527 587 609 610 695 735 839 849 863; 7 1 7 18 11 8 8 9 8 7 12 6 8 7 12 2
846.4; 5.151e-09; True; 1 19 24 108 152 249 315 373 422 467 518 527 587 609 610 681 685 695 735 750 833 849 863; 8 1 7 19 12 9 6 9 9 7 12 6 8 8 11 2
852.3; 5.432e-09; True; 1 19 24 108 152 162 176 293 315 373 422 466 467 518 527 587 609 610 695 735 839 849 863; 8 1 7 18 11 10 6 9 7 8 13 5 7 6 13 3
863.2; 5.471e-09; True; 1 19 24 108 152 162 176 249 293 315 373 422 466 467 518 527 587 609 695 735 839 849 863; 8 1 6 17 12 11 6 9 7 9 13 5 7 6 13 3
875.7; 5.662e-09; True; 1 19 96 108 152 176 293 315 373 466 467 518 527 587 609 610 685 695 735 785 833 849 863; 7 1 7 19 12 8 7 7 7 7 9 8 8 8 9 3
877; 5.767e-09; True; 1 19 24 108 150 152 249 293 315 373 467 483 518 527 587 609 610 685 695 735 833 849 863; 7 1 7 18 13 10 6 8 8 8 10 6 7 7 11 3
879.7; 5.846e-09; True; 1 19 24 108 152 162 176 293 373 422 439 466 467 483 518 527 587 609 610 695 735 849 863; 7 1 7 19 11 11 7 8 7 9 12 6 7 5 12 3
893.3; 5.954e-09; True; 1 19 24 29 108 152 176 293 315 373 422 467 518 527 587 609 656 695 735 804 849 850 863; 8 1 5 18 11 8 8 9 8 6 10 7 8 9 10 3
894.1; 6.2e-09; True; 1 19 24 108 152 176 293 315 373 422 466 518 527 587 609 610 656 695 735 839 849 850 863; 6 1 6 17 10 9 7 8 8 7 11 7 8 8 11 3
898.7; 6.781e-09; True; 1 19 24 108 152 249 293 315 373 466 467 483 518 527 587 609 610 695 735 750 833 849 863; 7 1 6 18 12 10 6 7 9 9 11 6 8 8 11 3
914.7; 6.835e-09; True; 1 19 24 108 152 176 229 315 373 422 466 467 518 527 553 587 609 656 695 735 751 839 849 863; 8 1 6 19 12 10 8 9 10 7 12 6 8 9 12 2
921.4; 6.933e-09; True; 1 19 108 119 152 249 293 315 373 422 466 467 518 527 587 609 685 695 735 750 839 849 863; 7 1 6 17 10 10 6 8 8 8 11 7 9 7 11 3
938.7; 7.518e-09; True; 1 19 24 108 152 162 176 229 293 315 373 466 467 518 527 587 609 656 695 735 750 849 850 863; 7 1 5 19 12 9 8 7 8 8 10 7 9 10 10 3
939.8; 7.873e-09; True; 1 19 24 108 119 152 249 254 293 315 373 467 518 527 587 609 610 656 695 735 785 833 849 863; 7 1 7 18 11 9 6 9 9 8 11 7 7 8 11 3
957.1; 8.299e-09; True; 1 19 24 108 152 249 293 315 373 422 466 467 518 527 568 587 609 610 656 685 695 849 850 863; 7 1 7 17 11 9 6 8 8 8 11 7 9 8 11 3
1029; 9.374e-09; True; 1 19 24 108 152 176 249 293 315 373 422 466 483 518 527 587 609 695 735 750 833 839 849 863; 7 1 5 18 13 11 7 8 10 9 11 8 8 8 11 3
1043; 9.938e-09; True; 1 19 24 108 149 152 254 293 315 373 422 466 518 527 587 609 610 685 695 735 750 785 833 849 863; 7 1 7 21 12 9 6 9 8 8 11 7 9 9 12 3
1077; 1.037e-08; True; 1 19 24 108 152 176 249 293 315 373 422 466 467 518 527 568 609 656 685 695 735 758 849 850 863; 6 1 7 18 13 10 8 9 9 7 10 9 8 8 10 3
1119; 1.061e-08; True; 1 19 24 108 119 149 152 249 293 315 373 422 466 518 527 587 609 610 656 695 735 743 750 833 849 863; 8 1 5 20 12 12 7 7 11 8 12 7 9 10 12 3
1122; 1.102e-08; True; 1 19 24 108 152 176 249 293 315 373 422 466 467 518 527 546 587 609 656 685 695 735 758 849 850 863; 7 1 6 20 13 10 8 8 9 8 11 8 9 8 11 3
1161; 1.174e-08; True; 1 19 24 119 152 229 249 293 373 422 439 466 467 518 527 587 609 681 685 695 735 785 839 849 850 863; 6 1 9 20 12 10 8 10 7 8 13 8 8 6 12 3
1207; 1.181e-08; True; 1 19 24 108 145 152 229 249 293 315 329 373 380 422 467 518 527 531 609 656 695 711 735 839 849 863; 7 1 6 18 15 11 9 10 11 7 11 6 8 9 11 3
1218; 1.208e-08; True; 1 19 41 108 119 152 249 293 315 373 422 467 483 527 587 609 656 695 735 750 757 785 839 849 850; 8 1 6 19 10 9 8 9 11 8 9 10 8 8 10 3
1228; 1.251e-08; True; 1 19 24 108 152 176 249 258 293 315 373 422 466 467 518 527 546 587 609 656 685 695 735 758 849 850 863; 7 1 6 20 13 10 8 8 10 8 11 8 9 9 11 3
1245; 1.312e-08; True; 1 19 26 29 108 152 176 249 293 315 370 373 464 466 467 483 518 527 587 610 695 735 800 833 839 849 863; 8 1 7 21 12 9 9 9 10 8 12 7 8 7 13 3
1277; 1.462e-08; True; 1 19 24 108 128 152 249 293 315 373 422 467 518 527 568 587 609 610 656 685 695 739 774 839 849 850 863; 8 1 9 18 11 8 7 11 8 7 12 10 8 8 12 3
1329; 1.513e-08; True; 1 19 24 108 152 246 249 293 373 422 466 467 518 527 568 587 609 619 656 685 695 739 774 839 849 850 863; 7 1 8 18 11 9 7 11 7 8 12 10 9 8 12 3
1418; 1.687e-08; True; 1 19 24 119 145 152 165 249 293 315 373 380 467 477 518 527 587 609 652 656 685 695 735 833 839 849 852 863; 8 1 7 19 15 11 8 7 12 9 11 9 10 7 11 3
1548; 1.953e-08; True; 1 19 29 119 152 246 249 293 315 373 410 422 467 483 495 511 527 587 609 656 695 735 750 751 757 839 849 850 863; 11 1 6 20 14 10 9 9 13 7 12 9 9 9 13 3
