M: 18
Instance: 1
Algorithm: NSGA-II
Iteration: 1000
Population Size: 1000
Required Skills: 0 1 2 4 5 7 9 10 11 12 14 15 16 18 22 23 24 26
Distance; Skill Score; isValid; Team; Skill Counts
33.49; 2.839e-18; True; 69 163 388 592 723; 2 1 3 1 2 1 2 1 1 2 2 1 1 3 1 2 1 1
34.45; 4.896e-18; True; 1 163 388 688 723; 2 1 4 1 4 1 2 1 1 2 1 1 2 2 1 2 2 1
34.51; 7.153e-18; True; 1 163 388 723 900; 2 1 4 2 3 1 2 1 1 3 1 1 2 1 1 2 2 1
34.54; 8.162e-18; True; 163 173 388 723 900; 3 1 4 1 3 1 3 2 1 2 1 1 2 1 1 2 2 1
35.44; 8.535e-18; True; 163 388 592 723 885; 3 1 4 1 3 1 3 2 1 2 1 1 1 2 2 1 2 1
36.18; 1.343e-17; True; 163 388 547 592 885; 2 1 3 1 3 1 3 3 1 2 1 1 2 2 2 1 2 1
38.36; 1.357e-17; True; 163 388 547 885 900; 2 1 3 1 3 1 3 3 1 2 1 1 2 1 2 2 2 1
38.5; 1.396e-17; True; 42 163 388 723 874; 2 1 3 1 3 2 2 1 1 2 2 1 2 2 2 1 2 1
39.43; 1.547e-17; True; 163 173 388 723 874; 3 1 4 1 3 1 3 2 1 2 1 1 3 2 1 1 3 1
39.51; 2.875e-17; True; 1 112 163 388 723; 2 1 5 1 4 1 2 2 2 3 1 1 2 2 1 2 2 1
41.03; 3.072e-17; True; 163 388 500 723 874; 2 1 4 1 3 1 3 2 2 2 2 1 2 3 1 1 2 1
46.26; 5.163e-17; True; 1 163 329 388 413 723; 3 1 5 2 3 1 3 1 2 3 2 1 2 1 1 2 2 1
46.27; 7.35e-17; True; 1 163 329 388 723 900; 3 1 5 2 3 1 3 1 2 3 2 1 2 1 1 3 2 1
47.46; 7.707e-17; True; 1 20 388 438 723 900; 2 1 5 2 4 1 2 1 2 4 2 2 2 1 1 2 2 1
47.73; 9.123e-17; True; 127 163 173 388 723 900; 3 1 5 1 4 1 3 3 2 2 2 1 2 2 1 2 2 1
49.23; 9.888e-17; True; 20 173 388 438 723 900; 3 1 5 1 4 1 3 2 2 3 2 2 2 1 1 2 2 1
49.29; 1.014e-16; True; 1 163 173 388 723 900; 3 1 5 2 4 1 3 2 1 3 1 2 3 1 1 2 3 1
49.68; 1.064e-16; True; 1 127 163 388 723 900; 2 1 5 2 4 1 2 2 2 3 2 1 2 2 1 2 2 1
50.86; 1.995e-16; True; 30 163 388 547 592 885; 3 1 4 1 4 1 4 3 1 3 2 1 3 2 3 1 3 1
54.05; 2.016e-16; True; 30 163 388 547 885 900; 3 1 4 1 4 1 4 3 1 3 2 1 3 1 3 2 3 1
54.12; 2.137e-16; True; 1 112 163 329 388 723; 3 1 6 1 4 1 3 2 3 3 2 1 2 2 1 3 2 1
54.19; 3.253e-16; True; 1 163 388 413 547 723; 2 1 4 2 4 1 3 2 2 3 2 1 3 2 2 2 2 1
54.23; 4.632e-16; True; 1 163 388 547 723 900; 2 1 4 2 4 1 3 2 2 3 2 1 3 2 2 3 2 1
58.06; 4.748e-16; True; 1 42 163 388 547 723; 2 1 4 1 5 1 3 2 2 2 3 2 3 2 3 2 2 1
58.23; 5.413e-16; True; 1 163 388 547 713 723; 2 1 4 2 5 1 4 2 2 2 2 1 3 3 3 2 2 1
61.05; 5.827e-16; True; 1 30 112 163 388 547; 2 1 5 1 5 1 3 3 2 4 2 1 4 2 2 2 3 1
61.19; 7.734e-16; True; 1 112 163 388 547 723; 2 1 5 1 5 1 3 3 3 3 2 1 3 3 2 3 2 1
63.13; 7.747e-16; True; 1 20 173 388 438 723 900; 3 1 6 2 5 1 3 2 2 4 2 3 3 1 1 2 3 1
63.15; 7.826e-16; True; 1 163 388 547 723 874; 2 1 4 2 4 1 3 2 2 3 2 1 4 3 2 2 3 1
63.98; 8.052e-16; True; 1 163 173 329 388 723 900; 4 1 6 2 4 1 4 2 2 3 2 2 3 1 1 3 3 1
64.15; 8.099e-16; True; 1 163 173 187 388 723 900; 3 1 5 2 5 1 4 2 2 3 2 2 3 2 1 2 3 1
64.83; 1.072e-15; True; 1 127 163 173 388 723 900; 3 1 6 2 5 1 3 3 2 3 2 2 3 2 1 2 3 1
67.1; 1.348e-15; True; 1 20 173 388 438 713 723; 3 1 6 2 6 1 4 2 2 3 2 3 3 2 2 1 3 1
68.92; 1.706e-15; True; 1 163 388 438 634 713 723; 3 1 5 2 6 1 4 2 1 3 3 2 3 2 3 2 3 1
68.96; 2.143e-15; True; 1 163 329 388 547 723 900; 3 1 5 2 4 1 4 2 3 3 3 1 3 2 2 4 2 1
71.06; 2.758e-15; True; 1 20 388 438 547 723 900; 2 1 5 2 5 1 3 2 3 4 3 2 3 2 2 3 2 1
72.93; 3.122e-15; True; 1 163 388 438 547 723 900; 3 1 5 2 5 1 3 3 2 4 3 1 4 2 2 3 3 1
73.79; 3.873e-15; True; 1 163 173 388 547 723 900; 3 1 5 2 5 1 4 3 2 3 2 2 4 2 2 3 3 1
75.85; 4.584e-15; True; 1 163 388 547 723 885 900; 3 1 5 2 5 1 4 3 2 3 2 2 3 2 3 3 3 1
79.43; 5.529e-15; True; 1 156 163 388 547 723 900; 2 1 4 2 5 2 4 3 3 3 3 2 3 2 2 3 2 1
81.41; 5.622e-15; True; 1 156 163 388 484 547 723; 3 1 5 2 6 1 4 3 3 3 3 2 4 2 2 2 3 1
83.27; 5.805e-15; True; 1 30 156 163 388 547 723; 3 1 5 1 6 1 5 3 3 3 4 2 4 2 3 2 3 1
83.77; 6.046e-15; True; 1 30 112 163 388 547 723; 3 1 6 1 6 1 4 3 3 4 3 1 4 3 3 3 3 1
83.78; 7.6e-15; True; 1 20 173 388 438 634 713 723; 3 1 6 2 7 1 5 2 2 3 3 4 3 2 3 2 3 1
86.56; 7.702e-15; True; 1 163 173 388 438 634 713 723; 4 1 6 2 7 1 5 3 1 3 3 3 4 2 3 2 4 1
86.87; 9.735e-15; True; 1 20 329 388 438 547 723 900; 3 1 6 2 5 1 4 2 4 4 4 2 3 2 2 4 2 1
90.36; 1.01e-14; True; 1 110 163 329 388 547 723 900; 4 1 6 2 5 2 5 2 3 4 3 1 3 2 2 4 3 1
90.51; 1.02e-14; True; 1 163 329 388 547 634 723 900; 3 1 5 2 5 1 5 2 3 3 4 2 3 2 3 5 2 1
90.58; 1.106e-14; True; 1 163 329 388 438 547 723 900; 4 1 6 2 5 1 4 3 3 4 4 1 4 2 2 4 3 1
91.41; 1.153e-14; True; 1 163 173 329 388 413 547 723; 4 1 6 2 5 1 5 3 3 3 3 2 4 2 2 3 3 1
91.43; 1.433e-14; True; 1 20 110 388 438 547 723 900; 3 1 6 2 6 2 4 2 3 5 3 2 3 2 2 3 3 1
91.44; 1.46e-14; True; 1 163 173 329 388 547 723 900; 4 1 6 2 5 1 5 3 3 3 3 2 4 2 2 4 3 1
91.51; 1.657e-14; True; 1 20 173 388 438 547 723 900; 3 1 6 2 6 1 4 3 3 4 3 3 4 2 2 3 3 1
93.36; 1.665e-14; True; 1 163 173 388 438 547 723 900; 4 1 6 2 6 1 4 4 2 4 3 2 5 2 2 3 4 1
94.48; 1.729e-14; True; 1 163 329 388 547 723 885 900; 4 1 6 2 5 1 5 3 3 3 3 2 3 2 3 4 3 1
95.28; 1.941e-14; True; 1 20 156 388 438 547 723 900; 2 1 5 2 6 2 4 3 4 4 4 3 3 2 2 3 2 1
95.7; 1.961e-14; True; 1 20 388 438 547 723 885 900; 3 1 6 2 6 1 4 3 3 4 3 3 3 2 3 3 3 1
96.48; 2.043e-14; True; 1 20 173 388 438 547 713 723; 3 1 6 2 7 1 5 3 3 3 3 3 4 3 3 2 3 1
97.35; 2.053e-14; True; 1 163 173 388 438 547 713 723; 4 1 6 2 7 1 5 4 2 3 3 2 5 3 3 2 4 1
97.52; 2.097e-14; True; 1 163 388 438 547 723 885 900; 4 1 6 2 6 1 4 4 2 4 3 2 4 2 3 3 4 1
98.21; 2.226e-14; True; 1 20 30 156 388 547 723 900; 2 1 5 2 6 2 5 2 4 4 4 3 3 2 3 3 2 1
98.37; 2.4e-14; True; 1 30 163 388 547 723 885 900; 4 1 6 2 6 1 5 3 2 4 3 2 4 2 4 3 4 1
101.9; 2.745e-14; True; 1 156 163 388 484 547 723 900; 3 1 5 3 6 2 4 3 3 4 3 2 4 2 2 3 3 1
102; 2.935e-14; True; 1 156 163 388 438 547 723 900; 3 1 5 2 6 2 4 4 3 4 4 2 4 2 2 3 3 1
103.3; 2.944e-14; True; 1 112 163 388 484 547 634 723; 3 1 6 2 7 1 4 3 3 4 3 2 4 3 3 4 3 1
103.5; 3.195e-14; True; 1 112 163 173 388 547 723 900; 3 1 6 2 6 2 4 4 3 4 2 2 4 3 2 4 3 1
104.5; 3.669e-14; True; 1 42 112 163 388 484 547 723; 3 1 6 2 7 2 3 3 3 4 3 2 4 3 3 3 3 1
104.9; 3.779e-14; True; 1 30 156 163 388 547 723 900; 3 1 5 2 6 2 5 3 3 4 4 2 4 2 3 3 3 1
106.5; 3.782e-14; True; 1 112 163 388 547 723 885 900; 3 1 6 2 6 2 4 4 3 4 2 2 3 3 3 4 3 1
107; 3.792e-14; True; 1 20 127 173 388 438 713 723 900; 3 1 7 3 7 2 4 3 3 4 3 3 3 3 2 2 3 1
109.1; 4.173e-14; True; 1 20 110 329 388 438 547 723 900; 4 1 7 2 6 2 5 2 4 5 4 2 3 2 2 4 3 1
110; 4.27e-14; True; 1 20 110 173 329 388 547 723 900; 4 1 7 2 6 2 6 2 4 4 3 3 3 2 2 4 3 1
110.2; 4.825e-14; True; 1 20 173 329 388 438 547 723 900; 4 1 7 2 6 1 5 3 4 4 4 3 4 2 2 4 3 1
112.1; 5.009e-14; True; 1 163 173 329 388 413 547 723 900; 4 1 6 3 5 2 5 3 3 4 3 2 4 2 2 4 3 1
112.8; 5.07e-14; True; 1 20 156 329 388 484 547 723 900; 3 1 6 3 6 2 5 2 5 4 4 3 3 2 2 4 2 1
113.1; 5.554e-14; True; 1 20 173 388 438 547 634 723 900; 3 1 6 2 7 1 5 3 3 4 4 4 4 2 3 4 3 1
113.8; 6.314e-14; True; 1 20 110 173 388 438 547 723 900; 4 1 7 2 7 2 5 3 3 5 3 3 4 2 2 3 4 1
117; 7.027e-14; True; 1 163 173 268 388 438 547 723 900; 4 1 6 2 7 2 5 4 3 4 3 2 5 2 3 3 4 1
119; 7.452e-14; True; 1 20 30 173 388 438 547 723 900; 4 1 7 2 7 1 5 3 3 5 4 3 5 2 3 3 4 1
119.2; 9.977e-14; True; 1 20 173 388 438 547 713 723 900; 3 1 6 3 7 2 5 3 3 4 3 3 4 3 3 3 3 1
122; 1.003e-13; True; 1 163 173 388 438 547 713 723 900; 4 1 6 3 7 2 5 4 2 4 3 2 5 3 3 3 4 1
123.7; 1.123e-13; True; 1 20 30 156 388 438 547 723 900; 3 1 6 2 7 2 5 3 4 5 5 3 4 2 3 3 3 1
124.8; 1.146e-13; True; 1 20 30 156 388 547 723 885 900; 3 1 6 2 7 2 6 3 4 4 4 4 3 2 4 3 3 1
127.2; 1.178e-13; True; 1 20 173 329 388 438 634 713 723 900; 4 1 7 3 7 2 6 2 3 4 4 4 3 2 3 4 3 1
128; 1.179e-13; True; 1 112 163 173 388 438 547 723 900; 4 1 7 2 7 2 4 5 3 5 3 2 5 3 2 4 4 1
128.1; 1.204e-13; True; 1 112 163 388 438 547 634 723 900; 3 1 6 2 7 2 4 4 3 5 4 2 4 3 3 5 3 1
128.7; 1.221e-13; True; 1 20 127 173 329 388 438 713 723 900; 4 1 8 3 7 2 5 3 4 4 4 3 3 3 2 3 3 1
128.9; 1.225e-13; True; 1 112 163 260 388 484 547 723 900; 3 1 7 3 6 2 4 4 3 5 3 2 5 3 2 4 4 1
129; 1.428e-13; True; 1 20 127 173 388 438 634 713 723 900; 3 1 7 3 8 2 5 3 3 4 4 4 3 3 3 3 3 1
131.1; 1.429e-13; True; 1 20 30 112 173 388 547 723 900; 3 1 7 2 7 2 5 3 4 5 3 3 4 3 3 4 3 1
131.4; 1.55e-13; True; 1 30 156 163 388 547 723 885 900; 4 1 6 2 7 2 6 4 3 4 4 3 4 2 4 3 4 1
132.9; 1.615e-13; True; 1 30 112 163 173 388 547 723 900; 4 1 7 2 7 2 5 4 3 5 3 2 5 3 3 4 4 1
133.4; 1.718e-13; True; 1 127 163 173 388 438 634 713 723 900; 4 1 7 3 8 2 5 4 2 4 4 3 4 3 3 3 4 1
133.9; 1.809e-13; True; 1 30 112 163 388 547 723 885 900; 4 1 7 2 7 2 5 4 3 5 3 2 4 3 4 4 4 1
137.3; 1.892e-13; True; 1 20 110 127 173 388 438 547 723 900; 4 1 8 2 8 2 5 4 4 5 4 3 4 3 2 3 4 1
138.3; 2.05e-13; True; 1 20 110 173 388 438 547 634 723 900; 4 1 7 2 8 2 6 3 3 5 4 4 4 2 3 4 4 1
140.9; 2.816e-13; True; 1 20 173 329 388 438 547 713 723 900; 4 1 7 3 7 2 6 3 4 4 4 3 4 3 3 4 3 1
142.8; 2.88e-13; True; 1 20 173 388 438 547 634 713 723 900; 3 1 6 3 8 2 6 3 3 4 4 4 4 3 4 4 3 1
145.6; 2.996e-13; True; 1 163 173 329 388 438 547 713 723 900; 5 1 7 3 7 2 6 4 3 4 4 2 5 3 3 4 4 1
147.6; 3.255e-13; True; 1 163 173 388 438 547 634 713 723 900; 4 1 6 3 8 2 6 4 2 4 4 3 5 3 4 4 4 1
149.6; 3.311e-13; True; 1 20 173 260 388 438 547 713 723 900; 3 1 7 3 7 2 6 4 3 4 4 4 5 3 3 3 4 1
150.5; 3.426e-13; True; 1 163 173 388 438 455 547 634 723 900; 4 1 6 3 7 2 5 4 3 4 4 3 5 3 3 4 4 1
150.6; 3.864e-13; True; 1 20 30 173 388 438 547 713 723 900; 4 1 7 3 8 2 6 3 3 5 4 3 5 3 4 3 4 1
153.3; 3.994e-13; True; 1 20 30 156 388 438 547 723 885 900; 4 1 7 2 8 2 6 4 4 5 5 4 4 2 4 3 4 1
153.8; 4.058e-13; True; 1 20 30 388 438 547 713 723 885 900; 4 1 7 3 8 2 6 3 3 5 4 3 4 3 5 3 4 1
155.5; 4.167e-13; True; 1 112 163 173 388 438 547 634 723 900; 4 1 7 2 8 2 5 5 3 5 4 3 5 3 3 5 4 1
156.3; 4.382e-13; True; 1 20 30 156 388 438 547 713 723 900; 3 1 6 3 8 3 6 3 4 5 5 3 4 3 4 3 3 1
158.5; 4.713e-13; True; 1 20 30 112 173 388 438 547 723 900; 4 1 8 2 8 2 5 4 4 6 4 3 5 3 3 4 4 1
158.9; 4.737e-13; True; 1 127 163 173 329 388 438 634 713 723 900; 5 1 8 3 8 2 6 4 3 4 5 3 4 3 3 4 4 1
159.3; 4.831e-13; True; 1 20 163 173 388 438 547 713 723 900; 4 1 7 3 8 2 6 4 3 4 3 3 5 3 3 3 4 2
160.5; 5.028e-13; True; 1 112 163 173 388 438 547 634 713 723; 4 1 7 2 9 2 6 5 3 4 4 3 5 4 4 4 4 1
161.7; 5.278e-13; True; 1 20 30 112 388 438 547 723 885 900; 4 1 8 2 8 2 5 4 4 6 4 3 4 3 4 4 4 1
163.7; 5.43e-13; True; 1 20 30 127 173 388 438 634 713 723 900; 4 1 8 3 9 2 6 3 3 5 5 4 4 3 4 3 4 1
164.2; 5.764e-13; True; 1 20 110 127 173 388 438 547 634 723 900; 4 1 8 2 9 2 6 4 4 5 5 4 4 3 3 4 4 1
165.7; 5.791e-13; True; 1 20 30 156 163 388 547 723 885 900; 4 1 7 2 8 2 7 4 4 4 4 4 4 2 4 3 4 2
165.9; 5.838e-13; True; 1 20 156 163 388 438 547 713 723 900; 3 1 6 3 8 3 6 4 4 4 4 3 4 3 3 3 3 2
166.5; 7.024e-13; True; 1 20 173 329 388 438 547 634 713 723 900; 4 1 7 3 8 2 7 3 4 4 5 4 4 3 4 5 3 1
168.9; 7.103e-13; True; 1 20 110 173 329 388 438 547 713 723 900; 5 1 8 3 8 3 7 3 4 5 4 3 4 3 3 4 4 1
170.1; 7.33e-13; True; 1 20 127 173 388 438 547 634 713 723 900; 3 1 7 3 9 2 6 4 4 4 5 4 4 4 4 4 3 1
170.2; 7.569e-13; True; 1 20 173 329 388 438 484 547 713 723 900; 5 1 8 4 8 2 6 3 4 5 4 3 5 3 3 4 4 1
171.9; 7.844e-13; True; 1 20 110 173 388 438 547 634 713 723 900; 4 1 7 3 9 3 7 3 3 5 4 4 4 3 4 4 4 1
173; 8.358e-13; True; 1 20 173 388 438 484 547 634 713 723 900; 4 1 7 4 9 2 6 3 3 5 4 4 5 3 4 4 4 1
173.1; 8.404e-13; True; 1 163 173 329 388 438 547 634 713 723 900; 5 1 7 3 8 2 7 4 3 4 5 3 5 3 4 5 4 1
174.1; 8.463e-13; True; 1 20 173 260 329 388 438 547 713 723 900; 4 1 8 3 7 2 7 4 4 4 5 4 5 3 3 4 4 1
174.5; 8.753e-13; True; 1 127 163 173 388 438 547 634 713 723 900; 4 1 7 3 9 2 6 5 3 4 5 3 5 4 4 4 4 1
175.9; 9.331e-13; True; 1 20 156 173 329 388 438 547 713 723 900; 4 1 7 3 8 3 7 4 5 4 5 4 4 3 3 4 3 1
177.1; 9.627e-13; True; 1 20 30 173 388 438 547 634 713 723 900; 4 1 7 3 9 2 7 3 3 5 5 4 5 3 5 4 4 1
178.9; 9.672e-13; True; 1 20 30 127 173 388 438 547 713 723 900; 4 1 8 3 9 2 6 4 4 5 5 3 5 4 4 3 4 1
179.2; 9.796e-13; True; 1 20 30 173 388 438 455 547 634 723 900; 4 1 7 3 8 2 6 3 4 5 5 4 5 3 4 4 4 1
180.4; 1.015e-12; True; 1 20 156 173 388 438 484 547 634 713 723; 4 1 7 3 10 2 7 4 4 4 5 5 5 3 4 3 4 1
181.9; 1.026e-12; True; 1 20 30 156 329 388 438 547 713 723 900; 4 1 7 3 8 3 7 3 5 5 6 3 4 3 4 4 3 1
182; 1.076e-12; True; 1 20 112 173 388 438 484 547 634 723 900; 4 1 8 3 9 2 5 4 4 6 4 4 5 3 3 5 4 1
182.5; 1.111e-12; True; 1 20 156 173 388 438 484 547 713 723 900; 4 1 7 4 9 3 6 4 4 5 4 4 5 3 3 3 4 1
184.2; 1.119e-12; True; 1 20 30 173 388 438 455 547 723 885 900; 5 1 8 3 8 2 6 4 4 5 4 4 5 3 4 3 5 1
185.9; 1.238e-12; True; 1 20 163 173 329 388 438 547 713 723 900; 5 1 8 3 8 2 7 4 4 4 4 3 5 3 3 4 4 2
186.5; 1.365e-12; True; 1 20 30 156 173 388 438 547 713 723 900; 4 1 7 3 9 3 7 4 4 5 5 4 5 3 4 3 4 1
187.8; 1.368e-12; True; 1 20 163 173 388 438 547 634 713 723 900; 4 1 7 3 9 2 7 4 3 4 4 4 5 3 4 4 4 2
189.7; 1.433e-12; True; 1 20 30 156 388 438 547 713 723 885 900; 4 1 7 3 9 3 7 4 4 5 5 4 4 3 5 3 4 1
191.1; 1.447e-12; True; 1 112 163 173 388 438 547 634 713 723 900; 4 1 7 3 9 3 6 5 3 5 4 3 5 4 4 5 4 1
193.8; 1.468e-12; True; 1 20 30 163 388 438 547 634 713 723 900; 4 1 7 3 9 2 7 3 3 5 5 3 5 3 5 4 4 2
194.6; 1.536e-12; True; 1 20 30 163 173 388 438 547 713 723 900; 5 1 8 3 9 2 7 4 3 5 4 3 6 3 4 3 5 2
195.1; 1.636e-12; True; 1 20 30 112 173 388 438 547 713 723 900; 4 1 8 3 9 3 6 4 4 6 4 3 5 4 4 4 4 1
196.7; 1.641e-12; True; 1 20 112 163 388 438 484 547 634 723 900; 4 1 8 3 9 2 5 4 4 6 4 3 5 3 3 5 4 2
197.1; 1.651e-12; True; 1 20 156 163 388 438 484 547 634 713 723; 4 1 7 3 10 2 7 4 4 4 5 4 5 3 4 3 4 2
197.2; 1.708e-12; True; 1 20 156 163 173 388 438 547 713 723 900; 4 1 7 3 9 3 7 5 4 4 4 4 5 3 3 3 4 2
197.4; 1.749e-12; True; 1 20 110 173 329 388 438 547 634 713 723 900; 5 1 8 3 9 3 8 3 4 5 5 4 4 3 4 5 4 1
198.4; 1.776e-12; True; 1 20 30 112 156 388 484 547 723 885 900; 4 1 8 3 9 3 6 4 5 6 4 4 4 3 4 4 4 1
198.6; 1.887e-12; True; 1 20 173 329 388 438 484 547 634 713 723 900; 5 1 8 4 9 2 7 3 4 5 5 4 5 3 4 5 4 1
201.1; 1.963e-12; True; 1 20 110 127 173 388 438 547 634 713 723 900; 4 1 8 3 10 3 7 4 4 5 5 4 4 4 4 4 4 1
202.2; 2.081e-12; True; 1 20 30 156 163 388 438 547 713 723 900; 4 1 7 3 9 3 7 4 4 5 5 3 5 3 4 3 4 2
203.3; 2.092e-12; True; 1 20 127 173 388 438 484 547 634 713 723 900; 4 1 8 4 10 2 6 4 4 5 5 4 5 4 4 4 4 1
204.9; 2.11e-12; True; 1 20 25 173 329 388 438 547 634 713 723 900; 4 1 8 4 9 2 8 4 4 5 5 4 5 3 4 5 4 1
207.7; 2.315e-12; True; 1 20 30 127 173 388 438 547 634 713 723 900; 4 1 8 3 10 2 7 4 4 5 6 4 5 4 5 4 4 1
208; 2.419e-12; True; 1 20 30 112 156 163 388 484 547 723 900; 4 1 8 3 9 3 6 4 5 6 4 3 5 3 3 4 4 2
209; 2.507e-12; True; 1 20 156 173 329 388 438 484 547 713 723 900; 5 1 8 4 9 3 7 4 5 5 5 4 5 3 3 4 4 1
211; 2.527e-12; True; 1 20 30 112 156 163 388 547 723 885 900; 4 1 8 2 9 3 7 5 5 5 4 4 4 3 4 4 4 2
211.8; 2.767e-12; True; 1 20 156 173 388 438 484 547 634 713 723 900; 4 1 7 4 10 3 7 4 4 5 5 5 5 3 4 4 4 1
215; 2.923e-12; True; 1 20 30 156 173 329 388 438 547 713 723 900; 5 1 8 3 9 3 8 4 5 5 6 4 5 3 4 4 4 1
216; 3.026e-12; True; 1 20 30 156 173 388 438 547 634 713 723 900; 4 1 7 3 10 3 8 4 4 5 6 5 5 3 5 4 4 1
216.3; 3.05e-12; True; 1 20 163 173 329 388 438 547 634 713 723 900; 5 1 8 3 9 2 8 4 4 4 5 4 5 3 4 5 4 2
219; 3.215e-12; True; 1 20 127 163 173 388 438 547 634 713 723 900; 4 1 8 3 10 2 7 5 4 4 5 4 5 4 4 4 4 2
219.5; 3.321e-12; True; 1 20 112 173 388 438 484 547 634 713 723 900; 4 1 8 4 10 3 6 4 4 6 4 4 5 4 4 5 4 1
222; 3.323e-12; True; 1 20 163 173 388 438 484 547 634 713 723 900; 5 1 8 4 10 2 7 4 3 5 4 4 6 3 4 4 5 2
223; 3.378e-12; True; 1 20 30 156 173 388 438 547 713 723 885 900; 5 1 8 3 10 3 8 5 4 5 5 5 5 3 5 3 5 1
223.8; 3.412e-12; True; 1 20 112 260 388 438 484 547 612 713 723 900; 4 1 8 4 9 3 5 4 4 6 4 4 6 4 4 4 5 1
224.5; 3.424e-12; True; 1 20 30 112 173 329 388 438 547 713 723 900; 5 1 9 3 9 3 7 4 5 6 5 3 5 4 4 5 4 1
225; 3.477e-12; True; 1 20 30 163 173 329 388 438 547 713 723 900; 6 1 9 3 9 2 8 4 4 5 5 3 6 3 4 4 5 2
225.6; 3.825e-12; True; 1 20 30 112 173 388 438 547 634 713 723 900; 4 1 8 3 10 3 7 4 4 6 5 4 5 4 5 5 4 1
228.5; 4.202e-12; True; 1 20 156 163 173 388 438 547 634 713 723 900; 4 1 7 3 10 3 8 5 4 4 5 5 5 3 4 4 4 2
230.4; 4.501e-12; True; 1 20 156 163 388 438 484 547 634 713 723 900; 4 1 7 4 10 3 7 4 4 5 5 4 5 3 4 4 4 2
234.5; 4.921e-12; True; 1 20 30 156 163 388 438 547 634 713 723 900; 4 1 7 3 10 3 8 4 4 5 6 4 5 3 5 4 4 2
236.2; 5.065e-12; True; 1 20 112 163 388 438 484 547 634 713 723 900; 4 1 8 4 10 3 6 4 4 6 4 3 5 4 4 5 4 2
236.3; 5.315e-12; True; 1 20 112 163 173 388 438 547 634 713 723 900; 4 1 8 3 10 3 7 5 4 5 4 4 5 4 4 5 4 2
239.5; 5.494e-12; True; 1 20 30 156 163 388 438 547 713 723 885 900; 5 1 8 3 10 3 8 5 4 5 5 4 5 3 5 3 5 2
240.3; 5.562e-12; True; 1 20 156 173 329 388 438 484 547 634 713 723 900; 5 1 8 4 10 3 8 4 5 5 6 5 5 3 4 5 4 1
242.2; 5.833e-12; True; 1 20 30 112 163 388 438 547 634 713 723 900; 4 1 8 3 10 3 7 4 4 6 5 3 5 4 5 5 4 2
243.1; 6.03e-12; True; 1 20 30 112 156 163 388 484 547 634 723 900; 4 1 8 3 10 3 7 4 5 6 5 4 5 3 4 5 4 2
244.1; 6.039e-12; True; 1 20 30 112 163 173 388 438 547 713 723 900; 5 1 9 3 10 3 7 5 4 6 4 3 6 4 4 4 5 2
245.4; 6.412e-12; True; 1 20 112 156 163 388 438 484 547 634 713 723; 4 1 8 3 11 3 7 5 5 5 5 4 5 4 4 4 4 2
248.2; 6.812e-12; True; 1 20 30 112 156 163 388 484 547 723 885 900; 5 1 9 3 10 3 7 5 5 6 4 4 5 3 4 4 5 2
250.2; 6.881e-12; True; 1 20 30 112 156 163 388 484 547 634 713 723; 4 1 8 3 11 3 8 4 5 5 5 4 5 4 5 4 4 2
251.5; 6.924e-12; True; 1 20 30 112 156 163 388 438 547 713 723 900; 4 1 8 3 10 4 7 5 5 6 5 3 5 4 4 4 4 2
252.4; 7.056e-12; True; 1 20 163 173 329 388 438 484 547 634 713 723 900; 6 1 9 4 10 2 8 4 4 5 5 4 6 3 4 5 5 2
253.9; 7.277e-12; True; 1 20 112 260 329 388 438 484 547 612 713 723 900; 5 1 9 4 9 3 6 4 5 6 5 4 6 4 4 5 5 1
256.2; 7.718e-12; True; 1 20 127 163 173 388 438 484 547 634 713 723 900; 5 1 9 4 11 2 7 5 4 5 5 4 6 4 4 4 5 2
258.6; 7.856e-12; True; 1 20 112 173 260 388 438 484 547 634 713 723 900; 4 1 9 4 10 3 7 5 4 6 5 5 6 4 4 5 5 1
259.8; 8.265e-12; True; 1 20 163 173 329 388 438 455 547 634 713 723 900; 5 1 8 4 9 3 8 4 5 4 5 4 5 4 4 5 4 2
260; 8.378e-12; True; 1 20 156 163 173 329 388 438 547 634 713 723 900; 5 1 8 3 10 3 9 5 5 4 6 5 5 3 4 5 4 2
260.5; 8.439e-12; True; 1 20 30 127 163 173 388 438 547 634 713 723 900; 5 1 9 3 11 2 8 5 4 5 6 4 6 4 5 4 5 2
260.8; 9.046e-12; True; 1 20 156 163 329 388 438 484 547 634 713 723 900; 5 1 8 4 10 3 8 4 5 5 6 4 5 3 4 5 4 2
265.5; 9.228e-12; True; 1 20 156 163 329 388 438 484 547 612 713 723 900; 6 1 8 4 10 3 7 4 5 5 5 4 6 3 4 4 5 2
266.6; 1.021e-11; True; 1 20 156 163 173 388 438 484 547 634 713 723 900; 5 1 8 4 11 3 8 5 4 5 5 5 6 3 4 4 5 2
268.6; 1.056e-11; True; 1 20 112 163 173 329 388 438 547 634 713 723 900; 5 1 9 3 10 3 8 5 5 5 5 4 5 4 4 6 4 2
270.5; 1.063e-11; True; 1 20 112 163 173 388 438 547 634 636 713 723 900; 4 1 8 4 11 3 7 5 4 5 5 4 6 4 4 5 5 2
270.7; 1.107e-11; True; 1 20 30 156 163 173 388 438 547 634 713 723 900; 5 1 8 3 11 3 9 5 4 5 6 5 6 3 5 4 5 2
273.4; 1.226e-11; True; 1 20 112 163 173 388 438 484 547 634 713 723 900; 5 1 9 4 11 3 7 5 4 6 4 4 6 4 4 5 5 2
277.3; 1.278e-11; True; 1 20 112 163 260 388 438 484 547 634 713 723 900; 4 1 9 4 10 3 7 5 4 6 5 4 6 4 4 5 5 2
279.4; 1.394e-11; True; 1 20 30 112 163 173 388 438 547 634 713 723 900; 5 1 9 3 11 3 8 5 4 6 5 4 6 4 5 5 5 2
281.7; 1.405e-11; True; 1 20 112 156 163 388 438 484 547 634 713 723 900; 4 1 8 4 11 4 7 5 5 6 5 4 5 4 4 5 4 2
284.5; 1.461e-11; True; 1 20 30 112 163 388 438 547 634 713 723 885 900; 5 1 9 3 11 3 8 5 4 6 5 4 5 4 6 5 5 2
285.5; 1.471e-11; True; 1 20 30 112 163 388 438 455 547 634 723 885 900; 5 1 9 3 10 3 7 5 5 6 5 4 5 4 5 5 5 2
286.3; 1.475e-11; True; 1 20 30 112 156 163 388 484 547 634 723 885 900; 5 1 9 3 11 3 8 5 5 6 5 5 5 3 5 5 5 2
287.4; 1.508e-11; True; 1 20 30 112 156 163 388 484 547 634 713 723 900; 4 1 8 4 11 4 8 4 5 6 5 4 5 4 5 5 4 2
287.8; 1.536e-11; True; 1 20 30 112 156 163 388 438 547 634 713 723 900; 4 1 8 3 11 4 8 5 5 6 6 4 5 4 5 5 4 2
289.5; 1.616e-11; True; 1 20 30 112 156 163 388 438 484 547 634 713 723; 5 1 9 3 12 3 8 5 5 6 6 4 6 4 5 4 5 2
293.3; 1.627e-11; True; 1 20 30 112 156 163 260 388 484 547 713 723 900; 4 1 9 4 10 4 8 5 5 6 5 4 6 4 4 4 5 2
294.5; 1.704e-11; True; 1 20 30 112 156 163 388 484 547 713 723 885 900; 5 1 9 4 11 4 8 5 5 6 4 4 5 4 5 4 5 2
294.8; 1.737e-11; True; 1 20 30 112 156 163 388 438 547 713 723 885 900; 5 1 9 3 11 4 8 6 5 6 5 4 5 4 5 4 5 2
299.1; 1.796e-11; True; 1 20 156 163 173 187 388 438 484 547 634 713 723 900; 5 1 8 4 12 3 9 5 5 5 6 5 6 4 4 4 5 2
299.9; 1.938e-11; True; 1 20 156 163 173 329 388 438 484 547 634 713 723 900; 6 1 9 4 11 3 9 5 5 5 6 5 6 3 4 5 5 2
304.6; 1.961e-11; True; 1 20 156 163 260 329 388 438 484 547 634 713 723 900; 5 1 9 4 10 3 9 5 5 5 7 5 6 3 4 5 5 2
304.8; 2.029e-11; True; 1 20 112 163 173 329 388 438 547 634 636 713 723 900; 5 1 9 4 11 3 8 5 5 5 6 4 6 4 4 6 5 2
305; 2.056e-11; True; 1 20 127 156 163 173 388 438 484 547 634 713 723 900; 5 1 9 4 12 3 8 6 5 5 6 5 6 4 4 4 5 2
305.8; 2.074e-11; True; 1 20 30 163 173 329 388 438 455 547 634 713 723 900; 6 1 9 4 10 3 9 4 5 5 6 4 6 4 5 5 5 2
306; 2.123e-11; True; 1 20 112 163 173 187 388 438 484 547 634 713 723 900; 5 1 9 4 12 3 8 5 5 6 5 4 6 5 4 5 5 2
307.7; 2.325e-11; True; 1 20 112 163 173 329 388 438 484 547 634 713 723 900; 6 1 10 4 11 3 8 5 5 6 5 4 6 4 4 6 5 2
311.4; 2.417e-11; True; 1 20 112 163 260 329 388 438 484 547 634 713 723 900; 5 1 10 4 10 3 8 5 5 6 6 4 6 4 4 6 5 2
313.1; 2.449e-11; True; 1 20 112 163 329 388 438 483 484 547 634 713 723 900; 5 1 9 4 11 3 7 5 5 6 5 4 6 4 5 6 5 2
315.7; 2.522e-11; True; 1 20 30 112 163 173 329 388 438 547 634 713 723 900; 6 1 10 3 11 3 9 5 5 6 6 4 6 4 5 6 5 2
316; 2.575e-11; True; 1 20 112 156 163 329 388 438 484 547 634 713 723 900; 5 1 9 4 11 4 8 5 6 6 6 4 5 4 4 6 4 2
317.9; 2.638e-11; True; 1 20 112 163 260 388 438 484 547 612 634 713 723 900; 5 1 9 4 11 3 7 5 4 6 5 5 7 4 5 5 6 2
319.9; 2.676e-11; True; 1 20 30 156 163 173 388 438 455 547 634 713 723 900; 5 1 8 4 11 4 9 5 5 5 6 5 6 4 5 4 5 2
320.5; 2.802e-11; True; 1 20 30 112 163 173 388 438 484 547 634 713 723 900; 6 1 10 4 12 3 8 5 4 7 5 4 7 4 5 5 6 2
322.9; 3.029e-11; True; 1 20 112 156 163 173 388 438 484 547 634 713 723 900; 5 1 9 4 12 4 8 6 5 6 5 5 6 4 4 5 5 2
324.7; 3.094e-11; True; 1 20 112 156 163 388 438 484 547 612 634 713 723 900; 5 1 8 4 12 4 7 5 5 6 5 5 6 4 5 5 5 2
328.8; 3.163e-11; True; 1 20 30 112 163 173 388 438 455 547 634 713 723 900; 5 1 9 4 11 4 8 5 5 6 5 4 6 5 5 5 5 2
328.9; 3.285e-11; True; 1 20 30 112 156 163 173 388 438 547 634 713 723 900; 5 1 9 3 12 4 9 6 5 6 6 5 6 4 5 5 5 2
329.8; 3.445e-11; True; 1 20 30 112 156 163 388 438 484 547 634 713 723 900; 5 1 9 4 12 4 8 5 5 7 6 4 6 4 5 5 5 2
334.6; 3.513e-11; True; 1 20 30 112 156 163 388 484 547 634 713 723 885 900; 5 1 9 4 12 4 9 5 5 6 5 5 5 4 6 5 5 2
337.8; 3.583e-11; True; 1 20 30 112 156 163 388 438 484 547 713 723 885 900; 6 1 10 4 12 4 8 6 5 7 5 4 6 4 5 4 6 2
341.4; 3.623e-11; True; 1 20 30 112 156 163 260 388 484 547 713 723 885 900; 5 1 10 4 11 4 9 6 5 6 5 5 6 4 5 4 6 2
343.8; 3.625e-11; True; 1 20 112 163 187 260 329 388 484 547 612 634 713 723 900; 5 1 9 4 11 3 9 4 6 5 6 5 6 5 5 6 5 2
344.8; 3.931e-11; True; 1 20 112 163 173 329 388 438 484 547 634 636 713 723 900; 6 1 10 5 12 3 8 5 5 6 6 4 7 4 4 6 6 2
348.5; 3.977e-11; True; 1 20 112 163 260 329 388 438 484 547 634 636 713 723 900; 5 1 10 5 11 3 8 5 5 6 7 4 7 4 4 6 6 2
348.6; 3.979e-11; True; 1 20 112 144 163 260 329 388 438 484 547 634 713 723 900; 5 1 10 4 10 4 8 5 5 6 6 4 7 4 4 7 6 2
349.7; 4.158e-11; True; 1 20 112 127 163 173 329 388 438 484 547 634 713 723 900; 6 1 11 4 12 3 8 6 6 6 6 4 6 5 4 6 5 2
350; 4.225e-11; True; 1 20 112 163 173 187 388 438 484 547 612 634 713 723 900; 6 1 9 4 13 3 8 5 5 6 5 5 7 5 5 5 6 2
352; 4.228e-11; True; 1 20 112 163 173 187 260 388 438 484 547 634 713 723 900; 5 1 10 4 12 3 9 6 5 6 6 5 7 5 4 5 6 2
352.3; 4.392e-11; True; 1 20 112 163 187 260 388 438 484 547 612 634 713 723 900; 5 1 9 4 12 3 8 5 5 6 6 5 7 5 5 5 6 2
352.5; 4.516e-11; True; 1 20 112 163 173 329 388 438 484 547 612 634 713 723 900; 7 1 10 4 12 3 8 5 5 6 5 5 7 4 5 6 6 2
354.5; 4.6e-11; True; 1 20 112 163 173 260 329 388 438 484 547 634 713 723 900; 6 1 11 4 11 3 9 6 5 6 6 5 7 4 4 6 6 2
354.8; 4.81e-11; True; 1 20 112 163 260 329 388 438 484 547 612 634 713 723 900; 6 1 10 4 11 3 8 5 5 6 6 5 7 4 5 6 6 2
358.3; 4.917e-11; True; 1 20 112 163 260 329 388 438 484 537 547 634 713 723 900; 5 1 10 4 11 3 8 6 5 6 6 5 7 4 5 6 6 2
360; 5.261e-11; True; 1 20 112 156 163 173 329 388 438 484 547 634 713 723 900; 6 1 10 4 12 4 9 6 6 6 6 5 6 4 4 6 5 2
361.7; 5.465e-11; True; 1 20 112 156 163 329 388 438 484 547 612 634 713 723 900; 6 1 9 4 12 4 8 5 6 6 6 5 6 4 5 6 5 2
365.8; 5.587e-11; True; 1 20 112 156 163 329 388 438 484 537 547 634 713 723 900; 5 1 9 4 12 4 8 6 6 6 6 5 6 4 5 6 5 2
367.9; 5.824e-11; True; 1 20 30 112 156 163 329 388 438 484 547 634 713 723 900; 6 1 10 4 12 4 9 5 6 7 7 4 6 4 5 6 5 2
371.2; 6.017e-11; True; 1 20 112 156 163 260 388 438 484 547 612 634 713 723 900; 5 1 9 4 12 4 8 6 5 6 6 6 7 4 5 5 6 2
373; 6.165e-11; True; 1 20 25 112 156 163 388 438 484 547 612 634 713 723 900; 5 1 9 5 13 4 8 6 5 7 5 5 7 4 5 5 6 2
373.8; 6.601e-11; True; 1 20 30 112 156 163 173 388 438 484 547 634 713 723 900; 6 1 10 4 13 4 9 6 5 7 6 5 7 4 5 5 6 2
378.6; 6.678e-11; True; 1 20 30 112 156 163 260 388 438 484 547 634 713 723 900; 5 1 10 4 12 4 9 6 5 7 7 5 7 4 5 5 6 2
379.9; 7.1e-11; True; 1 20 30 112 156 163 388 438 484 547 634 713 723 885 900; 6 1 10 4 13 4 9 6 5 7 6 5 6 4 6 5 6 2
390.1; 7.549e-11; True; 1 20 25 112 163 187 260 329 388 484 547 612 634 713 723 900; 5 1 10 5 12 3 10 5 6 6 6 5 7 5 5 6 6 2
393.8; 7.573e-11; True; 1 20 112 163 260 329 388 438 484 547 612 634 636 713 723 900; 6 1 10 5 12 3 8 5 5 6 7 5 8 4 5 6 7 2
394; 7.577e-11; True; 1 20 112 144 163 260 329 388 438 484 547 612 634 713 723 900; 6 1 10 4 11 4 8 5 5 6 6 5 8 4 5 7 7 2
396.5; 7.857e-11; True; 1 20 112 156 163 173 187 329 388 438 484 547 634 713 723 900; 6 1 10 4 13 4 10 6 7 6 7 5 6 5 4 6 5 2
398.1; 8.206e-11; True; 1 20 112 156 163 187 329 388 438 484 547 612 634 713 723 900; 6 1 9 4 13 4 9 5 7 6 7 5 6 5 5 6 5 2
400.9; 8.226e-11; True; 1 20 25 112 163 260 329 388 484 547 612 634 713 723 765 900; 5 1 10 6 12 3 9 6 5 7 5 5 8 4 5 6 7 2
401; 8.657e-11; True; 1 20 112 156 163 173 329 388 438 484 547 634 636 713 723 900; 6 1 10 5 13 4 9 6 6 6 7 5 7 4 4 6 6 2
402.6; 8.992e-11; True; 1 20 112 156 163 329 388 438 484 547 612 634 636 713 723 900; 6 1 9 5 13 4 8 5 6 6 7 5 7 4 5 6 6 2
406.2; 9.18e-11; True; 1 20 112 156 163 173 187 388 438 484 547 612 634 713 723 900; 6 1 9 4 14 4 9 6 6 6 6 6 7 5 5 5 6 2
406.8; 9.193e-11; True; 1 20 112 156 163 329 388 438 484 537 547 634 636 713 723 900; 5 1 9 5 13 4 8 6 6 6 7 5 7 4 5 6 6 2
407.7; 9.228e-11; True; 1 20 112 163 173 329 388 438 455 484 547 612 634 713 723 900; 7 1 10 5 12 4 8 5 6 6 5 5 7 5 5 6 6 2
408.7; 9.812e-11; True; 1 20 112 156 163 173 329 388 438 484 547 612 634 713 723 900; 7 1 10 4 13 4 9 6 6 6 6 6 7 4 5 6 6 2
410.1; 9.828e-11; True; 1 20 112 163 260 329 388 438 455 484 547 612 634 713 723 900; 6 1 10 5 11 4 8 5 6 6 6 5 7 5 5 6 6 2
410.9; 1.034e-10; True; 1 20 25 112 156 163 260 329 388 484 547 612 634 713 723 900; 5 1 10 5 12 4 10 6 6 6 6 6 7 4 5 6 6 2
412.8; 1.071e-10; True; 1 20 25 112 156 163 329 388 438 484 547 612 634 713 723 900; 6 1 10 5 13 4 9 6 6 7 6 5 7 4 5 6 6 2
414.9; 1.076e-10; True; 1 20 30 112 156 163 173 329 388 438 484 547 634 713 723 900; 7 1 11 4 13 4 10 6 6 7 7 5 7 4 5 6 6 2
417.5; 1.086e-10; True; 1 20 30 112 156 163 329 388 438 484 547 612 634 713 723 900; 7 1 10 4 13 4 9 5 6 7 7 5 7 4 6 6 6 2
419.5; 1.094e-10; True; 1 20 30 112 156 163 260 329 388 438 484 547 634 713 723 900; 6 1 11 4 12 4 10 6 6 7 8 5 7 4 5 6 6 2
420.4; 1.099e-10; True; 1 20 25 112 156 163 260 388 438 484 547 612 634 713 723 900; 5 1 10 5 13 4 9 7 5 7 6 6 8 4 5 5 7 2
420.9; 1.105e-10; True; 1 20 25 30 112 156 163 329 388 438 484 547 634 713 723 900; 6 1 11 5 13 4 10 6 6 8 7 4 7 4 5 6 6 2
421.4; 1.13e-10; True; 1 20 25 30 112 156 163 260 329 388 484 547 634 713 723 900; 5 1 11 5 12 4 11 6 6 7 7 5 7 4 5 6 6 2
421.7; 1.138e-10; True; 1 20 30 112 156 163 329 388 438 484 537 547 634 713 723 900; 6 1 10 4 13 4 9 6 6 7 7 5 7 4 6 6 6 2
421.9; 1.157e-10; True; 1 20 30 112 156 163 329 388 438 484 547 634 713 723 885 900; 7 1 11 4 13 4 10 6 6 7 7 5 6 4 6 6 6 2
426.9; 1.196e-10; True; 1 20 30 112 156 163 173 388 438 484 547 634 713 723 885 900; 7 1 11 4 14 4 10 7 5 7 6 6 7 4 6 5 7 2
430.7; 1.205e-10; True; 1 20 30 112 156 163 388 438 484 547 612 634 713 723 885 900; 7 1 10 4 14 4 9 6 5 7 6 6 7 4 7 5 7 2
430.9; 1.268e-10; True; 1 20 30 112 156 163 173 388 438 455 484 547 634 713 723 900; 6 1 10 5 13 5 9 6 6 7 6 5 7 5 5 5 6 2
435.3; 1.291e-10; True; 1 20 30 112 156 163 173 388 438 455 547 634 713 723 885 900; 6 1 10 4 13 5 10 7 6 6 6 6 6 5 6 5 6 2
437; 1.364e-10; True; 1 20 30 112 156 163 388 438 455 484 547 634 713 723 885 900; 6 1 10 5 13 5 9 6 6 7 6 5 6 5 6 5 6 2
440.3; 1.375e-10; True; 1 20 25 112 163 187 260 329 388 438 484 547 612 634 713 723 900; 6 1 11 5 13 3 10 6 6 7 7 5 8 5 5 6 7 2
450.3; 1.377e-10; True; 1 20 25 112 163 187 329 388 438 455 484 547 612 634 713 723 900; 6 1 10 6 13 4 9 5 7 7 6 4 7 6 5 6 6 2
450.7; 1.495e-10; True; 1 20 25 42 112 163 187 329 388 438 483 484 547 634 713 723 900; 5 1 10 5 14 4 9 6 6 7 7 5 7 5 6 6 6 2
451.2; 1.599e-10; True; 1 20 25 112 156 163 187 329 388 438 484 547 612 634 713 723 900; 6 1 10 5 14 4 10 6 7 7 7 5 7 5 5 6 6 2
455.5; 1.614e-10; True; 1 20 112 156 163 329 388 438 484 537 547 612 634 636 713 723 900; 6 1 9 5 14 4 8 6 6 6 7 6 8 4 6 6 7 2
458.8; 1.661e-10; True; 1 20 30 112 156 163 173 329 388 438 484 547 634 636 713 723 900; 7 1 11 5 14 4 10 6 6 7 8 5 8 4 5 6 7 2
459.9; 1.758e-10; True; 1 20 25 112 156 163 260 329 388 484 537 547 612 634 713 723 900; 5 1 10 5 13 4 10 7 6 6 6 7 8 4 6 6 7 2
463.1; 1.835e-10; True; 1 20 25 112 156 163 260 329 388 438 484 547 612 634 713 723 900; 6 1 11 5 13 4 10 7 6 7 7 6 8 4 5 6 7 2
469.8; 1.857e-10; True; 1 20 30 112 163 260 329 388 438 455 484 547 612 634 713 723 900; 7 1 11 5 12 4 9 5 6 7 7 5 8 5 6 6 7 2
470.2; 1.901e-10; True; 1 20 112 156 163 260 329 388 438 455 484 547 612 634 713 723 900; 6 1 10 5 12 5 9 6 7 6 7 6 7 5 5 6 6 2
470.9; 1.902e-10; True; 1 20 30 112 163 173 329 388 438 455 484 547 634 713 723 885 900; 8 1 12 5 13 4 10 6 6 7 6 5 7 5 6 6 7 2
472.6; 1.924e-10; True; 1 20 30 112 156 163 260 329 388 484 547 612 634 713 723 765 900; 6 1 10 5 13 4 10 6 6 7 7 6 8 4 6 6 7 2
473.7; 1.94e-10; True; 1 20 25 112 156 163 329 388 438 484 547 612 634 713 723 885 900; 7 1 11 5 14 4 10 7 6 7 6 6 7 4 6 6 7 2
474; 2.011e-10; True; 1 20 30 112 156 163 173 329 388 438 455 484 547 634 713 723 900; 7 1 11 5 13 5 10 6 7 7 7 5 7 5 5 6 6 2
476.6; 2.03e-10; True; 1 20 30 112 156 163 329 388 438 455 484 547 612 634 713 723 900; 7 1 10 5 13 5 9 5 7 7 7 5 7 5 6 6 6 2
478.6; 2.044e-10; True; 1 20 30 112 156 163 260 329 388 438 455 484 547 634 713 723 900; 6 1 11 5 12 5 10 6 7 7 8 5 7 5 5 6 6 2
481; 2.163e-10; True; 1 20 30 112 156 163 329 388 438 455 484 547 634 713 723 885 900; 7 1 11 5 13 5 10 6 7 7 7 5 6 5 6 6 6 2
488; 2.298e-10; True; 1 20 30 112 156 163 173 388 438 455 484 547 634 713 723 885 900; 7 1 11 5 14 5 10 7 6 7 6 6 7 5 6 5 7 2
491.8; 2.315e-10; True; 1 20 30 112 156 163 388 438 455 484 547 612 634 713 723 885 900; 7 1 10 5 14 5 9 6 6 7 6 6 7 5 7 5 7 2
493.7; 2.382e-10; True; 1 20 30 112 156 163 260 388 438 455 484 547 634 713 723 885 900; 6 1 11 5 13 5 10 7 6 7 7 6 7 5 6 5 7 2
502.1; 2.477e-10; True; 1 20 25 112 163 187 260 329 388 484 537 547 612 634 713 723 769 900; 5 1 10 6 13 4 10 6 6 7 6 6 8 6 6 6 7 2
506.7; 2.496e-10; True; 1 20 30 112 156 163 329 388 438 484 547 634 713 723 874 885 900; 7 1 11 5 13 5 10 6 6 8 7 5 7 5 6 6 7 2
506.8; 2.539e-10; True; 1 20 112 156 163 187 260 329 388 438 484 537 547 634 713 723 765 900; 5 1 10 5 14 4 10 8 7 7 8 6 8 5 5 6 7 2
508.9; 2.547e-10; True; 1 20 112 156 163 260 329 388 438 484 547 612 634 636 713 723 765 900; 6 1 10 6 14 4 9 7 6 7 8 6 9 4 5 6 8 2
510.1; 2.617e-10; True; 1 20 30 112 156 163 187 329 388 438 484 547 634 636 713 723 885 900; 7 1 11 5 15 4 11 6 7 7 9 5 7 5 6 6 7 2
510.3; 2.618e-10; True; 1 20 112 156 163 329 388 438 484 537 547 612 634 636 713 723 765 900; 6 1 9 6 15 4 8 7 6 7 7 6 9 4 6 6 8 2
513.2; 2.731e-10; True; 1 20 25 112 156 163 260 329 388 413 438 484 547 612 634 713 723 900; 6 1 11 6 13 5 10 7 6 8 7 6 8 4 5 6 7 2
513.9; 2.734e-10; True; 1 20 112 156 163 260 329 388 413 438 484 537 547 612 634 713 723 900; 6 1 10 5 13 5 9 7 6 7 7 7 8 4 6 6 7 2
516.6; 2.763e-10; True; 1 20 30 112 156 163 260 329 388 438 484 547 612 634 636 713 723 900; 7 1 11 5 14 4 10 6 6 7 9 6 9 4 6 6 8 2
516.8; 2.867e-10; True; 1 20 112 156 163 260 329 388 438 484 537 547 612 634 713 723 765 900; 6 1 10 5 14 4 9 8 6 7 7 7 9 4 6 6 8 2
518.7; 2.881e-10; True; 1 20 30 112 156 163 173 329 388 438 484 547 634 636 713 723 885 900; 8 1 12 5 15 4 11 7 6 7 8 6 8 4 6 6 8 2
521.9; 2.905e-10; True; 1 20 30 112 156 163 260 329 388 413 438 484 547 612 634 713 723 900; 7 1 11 5 13 5 10 6 6 8 8 6 8 4 6 6 7 2
522.3; 2.928e-10; True; 1 20 30 112 156 163 329 388 438 484 547 612 634 636 713 723 885 900; 8 1 11 5 15 4 10 6 6 7 8 6 8 4 7 6 8 2
522.6; 2.951e-10; True; 1 20 25 112 156 163 260 329 388 455 484 547 612 634 713 723 781 900; 6 1 11 6 13 5 11 7 7 6 7 6 8 5 5 6 7 2
522.8; 3.091e-10; True; 1 20 25 42 112 163 260 329 388 438 455 484 547 612 634 713 723 900; 6 1 11 6 13 5 9 6 6 7 7 6 8 5 6 6 7 2
526.8; 3.232e-10; True; 1 20 112 156 163 260 329 388 438 455 484 537 547 612 634 713 723 900; 6 1 10 5 13 5 9 7 7 6 7 7 8 5 6 6 7 2
529.7; 3.266e-10; True; 1 20 30 112 156 163 329 388 438 455 484 547 634 636 713 723 885 900; 7 1 11 6 14 5 10 6 7 7 8 5 7 5 6 6 7 2
532.6; 3.281e-10; True; 1 20 25 112 156 163 329 388 438 484 537 547 612 634 713 723 769 900; 6 1 10 6 14 5 9 7 6 8 6 6 8 5 6 6 7 2
534.9; 3.552e-10; True; 1 20 30 112 156 163 173 329 388 438 455 484 547 634 713 723 885 900; 8 1 12 5 14 5 11 7 7 7 7 6 7 5 6 6 7 2
538.6; 3.61e-10; True; 1 20 30 112 156 163 329 388 438 455 484 547 612 634 713 723 885 900; 8 1 11 5 14 5 10 6 7 7 7 6 7 5 7 6 7 2
540.5; 3.672e-10; True; 1 20 30 112 156 163 260 329 388 438 455 484 547 634 713 723 885 900; 7 1 12 5 13 5 11 7 7 7 8 6 7 5 6 6 7 2
545.9; 3.746e-10; True; 1 20 30 112 156 163 329 388 438 455 483 484 547 634 713 723 885 900; 7 1 11 5 14 5 10 7 7 7 7 6 7 5 7 6 7 2
550.1; 3.79e-10; True; 1 20 30 112 156 163 260 388 438 455 484 547 612 634 713 723 885 900; 7 1 11 5 14 5 10 7 6 7 7 7 8 5 7 5 8 2
557.6; 3.795e-10; True; 1 20 30 112 156 163 260 388 438 455 483 484 547 634 713 723 885 900; 6 1 11 5 14 5 10 8 6 7 7 7 8 5 7 5 8 2
561.5; 3.951e-10; True; 1 20 30 112 156 163 173 329 388 438 484 547 634 713 723 874 885 900; 8 1 12 5 14 5 11 7 6 8 7 6 8 5 6 6 8 2
566.1; 4.016e-10; True; 1 20 30 112 156 163 329 388 438 484 547 612 634 713 723 874 885 900; 8 1 11 5 14 5 10 6 6 8 7 6 8 5 7 6 8 2
568.2; 4.085e-10; True; 1 20 30 112 156 163 260 329 388 438 484 547 634 713 723 874 885 900; 7 1 12 5 13 5 11 7 6 8 8 6 8 5 6 6 8 2
570.1; 4.153e-10; True; 1 20 30 112 156 163 173 329 388 438 455 547 634 713 723 874 885 900; 7 1 11 5 13 6 11 7 7 7 7 6 7 6 6 6 7 2
570.3; 4.334e-10; True; 1 20 30 112 156 163 173 329 388 438 484 547 634 636 688 713 723 885 900; 8 1 12 5 16 5 11 7 6 7 8 6 8 5 6 7 8 2
574.7; 4.492e-10; True; 1 20 25 112 156 163 260 329 388 455 483 484 547 612 634 636 713 723 900; 5 1 10 7 14 5 10 7 7 6 7 7 9 5 6 6 8 2
574.8; 4.599e-10; True; 1 20 25 112 156 163 260 329 388 438 455 484 547 612 634 636 713 723 900; 6 1 11 7 14 5 10 7 7 7 8 6 9 5 5 6 8 2
581.5; 4.715e-10; True; 1 20 112 156 163 173 329 388 438 455 484 547 612 634 636 713 723 885 900; 8 1 11 6 15 5 10 7 7 6 7 7 8 5 6 6 8 2
581.6; 4.73e-10; True; 1 20 30 112 156 163 187 329 388 438 484 547 612 634 713 723 765 885 900; 8 1 11 5 16 4 11 7 7 8 8 6 8 5 7 6 8 2
581.7; 4.77e-10; True; 1 20 25 112 156 163 260 329 388 484 537 547 612 634 713 723 765 769 900; 5 1 10 7 14 5 10 8 6 8 6 7 9 5 6 6 8 2
584.8; 4.874e-10; True; 1 20 112 156 163 260 329 388 438 455 484 547 612 634 636 713 723 885 900; 7 1 11 6 14 5 10 7 7 6 8 7 8 5 6 6 8 2
585.5; 5.145e-10; True; 1 20 112 156 163 260 329 388 438 455 484 537 547 612 634 713 723 765 900; 6 1 10 6 14 5 9 8 7 7 7 7 9 5 6 6 8 2
594.6; 5.237e-10; True; 1 20 25 112 156 163 260 329 388 455 484 547 612 634 713 723 765 885 900; 6 1 11 7 14 5 11 8 7 7 6 7 8 5 6 6 8 2
595.3; 5.387e-10; True; 1 20 30 112 156 163 173 329 388 438 455 484 547 612 634 713 723 765 900; 8 1 11 6 15 5 10 7 7 8 7 6 9 5 6 6 8 2
595.6; 5.569e-10; True; 1 20 30 112 156 163 260 329 388 438 455 484 547 612 634 713 723 765 900; 7 1 11 6 14 5 10 7 7 8 8 6 9 5 6 6 8 2
599.7; 5.744e-10; True; 1 20 30 112 156 163 260 329 388 438 455 484 547 612 634 713 723 885 900; 8 1 12 5 14 5 11 7 7 7 8 7 8 5 7 6 8 2
603.3; 5.818e-10; True; 1 20 30 112 156 163 329 388 438 455 484 547 612 634 713 723 765 885 900; 8 1 11 6 15 5 10 7 7 8 7 6 8 5 7 6 8 2
611.3; 5.857e-10; True; 1 20 30 112 156 163 329 388 438 455 484 547 612 634 713 723 769 885 900; 8 1 11 6 14 6 10 6 7 8 7 6 7 6 7 6 7 2
616.9; 5.981e-10; True; 1 20 30 67 112 156 163 260 388 438 455 484 547 612 634 713 723 885 900; 7 1 11 5 14 6 10 7 6 8 7 7 8 6 7 6 8 2
624.2; 6.032e-10; True; 1 20 25 30 112 156 163 260 329 388 438 484 547 612 634 713 723 874 900; 7 1 12 6 14 5 11 7 6 9 8 6 10 5 6 6 9 2
626.2; 6.179e-10; True; 1 20 30 112 156 163 173 329 388 438 455 484 547 612 634 713 723 874 900; 8 1 11 6 14 6 10 6 7 8 7 6 9 6 6 6 8 2
629.3; 6.221e-10; True; 1 20 30 112 156 163 260 329 388 438 484 547 612 634 713 723 874 885 900; 8 1 12 5 14 5 11 7 6 8 8 7 9 5 7 6 9 2
631.8; 6.314e-10; True; 1 20 112 156 163 260 329 388 438 455 484 547 612 634 713 723 874 885 900; 7 1 11 6 13 6 10 7 7 7 7 7 8 6 6 6 8 2
632.1; 6.429e-10; True; 1 20 30 112 156 163 260 329 388 413 438 484 537 547 612 634 636 713 723 900; 7 1 11 6 15 5 10 7 6 8 9 7 10 4 7 6 9 2
634.2; 6.672e-10; True; 1 20 30 112 156 163 329 388 438 455 484 547 612 634 713 723 874 885 900; 8 1 11 6 14 6 10 6 7 8 7 6 8 6 7 6 8 2
635.5; 6.698e-10; True; 1 20 25 112 156 163 240 260 329 388 483 484 547 612 634 713 723 765 769 900; 5 1 10 7 15 5 11 8 7 8 7 7 9 5 6 7 8 2
636.2; 6.786e-10; True; 1 20 30 112 156 163 260 329 388 438 455 484 547 634 713 723 874 885 900; 7 1 12 6 13 6 11 7 7 8 8 6 8 6 6 6 8 2
638; 7.04e-10; True; 1 20 25 112 156 163 187 329 388 438 483 484 547 612 634 713 723 765 769 900; 6 1 10 7 16 5 10 8 7 9 7 6 9 6 6 6 8 2
649.6; 7.407e-10; True; 1 20 112 156 163 260 329 388 438 455 483 484 547 612 634 636 713 723 885 900; 7 1 11 6 15 5 10 8 7 6 8 8 9 5 7 6 9 2
653.6; 7.642e-10; True; 1 20 112 156 163 260 329 388 413 438 455 484 537 547 612 634 713 723 885 900; 7 1 11 6 14 6 10 8 7 7 7 8 8 5 7 6 8 2
657.1; 8.55e-10; True; 1 20 30 112 156 163 260 329 388 438 455 484 537 547 612 634 713 723 765 900; 7 1 11 6 15 5 10 8 7 8 8 7 10 5 7 6 9 2
672.9; 8.891e-10; True; 1 20 25 30 112 156 163 260 329 388 438 455 484 537 547 634 713 723 769 900; 6 1 12 7 14 6 11 8 7 9 8 6 9 6 6 6 8 2
676.5; 9.32e-10; True; 1 20 30 112 156 163 260 329 388 438 455 484 547 612 634 713 723 769 885 900; 8 1 12 6 14 6 11 7 7 8 8 7 8 6 7 6 8 2
697.4; 9.429e-10; True; 1 20 30 112 156 163 260 329 388 438 455 484 500 547 612 634 713 723 765 900; 7 1 12 6 15 5 11 8 8 8 9 7 9 6 6 6 8 2
698; 9.917e-10; True; 1 20 30 112 156 163 173 260 329 388 438 455 484 547 634 713 723 874 885 900; 8 1 13 6 14 6 12 8 7 8 8 7 9 6 6 6 9 2
707.9; 1.007e-09; True; 1 20 30 112 156 163 260 329 388 455 483 484 547 612 634 713 723 874 885 900; 7 1 11 6 14 6 11 7 7 7 7 8 9 6 8 6 9 2
712.3; 1.008e-09; True; 1 20 30 112 127 156 163 260 388 438 455 484 547 612 634 713 723 874 885 900; 7 1 12 6 15 6 10 8 7 8 8 7 9 7 7 5 9 2
714; 1.022e-09; True; 1 20 30 112 156 163 260 329 388 438 455 537 547 634 713 723 765 874 885 900; 6 1 11 6 14 6 11 9 7 8 8 7 9 6 7 6 9 2
714.3; 1.038e-09; True; 1 20 112 156 163 260 306 329 388 438 484 537 547 612 634 636 713 723 765 817 900; 6 1 10 7 16 5 10 8 6 8 8 7 10 5 6 6 9 3
720.8; 1.047e-09; True; 1 20 112 156 163 260 306 329 388 413 438 455 483 484 547 634 636 713 723 885 900; 6 1 11 7 14 6 11 8 7 7 8 7 8 5 6 6 8 3
722.7; 1.154e-09; True; 1 20 25 30 112 156 163 260 329 388 438 484 547 612 634 636 713 723 769 885 900; 8 1 13 7 16 5 12 8 6 9 9 7 10 5 7 6 10 2
725.1; 1.165e-09; True; 1 20 30 112 156 163 173 306 329 388 438 455 484 547 634 636 713 723 765 885 900; 8 1 12 7 16 5 12 8 7 8 8 6 9 5 6 6 9 3
733.8; 1.218e-09; True; 1 20 30 112 156 163 260 306 329 388 438 483 484 537 547 612 634 713 723 769 900; 7 1 11 5 15 5 11 8 6 8 8 8 10 5 8 6 9 3
733.9; 1.229e-09; True; 1 20 112 156 163 260 306 329 388 438 455 484 537 547 612 634 713 723 765 769 900; 6 1 10 7 14 6 10 8 7 8 7 7 9 6 6 6 8 3
735.9; 1.272e-09; True; 1 20 30 112 156 163 173 306 329 388 438 455 484 547 612 634 713 723 765 885 900; 9 1 12 6 16 5 12 8 7 8 7 7 9 5 7 6 9 3
742.3; 1.337e-09; True; 1 20 30 112 156 163 260 306 329 388 438 455 484 537 547 634 713 723 765 885 900; 7 1 12 6 15 5 12 9 7 8 8 7 9 5 7 6 9 3
742.8; 1.373e-09; True; 1 20 30 112 156 163 260 306 329 388 438 455 484 537 547 612 634 713 723 769 900; 7 1 11 6 14 6 11 7 7 8 8 7 9 6 7 6 8 3
778.9; 1.523e-09; True; 1 20 25 30 112 156 163 260 329 388 438 455 537 547 612 634 713 723 874 885 900; 7 1 12 6 15 6 12 9 7 8 8 8 10 6 8 6 10 2
794.4; 1.586e-09; True; 1 20 112 156 163 173 240 306 329 388 438 484 537 547 612 634 713 723 765 769 885 900; 8 1 11 6 17 5 12 9 7 8 7 8 9 5 7 7 9 3
803.7; 1.675e-09; True; 1 20 112 156 163 173 240 306 329 388 438 455 484 547 612 634 713 723 765 769 885 900; 8 1 11 7 16 6 12 8 8 8 7 7 8 6 6 7 8 3
816.2; 1.939e-09; True; 1 20 30 112 156 163 173 306 329 388 438 455 484 537 547 612 634 713 723 765 769 900; 8 1 11 7 16 6 11 8 7 9 7 7 10 6 7 6 9 3
839.3; 2.021e-09; True; 1 20 30 112 156 163 260 306 329 388 438 455 484 537 547 612 634 723 769 817 885 900; 8 1 12 6 15 6 11 8 7 9 8 8 9 6 7 6 9 3
855.5; 2.055e-09; True; 1 20 30 112 156 163 173 260 306 329 388 438 455 537 547 612 634 713 723 874 885 900; 8 1 12 5 15 6 13 9 7 7 8 9 10 6 8 6 10 3
856.7; 2.057e-09; True; 1 20 30 112 156 163 260 306 329 388 438 455 484 547 612 634 713 723 780 817 885 900; 8 1 12 6 16 6 12 7 7 8 9 7 8 7 8 7 8 3
863.3; 2.187e-09; True; 1 20 30 112 156 163 173 260 306 329 388 455 484 547 612 634 713 723 769 874 885 900; 8 1 12 7 14 7 13 7 7 8 7 8 9 7 7 6 9 3
865.6; 2.243e-09; True; 1 20 25 30 112 156 163 260 329 388 438 455 483 484 547 634 684 713 723 874 885 900; 7 1 13 7 15 6 12 9 7 9 9 7 10 7 8 7 10 2
877.6; 2.324e-09; True; 1 20 30 112 156 163 260 306 329 388 438 455 484 537 547 634 713 723 780 874 885 900; 7 1 12 6 15 6 12 8 7 8 9 7 9 7 8 7 9 3
904.7; 2.358e-09; True; 1 20 30 112 156 163 260 306 329 388 438 484 547 634 636 688 713 723 765 867 874 885 900; 8 1 13 7 17 6 13 8 6 9 10 6 10 7 6 8 10 3
904.8; 2.549e-09; True; 1 20 30 112 156 163 259 260 306 329 388 438 455 537 547 612 634 713 723 765 769 885 900; 8 1 12 6 16 6 13 9 7 8 8 9 9 6 8 6 10 3
919.3; 2.602e-09; True; 1 20 25 112 156 163 306 329 388 455 484 537 547 612 634 636 713 723 769 781 874 885 900; 7 1 11 9 16 7 12 8 7 8 7 7 10 7 7 6 10 3
921.2; 2.721e-09; True; 1 20 42 112 156 163 240 260 306 329 388 438 455 484 537 547 612 713 723 765 874 885 900; 7 1 11 7 16 7 11 9 8 8 8 8 10 6 7 6 10 3
922.8; 3e-09; True; 1 20 30 112 156 163 173 260 306 329 388 438 455 484 537 547 612 634 713 723 874 885 900; 9 1 13 6 16 6 13 9 7 8 8 9 11 6 8 6 11 3
959.4; 3.118e-09; True; 1 20 30 112 156 163 306 329 388 438 483 484 537 547 612 634 713 723 769 780 874 885 900; 8 1 11 6 17 6 11 8 6 9 8 8 10 7 10 7 10 3
972.6; 3.188e-09; True; 1 20 30 112 156 163 260 306 329 388 438 455 484 537 547 612 634 713 723 769 780 874 885; 8 1 12 6 16 6 12 8 7 8 9 8 10 8 9 6 10 3
989.5; 3.342e-09; True; 1 20 112 156 163 260 306 329 388 395 413 455 484 537 547 612 634 636 713 723 765 874 885 900; 7 1 11 9 16 7 12 9 7 8 7 8 11 6 8 6 11 3
995.3; 3.906e-09; True; 1 20 30 112 113 156 163 260 306 329 388 438 455 484 537 547 612 634 713 723 769 817 885 900; 8 1 13 7 17 7 12 8 7 10 9 8 10 7 8 6 10 3
1048; 3.963e-09; True; 1 20 30 112 156 163 260 306 329 388 455 483 484 537 547 575 634 694 713 723 769 874 885 900; 7 1 12 8 15 8 13 9 7 8 7 8 9 7 9 7 10 3
1050; 4.128e-09; True; 1 20 30 112 156 163 260 306 329 388 455 484 537 547 612 634 694 713 723 769 867 874 885 900; 8 1 12 8 15 8 13 7 7 8 8 8 9 8 8 8 9 3
1074; 4.588e-09; True; 1 20 30 112 156 163 259 260 267 306 329 388 438 484 537 547 612 634 713 723 765 769 817 885 900; 9 1 13 7 18 7 13 9 7 10 8 9 10 7 8 6 11 3
1103; 4.59e-09; True; 1 20 30 45 112 156 163 173 260 306 329 388 438 455 483 537 547 612 634 713 723 765 874 885 900; 9 1 13 6 18 6 13 11 7 9 8 10 13 6 9 6 12 3
1110; 4.833e-09; True; 1 20 30 112 156 163 173 260 329 388 438 483 484 537 547 612 634 713 723 765 769 780 874 885 900; 9 1 13 7 19 6 12 11 6 10 9 10 13 7 10 7 13 2
1121; 5.792e-09; True; 1 20 30 112 156 163 260 306 329 388 438 483 484 537 547 612 634 713 723 765 769 780 874 885 900; 8 1 12 7 18 6 12 10 6 10 9 9 12 7 10 7 12 3
1166; 6.171e-09; True; 1 20 30 112 156 163 260 306 329 388 438 455 484 537 547 612 634 713 723 750 769 780 874 885 900; 8 1 13 7 16 7 13 8 8 9 10 8 10 8 9 8 10 3
1202; 6.271e-09; True; 1 20 30 112 156 163 173 260 306 329 388 438 455 484 537 540 547 612 634 713 723 769 780 874 885 900; 9 1 13 7 18 7 13 9 7 9 9 9 11 8 9 7 11 3
1219; 6.457e-09; True; 1 20 30 112 156 163 260 306 329 388 455 483 484 537 547 612 634 694 723 741 765 769 867 874 885 900; 8 1 12 8 17 8 12 9 7 9 8 9 11 7 8 9 11 3
1225; 6.624e-09; True; 1 20 30 112 156 163 173 306 329 388 438 455 484 513 547 612 634 691 713 723 765 769 780 874 885 900; 10 1 13 8 18 7 12 9 8 10 8 7 10 9 9 7 11 3
1238; 6.729e-09; True; 1 20 30 112 156 163 173 306 329 388 455 484 537 547 575 634 691 713 723 765 769 780 867 874 885 900; 10 1 14 8 19 7 14 10 7 9 8 7 9 9 10 8 11 3
1327; 7.598e-09; True; 1 20 30 112 150 156 163 173 306 329 388 455 483 500 547 612 634 713 723 765 769 781 850 874 885 900; 9 1 12 7 17 9 15 10 10 8 8 9 10 10 9 6 10 3
1408; 7.818e-09; True; 1 20 30 112 156 163 260 306 329 332 388 413 438 484 505 547 612 634 684 713 723 726 817 850 874 885 900; 10 1 14 7 18 9 15 8 8 10 10 8 10 9 9 7 10 3
1435; 8.236e-09; True; 1 20 30 112 163 240 256 260 306 329 388 438 455 484 500 537 547 575 634 683 694 713 723 786 817 874 885 900; 8 1 15 8 19 7 15 9 8 10 10 7 9 9 8 11 11 3
1491; 9.223e-09; True; 1 20 30 112 156 163 260 272 306 388 455 483 484 500 547 612 634 694 713 723 761 769 780 850 874 885 900; 7 1 11 8 17 10 13 8 9 8 9 9 9 10 11 8 9 3
1539; 9.28e-09; True; 1 20 30 112 163 240 256 260 306 329 388 438 455 484 500 537 547 575 634 683 694 712 713 723 786 817 874 885 900; 8 1 16 8 20 7 15 9 8 10 10 7 10 9 8 12 12 3
1601; 1.045e-08; True; 1 20 30 112 156 163 260 272 306 353 388 455 483 484 500 547 612 634 694 713 723 761 769 780 850 874 885 900; 8 1 12 8 18 10 13 9 9 8 9 9 9 10 11 8 9 3
1734; 1.247e-08; True; 1 20 30 156 163 260 272 287 306 353 388 438 455 483 484 500 547 612 634 694 713 723 765 780 786 850 874 885 900; 9 1 12 8 20 9 14 11 8 9 10 9 11 8 11 8 11 3
