M: 20
Instance: 1
Algorithm: NSGA-II
Iteration: 1000
Population Size: 1000
Required Skills: 0 1 2 4 5 7 9 10 11 12 13 14 15 16 18 20 22 23 24 26
Distance; Skill Score; isValid; Team; Skill Counts
33.53; 4.218e-21; True; 174 307 389 727 906; 2 1 3 1 2 1 3 1 1 2 1 1 1 1 1 1 1 2 1 1
34.28; 3.317e-20; True; 164 389 502 785 879; 1 1 3 1 3 1 2 2 1 2 1 2 1 2 3 1 1 1 2 1
38.53; 7.001e-20; True; 1 164 389 507 727; 2 1 4 1 4 1 3 1 1 2 1 2 1 3 2 1 1 1 3 1
39.2; 9.517e-20; True; 30 164 389 502 906; 2 1 4 1 3 1 3 2 1 3 1 2 1 2 1 2 1 1 2 1
40.36; 1.165e-19; True; 1 30 113 164 389; 2 1 5 1 4 1 2 2 1 4 2 1 1 3 1 1 1 1 3 1
41.03; 1.789e-19; True; 164 389 502 727 879; 2 1 4 1 3 1 3 2 2 2 1 2 1 2 3 1 1 1 2 1
44.99; 5.716e-19; True; 30 100 164 389 594 890; 3 1 4 1 4 1 4 3 1 3 1 1 1 2 2 2 2 1 3 1
48.02; 1.003e-18; True; 164 389 502 507 785 879; 1 1 3 1 4 2 3 2 1 2 2 3 1 3 4 2 1 1 3 1
50.86; 2.198e-18; True; 30 164 389 549 594 890; 3 1 4 1 4 1 4 3 1 3 1 2 1 3 2 2 3 1 3 1
54.05; 2.221e-18; True; 30 164 389 549 890 906; 3 1 4 1 4 1 4 3 1 3 1 2 1 3 1 2 3 2 3 1
54.75; 4.858e-18; True; 164 389 502 507 727 879; 2 1 4 1 4 2 4 2 2 2 2 3 1 3 4 2 1 1 3 1
57.91; 6.507e-18; True; 30 164 389 549 879 890; 3 1 4 1 4 1 4 3 1 3 2 2 1 4 2 2 3 1 4 1
61.05; 6.629e-18; True; 1 30 113 164 389 549; 2 1 5 1 5 1 3 3 2 4 2 2 1 4 2 1 2 2 3 1
62.54; 1.032e-17; True; 30 164 389 502 549 879; 2 1 4 1 4 1 4 3 2 3 2 3 1 4 3 2 2 1 3 1
64.64; 1.034e-17; True; 30 164 353 389 549 594 890; 4 1 5 1 5 1 4 3 1 3 2 2 1 3 2 3 3 1 4 1
65.76; 1.067e-17; True; 30 113 164 219 389 502; 3 1 5 1 4 2 3 3 2 3 3 2 1 3 3 2 1 1 3 1
66.39; 1.285e-17; True; 30 164 389 531 549 594 890; 4 1 4 1 5 1 4 4 1 3 2 2 1 4 2 2 4 1 4 1
67.65; 1.443e-17; True; 30 100 164 389 507 594 890; 3 1 4 1 5 2 5 3 1 3 2 2 1 3 3 3 2 1 4 1
69.39; 1.818e-17; True; 30 164 389 431 549 594 890; 4 1 4 1 5 1 4 4 1 3 2 2 1 4 2 3 4 1 4 1
71.61; 1.956e-17; True; 30 164 174 389 594 727 890; 5 1 6 1 5 1 5 3 1 3 2 2 2 3 2 2 3 1 4 1
71.91; 2.154e-17; True; 20 30 389 531 549 890 906; 3 1 4 1 5 1 4 3 2 3 2 2 2 3 1 2 4 2 3 1
73.19; 2.408e-17; True; 30 164 174 389 549 594 890; 4 1 5 1 5 1 5 4 1 3 2 2 2 4 2 2 3 1 4 1
73.52; 3.712e-17; True; 30 164 389 507 549 594 890; 3 1 4 1 5 2 5 3 1 3 2 3 1 4 3 3 3 1 4 1
76.33; 4.621e-17; True; 164 219 389 502 507 727 879; 3 1 4 2 4 3 4 2 2 2 3 3 1 4 5 2 1 1 4 1
76.72; 4.994e-17; True; 30 164 389 507 549 890 906; 3 1 4 1 5 2 5 3 1 3 2 3 1 4 2 3 3 2 4 1
77.28; 5.022e-17; True; 164 174 389 502 507 727 879; 3 1 5 1 5 2 5 3 2 2 3 3 2 4 4 2 1 1 4 1
77.59; 7.28e-17; True; 30 164 389 507 549 879 890; 3 1 4 1 5 2 5 3 1 3 3 3 1 5 3 3 3 1 5 1
80.13; 9.252e-17; True; 30 164 389 502 507 727 879; 3 1 5 1 5 2 5 2 2 3 3 4 1 4 4 3 2 1 4 1
80.14; 9.728e-17; True; 30 164 389 502 507 549 879; 2 1 4 1 5 2 5 3 2 3 3 4 1 5 4 3 2 1 4 1
83.81; 1.01e-16; True; 1 30 113 164 389 507 727; 3 1 6 1 6 2 4 2 2 4 3 3 1 4 3 2 2 2 4 1
84.09; 1.09e-16; True; 30 164 389 502 549 879 890; 3 1 5 1 5 1 5 4 2 3 2 3 2 4 3 3 3 1 4 1
85.76; 1.102e-16; True; 1 30 113 164 389 507 549; 2 1 5 1 6 2 4 3 2 4 3 3 1 5 3 2 2 2 4 1
87.27; 1.45e-16; True; 30 113 164 389 502 879 890; 3 1 6 1 5 2 4 4 2 4 3 2 2 3 3 3 2 1 4 1
87.58; 1.637e-16; True; 30 113 164 389 549 879 890; 3 1 5 1 5 2 4 4 2 4 3 2 1 4 3 2 3 2 4 1
90.29; 1.676e-16; True; 30 113 164 389 502 727 879; 3 1 6 1 5 2 4 3 3 4 3 3 1 3 4 2 2 2 3 1
91.27; 1.733e-16; True; 30 113 164 389 502 549 879; 2 1 5 1 5 2 4 4 3 4 3 3 1 4 4 2 2 2 3 1
92.61; 1.98e-16; True; 30 128 164 174 389 727 890 906; 5 1 7 1 6 1 5 4 2 3 3 3 2 3 2 2 3 2 4 1
94.54; 2.209e-16; True; 1 30 128 164 389 727 890 906; 4 1 7 2 6 1 4 3 2 4 2 3 2 3 2 2 3 2 4 1
96.1; 2.253e-16; True; 30 100 164 389 507 549 594 890; 3 1 4 1 6 2 6 4 2 3 2 3 1 4 4 3 3 2 4 1
96.16; 2.346e-16; True; 30 128 164 174 389 549 890 906; 4 1 6 1 6 1 5 5 2 3 3 3 2 4 2 2 3 2 4 1
96.22; 2.377e-16; True; 30 128 164 174 389 507 727 906; 4 1 6 1 6 2 5 3 2 3 4 4 1 4 3 2 2 2 4 1
97.13; 2.694e-16; True; 30 164 389 396 507 549 879 890; 4 1 5 1 6 2 6 4 1 3 3 3 1 6 3 4 4 1 6 1
98.91; 2.878e-16; True; 30 98 164 389 502 507 727 879; 3 1 6 1 6 3 6 3 2 3 3 5 1 4 5 3 2 1 4 1
99.37; 3.666e-16; True; 1 30 113 164 174 389 638 727; 4 1 7 2 7 1 4 3 2 4 3 3 2 5 2 2 2 2 5 1
100.3; 3.748e-16; True; 20 30 389 396 507 549 890 906; 3 1 5 1 6 2 6 3 2 3 2 3 2 4 2 4 4 2 4 1
101.3; 3.778e-16; True; 1 30 164 389 507 549 890 906; 3 1 5 2 6 2 5 3 1 4 2 3 2 5 2 3 3 2 5 1
101.5; 3.848e-16; True; 30 100 164 389 502 507 879 890; 3 1 5 1 6 2 6 4 2 3 3 3 2 4 4 4 2 1 5 1
102.1; 4.42e-16; True; 30 100 164 389 507 549 879 890; 3 1 4 1 6 2 6 4 2 3 3 3 1 5 4 3 3 2 5 1
102.2; 4.478e-16; True; 1 30 113 164 389 638 727 890; 4 1 7 2 7 1 4 3 2 4 2 3 2 4 2 3 3 2 5 1
103.3; 5.2e-16; True; 1 30 164 389 507 549 727 890; 4 1 6 1 7 1 6 3 2 3 2 4 2 5 3 3 4 2 5 1
103.9; 5.389e-16; True; 30 164 174 389 502 507 727 906; 4 1 6 1 6 2 6 3 2 3 3 4 2 4 3 3 2 2 4 1
105.3; 5.766e-16; True; 1 30 113 164 389 549 890 906; 3 1 6 2 6 2 4 4 2 5 2 2 2 4 2 2 3 3 4 1
105.6; 8.276e-16; True; 30 164 389 502 507 549 879 890; 3 1 5 1 6 2 6 4 2 3 3 4 2 5 4 4 3 1 5 1
109.3; 9.372e-16; True; 1 30 113 164 389 507 727 890; 4 1 7 1 7 2 5 3 2 4 3 3 2 4 3 3 3 2 5 1
110.2; 1.045e-15; True; 1 30 113 164 389 507 549 890; 3 1 6 1 7 2 5 4 2 4 3 3 2 5 3 3 3 2 5 1
112.2; 1.083e-15; True; 30 113 164 389 507 549 879 890; 3 1 5 1 6 3 5 4 2 4 4 3 1 5 4 3 3 2 5 1
115.1; 1.12e-15; True; 1 30 113 164 389 549 879 890; 3 1 6 2 6 2 4 4 2 5 3 2 2 5 3 2 3 2 5 1
115.4; 1.157e-15; True; 30 164 219 389 502 549 879 890; 4 1 5 2 5 2 5 4 2 3 3 3 2 5 4 3 3 1 5 1
118.7; 1.647e-15; True; 30 113 164 389 502 549 879 890; 3 1 6 1 6 2 5 5 3 4 3 3 2 4 4 3 3 2 4 1
121.2; 1.688e-15; True; 1 30 128 164 174 389 507 727 906; 4 1 7 2 7 2 5 3 2 4 4 4 2 5 3 2 2 2 5 1
123.1; 1.791e-15; True; 30 128 164 174 389 507 727 890 906; 5 1 7 1 7 2 6 4 2 3 4 4 2 4 3 3 3 2 5 1
124; 1.908e-15; True; 1 20 30 389 431 549 727 890 906; 4 1 6 2 7 1 5 3 3 4 2 3 3 4 2 3 5 3 4 1
124.9; 2.045e-15; True; 1 20 30 389 396 507 549 890 906; 3 1 6 2 7 2 6 3 2 4 2 3 3 5 2 4 4 2 5 1
125; 2.145e-15; True; 1 20 30 113 145 389 638 727 890; 3 1 7 2 7 2 4 2 3 4 3 3 3 4 2 3 3 3 5 1
125.8; 2.193e-15; True; 1 30 113 145 164 389 638 727 890; 4 1 7 2 7 2 4 3 2 4 3 3 2 5 2 3 3 3 6 1
126.1; 2.318e-15; True; 1 30 128 164 389 507 727 890 906; 4 1 7 2 7 2 5 3 2 4 3 4 2 4 3 3 3 2 5 1
128.1; 2.338e-15; True; 1 20 30 113 389 531 549 890 906; 3 1 6 2 7 2 4 4 3 5 3 2 3 4 2 2 4 3 4 1
128.8; 2.651e-15; True; 1 20 30 113 389 396 549 890 906; 3 1 7 2 7 2 5 4 3 5 2 2 3 4 2 3 4 3 4 1
129.6; 2.67e-15; True; 1 20 25 30 113 145 389 727 890; 3 1 8 2 7 2 5 3 3 5 4 2 3 4 2 2 3 3 5 1
129.8; 2.762e-15; True; 20 30 113 174 389 638 727 890 906; 4 1 7 2 7 2 5 3 3 4 3 3 3 3 2 3 3 3 4 1
129.9; 3.003e-15; True; 1 30 164 174 389 507 549 727 906; 4 1 6 2 7 2 6 3 2 4 3 4 2 6 3 2 3 3 5 1
130; 3.39e-15; True; 1 30 164 389 507 549 727 890 906; 4 1 6 2 7 2 6 3 2 4 2 4 2 5 3 3 4 3 5 1
133.9; 3.909e-15; True; 1 30 113 164 389 549 727 890 906; 4 1 7 2 7 2 5 4 3 5 2 3 2 4 3 2 4 4 4 1
135.3; 4.062e-15; True; 30 164 174 389 502 507 727 879 906; 4 1 6 2 6 3 6 3 2 4 4 4 2 5 4 3 2 2 5 1
136; 4.311e-15; True; 1 30 113 164 389 507 727 890 906; 4 1 7 2 7 3 5 3 2 5 3 3 2 4 3 3 3 3 5 1
137.2; 5.406e-15; True; 30 164 389 502 507 549 879 890 906; 3 1 5 2 6 3 6 4 2 4 3 4 2 5 4 4 3 2 5 1
137.7; 5.426e-15; True; 1 30 164 389 507 549 727 879 890; 4 1 6 2 7 2 6 3 2 4 3 4 2 6 4 3 4 2 6 1
140.9; 6.108e-15; True; 1 30 113 164 389 507 549 727 890; 4 1 7 1 8 2 6 4 3 4 3 4 2 5 4 3 4 3 5 1
143.8; 6.377e-15; True; 1 30 113 164 389 507 727 879 890; 4 1 7 2 7 3 5 3 2 5 4 3 2 5 4 3 3 2 6 1
144.7; 6.843e-15; True; 1 30 113 164 389 507 549 879 890; 3 1 6 2 7 3 5 4 2 5 4 3 2 6 4 3 3 2 6 1
145.2; 7.833e-15; True; 30 113 164 389 502 507 549 879 890; 3 1 6 1 7 3 6 5 3 4 4 4 2 5 5 4 3 2 5 1
150.5; 7.902e-15; True; 1 30 113 145 174 307 389 549 638 727; 3 1 6 2 7 2 5 3 3 4 4 4 2 6 3 3 3 4 5 1
151; 9.022e-15; True; 1 30 128 164 174 389 507 727 890 906; 5 1 8 2 8 2 6 4 2 4 4 4 3 5 3 3 3 2 6 1
152.6; 9.358e-15; True; 1 20 30 128 174 389 507 727 890 906; 4 1 8 2 8 2 6 3 3 4 4 4 4 4 3 3 3 2 5 1
153.6; 9.621e-15; True; 1 20 30 113 174 389 638 727 890 906; 4 1 8 3 8 2 5 3 3 5 3 3 4 4 2 3 3 3 5 1
154.8; 9.846e-15; True; 1 20 30 113 128 174 389 727 890 906; 4 1 9 2 8 2 5 4 4 5 4 3 4 3 3 2 3 3 4 1
155; 1.098e-14; True; 30 113 164 219 389 502 549 879 890; 4 1 6 2 6 3 5 5 3 4 4 3 2 5 5 3 3 2 5 1
156.1; 1.109e-14; True; 1 30 113 128 164 174 389 727 890 906; 5 1 9 2 8 2 5 5 3 5 4 3 3 4 3 2 3 3 5 1
157.4; 1.195e-14; True; 1 20 30 113 174 389 549 638 727 906; 3 1 7 3 8 2 5 3 4 5 3 4 3 5 3 2 3 4 4 1
157.5; 1.235e-14; True; 1 20 30 389 396 507 549 727 890 906; 4 1 7 2 8 2 7 3 3 4 2 4 3 5 3 4 5 3 5 1
158.7; 1.288e-14; True; 1 20 30 389 507 531 549 727 890 906; 4 1 6 2 8 2 6 3 3 4 3 4 3 5 3 3 5 3 5 1
159.3; 1.424e-14; True; 1 30 164 174 389 507 549 727 890 906; 5 1 7 2 8 2 7 4 2 4 3 4 3 6 3 3 4 3 6 1
159.4; 1.44e-14; True; 1 20 30 113 145 389 549 638 727 890; 3 1 7 2 8 2 5 3 4 4 3 4 3 5 3 3 4 4 5 1
160.5; 1.535e-14; True; 1 20 30 174 389 507 549 727 890 906; 4 1 7 2 8 2 7 3 3 4 3 4 4 5 3 3 4 3 5 1
162.5; 1.622e-14; True; 1 20 30 389 431 507 549 727 890 906; 4 1 6 2 8 2 6 3 3 4 3 4 3 5 3 4 5 3 5 1
164.3; 1.67e-14; True; 1 30 113 164 174 389 549 727 890 906; 5 1 8 2 8 2 6 5 3 5 3 3 3 5 3 2 4 4 5 1
165; 1.738e-14; True; 1 20 25 30 113 145 389 549 727 890; 3 1 8 2 8 2 6 4 4 5 4 3 3 5 3 2 4 4 5 1
165.4; 1.869e-14; True; 1 20 30 113 389 431 549 727 890 906; 4 1 7 2 8 2 5 4 4 5 3 3 3 4 3 3 5 4 4 1
167.3; 1.905e-14; True; 1 20 30 113 389 396 507 549 890 906; 3 1 7 2 8 3 6 4 3 5 3 3 3 5 3 4 4 3 5 1
168.3; 1.918e-14; True; 1 30 113 164 174 389 507 549 638 727; 4 1 7 2 9 2 6 4 3 4 4 5 2 7 4 3 3 3 6 1
168.6; 1.929e-14; True; 30 164 174 389 502 507 727 879 890 906; 5 1 7 2 7 3 7 4 2 4 4 4 3 5 4 4 3 2 6 1
169.1; 2.017e-14; True; 30 164 174 389 507 549 727 879 890 906; 5 1 6 2 7 3 7 4 2 4 4 4 2 6 4 3 4 3 6 1
169.3; 2.224e-14; True; 1 30 113 164 389 507 549 638 727 890; 4 1 7 2 9 2 6 4 3 4 3 5 2 6 4 4 4 3 6 1
170.5; 2.5e-14; True; 1 30 113 164 389 507 549 727 890 906; 4 1 7 2 8 3 6 4 3 5 3 4 2 5 4 3 4 4 5 1
174.6; 2.8e-14; True; 30 164 389 502 507 549 727 879 890 906; 4 1 6 2 7 3 7 4 3 4 3 5 2 5 5 4 4 3 5 1
176; 2.961e-14; True; 1 25 30 113 164 389 507 549 727 890; 4 1 8 2 9 2 7 5 3 5 4 4 2 6 4 3 4 3 6 1
178; 3.2e-14; True; 1 20 25 30 113 389 507 549 727 890; 3 1 8 2 9 2 7 4 4 5 4 4 3 5 4 3 4 3 5 1
179.7; 3.213e-14; True; 30 113 164 389 502 507 549 879 890 906; 3 1 6 2 7 4 6 5 3 5 4 4 2 5 5 4 3 3 5 1
180.3; 3.754e-14; True; 1 30 113 164 389 507 549 727 879 890; 4 1 7 2 8 3 6 4 3 5 4 4 2 6 5 3 4 3 6 1
183.5; 3.887e-14; True; 30 113 164 219 389 502 507 549 879 890; 4 1 6 2 7 4 6 5 3 4 5 4 2 6 6 4 3 2 6 1
186; 3.953e-14; True; 1 30 113 174 307 389 549 638 727 890 906; 4 1 7 3 8 2 6 4 3 5 3 4 3 5 3 4 4 4 5 1
187.9; 4.033e-14; True; 1 20 30 113 145 389 486 549 638 727 890; 4 1 8 3 9 2 5 3 4 5 3 4 3 6 3 3 4 4 6 1
188.8; 4.149e-14; True; 1 20 30 113 145 389 549 638 727 890 906; 3 1 7 3 8 3 5 3 4 5 3 4 3 5 3 3 4 5 5 1
189.7; 4.257e-14; True; 1 20 30 113 174 389 549 577 638 727 906; 4 1 8 3 9 2 6 4 4 5 3 4 3 5 3 3 4 4 5 1
189.8; 4.478e-14; True; 1 20 30 174 389 396 507 549 727 890 906; 5 1 8 2 9 2 8 4 3 4 3 4 4 6 3 4 5 3 6 1
190.2; 4.891e-14; True; 1 30 128 164 174 389 507 549 727 890 906; 5 1 8 2 9 2 7 5 3 4 4 5 3 6 4 3 4 3 6 1
191.8; 5.09e-14; True; 1 20 30 113 145 174 389 549 638 727 890; 4 1 8 2 9 2 6 4 4 4 4 4 4 6 3 3 4 4 6 1
191.9; 5.572e-14; True; 1 20 30 113 174 389 549 638 727 890 906; 4 1 8 3 9 2 6 4 4 5 3 4 4 5 3 3 4 4 5 1
192.4; 5.683e-14; True; 1 20 25 30 113 145 389 549 638 727 890; 3 1 8 3 9 2 6 4 4 5 4 4 3 6 3 3 4 4 6 1
195.7; 5.873e-14; True; 1 20 30 113 389 431 549 638 727 890 906; 4 1 7 3 9 2 5 4 4 5 3 4 3 5 3 4 5 4 5 1
198.1; 5.981e-14; True; 1 20 25 30 113 389 396 549 727 890 906; 4 1 9 3 9 2 7 5 4 6 3 3 3 5 3 3 5 4 5 1
198.8; 6.308e-14; True; 1 20 30 113 174 389 431 549 727 890 906; 5 1 8 2 9 2 6 5 4 5 4 3 4 5 3 3 5 4 5 1
200.2; 6.385e-14; True; 1 20 25 30 389 431 507 549 727 890 906; 4 1 7 3 9 2 7 4 3 5 4 4 3 6 3 4 5 3 6 1
201; 6.687e-14; True; 20 25 30 113 174 389 549 638 727 890 906; 4 1 8 3 9 2 7 5 4 5 4 4 3 5 3 3 4 4 5 1
201.8; 6.828e-14; True; 1 30 113 164 389 507 549 638 727 890 906; 4 1 7 3 9 3 6 4 3 5 3 5 2 6 4 4 4 4 6 1
202.2; 7.187e-14; True; 1 20 25 30 113 389 431 549 727 890 906; 4 1 8 3 9 2 6 5 4 6 4 3 3 5 3 3 5 4 5 1
202.7; 7.283e-14; True; 1 30 113 164 174 389 507 549 638 727 890; 5 1 8 2 10 2 7 5 3 4 4 5 3 7 4 4 4 3 7 1
203.9; 7.964e-14; True; 1 20 30 113 389 396 507 549 727 890 906; 4 1 8 2 9 3 7 4 4 5 3 4 3 5 4 4 5 4 5 1
204.8; 8.623e-14; True; 1 30 113 164 174 389 507 549 727 890 906; 5 1 8 2 9 3 7 5 3 5 4 4 3 6 4 3 4 4 6 1
206; 8.799e-14; True; 1 20 30 113 174 389 507 549 727 890 906; 4 1 8 2 9 3 7 4 4 5 4 4 4 5 4 3 4 4 5 1
208.9; 9.455e-14; True; 1 20 30 113 389 431 507 549 727 890 906; 4 1 7 2 9 3 6 4 4 5 4 4 3 5 4 4 5 4 5 1
210.8; 9.701e-14; True; 30 164 174 389 502 507 549 727 879 890 906; 5 1 7 2 8 3 8 5 3 4 4 5 3 6 5 4 4 3 6 1
212.1; 9.708e-14; True; 1 30 164 389 502 507 549 727 879 890 906; 4 1 7 3 8 3 7 4 3 5 3 5 3 6 5 4 4 3 6 1
212.5; 9.894e-14; True; 1 30 113 164 389 396 507 549 727 879 890; 5 1 8 2 9 3 7 5 3 5 4 4 2 7 5 4 5 3 7 1
214.2; 1.05e-13; True; 1 20 25 30 113 389 431 507 549 727 890; 4 1 8 2 10 2 7 5 4 5 5 4 3 6 4 4 5 3 6 1
215.3; 1.065e-13; True; 1 30 113 164 389 502 507 549 727 890 906; 4 1 8 2 9 3 7 5 4 5 3 5 3 5 5 4 4 4 5 1
216.5; 1.153e-13; True; 1 30 113 164 174 389 507 549 727 879 890; 5 1 8 2 9 3 7 5 3 5 5 4 3 7 5 3 4 3 7 1
218.6; 1.196e-13; True; 1 20 30 113 389 396 507 549 727 879 890; 4 1 8 2 9 3 7 4 4 5 4 4 3 6 5 4 5 3 6 1
219.7; 1.208e-13; True; 1 30 113 128 174 307 389 549 638 727 890 906; 4 1 8 3 9 2 6 5 4 5 4 5 3 5 4 4 4 4 5 1
221.1; 1.234e-13; True; 30 113 164 389 502 507 549 727 879 890 906; 4 1 7 2 8 4 7 5 4 5 4 5 2 5 6 4 4 4 5 1
222.2; 1.267e-13; True; 1 20 30 113 128 174 389 431 638 727 890 906; 5 1 9 3 10 2 5 5 4 5 5 4 4 5 3 4 4 3 6 1
223.7; 1.331e-13; True; 1 20 30 113 389 431 507 549 727 879 890; 4 1 7 2 9 3 6 4 4 5 5 4 3 6 5 4 5 3 6 1
224; 1.537e-13; True; 1 30 113 164 389 502 507 549 727 879 890; 4 1 8 2 9 3 7 5 4 5 4 5 3 6 6 4 4 3 6 1
226.5; 1.577e-13; True; 1 20 30 113 128 174 389 549 638 727 890 906; 4 1 9 3 10 2 6 5 5 5 4 5 4 5 4 3 4 4 5 1
228; 1.585e-13; True; 1 30 113 128 164 174 389 549 638 727 890 906; 5 1 9 3 10 2 6 6 4 5 4 5 3 6 4 3 4 4 6 1
228.6; 1.629e-13; True; 1 20 25 30 113 145 174 389 549 638 727 890; 4 1 9 3 10 2 7 5 4 5 5 4 4 7 3 3 4 4 7 1
230.5; 1.71e-13; True; 1 20 25 30 113 174 389 549 638 727 890 906; 4 1 9 4 10 2 7 5 4 6 4 4 4 6 3 3 4 4 6 1
231.1; 1.836e-13; True; 1 20 30 113 174 389 431 549 638 727 890 906; 5 1 8 3 10 2 6 5 4 5 4 4 4 6 3 4 5 4 6 1
234.4; 1.859e-13; True; 1 20 25 30 113 389 431 549 638 727 890 906; 4 1 8 4 10 2 6 5 4 6 4 4 3 6 3 4 5 4 6 1
236.5; 1.867e-13; True; 1 20 30 113 157 389 431 549 638 727 890 906; 4 1 7 3 10 3 6 5 5 5 3 5 4 5 3 4 5 4 5 1
237.3; 2.001e-13; True; 1 20 30 113 389 396 507 531 549 727 890 906; 5 1 8 2 10 3 7 5 4 5 4 4 3 6 4 4 6 4 6 1
238; 2.041e-13; True; 1 20 30 113 389 396 507 549 638 727 890 906; 4 1 8 3 10 3 7 4 4 5 3 5 3 6 4 5 5 4 6 1
238.1; 2.236e-13; True; 1 30 113 164 174 389 507 549 638 727 890 906; 5 1 8 3 10 3 7 5 3 5 4 5 3 7 4 4 4 4 7 1
239.2; 2.403e-13; True; 1 20 30 113 174 389 507 549 638 727 890 906; 4 1 8 3 10 3 7 4 4 5 4 5 4 6 4 4 4 4 6 1
243.1; 2.424e-13; True; 1 20 30 113 389 431 507 549 638 727 890 906; 4 1 7 3 10 3 6 4 4 5 4 5 3 6 4 5 5 4 6 1
245.5; 2.714e-13; True; 1 20 25 30 113 389 396 507 549 727 890 906; 4 1 9 3 10 3 8 5 4 6 4 4 3 6 4 4 5 4 6 1
246.2; 2.718e-13; True; 1 20 30 113 174 389 431 507 549 727 890 906; 5 1 8 2 10 3 7 5 4 5 5 4 4 6 4 4 5 4 6 1
247.6; 2.813e-13; True; 1 20 25 30 113 174 389 507 549 727 890 906; 4 1 9 3 10 3 8 5 4 6 5 4 4 6 4 3 4 4 6 1
250.6; 3.097e-13; True; 1 20 25 30 113 389 431 507 549 727 890 906; 4 1 8 3 10 3 7 5 4 6 5 4 3 6 4 4 5 4 6 1
255.2; 3.145e-13; True; 1 20 30 113 389 396 507 549 727 879 890 906; 4 1 8 3 9 4 7 4 4 6 4 4 3 6 5 4 5 4 6 1
256.9; 3.408e-13; True; 1 20 30 113 164 389 431 507 549 727 890 906; 5 1 8 2 10 3 7 5 4 5 4 4 3 6 4 4 5 4 6 2
258.5; 3.526e-13; True; 1 20 25 30 113 164 389 507 549 727 890 906; 4 1 9 3 10 3 8 5 4 6 4 4 3 6 4 3 4 4 6 2
261; 3.568e-13; True; 1 30 113 164 389 396 502 507 549 727 879 890; 5 1 9 2 10 3 8 6 4 5 4 5 3 7 6 5 5 3 7 1
261.8; 3.893e-13; True; 1 20 30 113 128 145 174 389 549 638 727 890 906; 4 1 9 3 10 3 6 5 5 5 5 5 4 6 4 3 4 5 6 1
262.5; 4.041e-13; True; 1 30 113 164 389 502 507 549 727 879 890 906; 4 1 8 3 9 4 7 5 4 6 4 5 3 6 6 4 4 4 6 1
264.9; 4.122e-13; True; 1 20 30 113 128 174 389 396 549 638 727 890 906; 5 1 10 3 11 2 7 6 5 5 4 5 4 6 4 4 5 4 6 1
267.4; 4.303e-13; True; 1 20 30 113 145 174 389 431 549 638 727 890 906; 5 1 8 3 10 3 6 5 4 5 5 4 4 7 3 4 5 5 7 1
269.1; 4.686e-13; True; 1 20 30 113 128 174 389 431 549 638 727 890 906; 5 1 9 3 11 2 6 6 5 5 5 5 4 6 4 4 5 4 6 1
273.3; 4.783e-13; True; 1 20 30 113 174 330 389 507 549 638 727 890 906; 5 1 9 3 10 3 8 4 5 5 4 6 4 6 4 4 4 5 6 1
273.6; 4.824e-13; True; 1 20 25 30 113 174 389 431 549 638 727 890 906; 5 1 9 4 11 2 7 6 4 6 5 4 4 7 3 4 5 4 7 1
274.1; 4.978e-13; True; 1 30 113 164 219 389 502 507 549 727 879 890; 5 1 8 3 9 4 7 5 4 5 5 5 3 7 7 4 4 3 7 1
275.5; 5.022e-13; True; 1 20 30 113 145 174 389 507 549 638 727 890 906; 4 1 8 3 10 4 7 4 4 5 5 5 4 7 4 4 4 5 7 1
275.6; 5.174e-13; True; 1 20 30 113 174 389 440 507 549 638 727 890 906; 5 1 9 3 11 3 7 5 4 6 4 6 4 7 4 4 4 4 7 1
276.3; 5.492e-13; True; 1 30 113 128 164 174 389 507 549 638 727 890 906; 5 1 9 3 11 3 7 6 4 5 5 6 3 7 5 4 4 4 7 1
277.3; 5.8e-13; True; 1 20 30 113 174 389 396 507 549 638 727 890 906; 5 1 9 3 11 3 8 5 4 5 4 5 4 7 4 5 5 4 7 1
281.7; 5.874e-13; True; 1 20 25 30 113 389 396 507 549 638 727 890 906; 4 1 9 4 11 3 8 5 4 6 4 5 3 7 4 5 5 4 7 1
282.4; 6.617e-13; True; 1 20 30 113 174 389 431 507 549 638 727 890 906; 5 1 8 3 11 3 7 5 4 5 5 5 4 7 4 5 5 4 7 1
286.6; 6.839e-13; True; 1 20 25 30 113 174 389 396 507 549 727 890 906; 5 1 10 3 11 3 9 6 4 6 5 4 4 7 4 4 5 4 7 1
287.6; 6.904e-13; True; 1 20 25 30 113 389 396 431 507 549 727 890 906; 5 1 9 3 11 3 8 6 4 6 5 4 3 7 4 5 6 4 7 1
290.1; 7.019e-13; True; 1 20 30 113 164 389 507 531 549 638 727 890 906; 5 1 8 3 11 3 7 5 4 5 4 5 3 7 4 4 5 4 7 2
291.2; 8.026e-13; True; 1 20 30 113 164 174 389 507 549 638 727 890 906; 5 1 9 3 11 3 8 5 4 5 4 5 4 7 4 4 4 4 7 2
295.1; 8.296e-13; True; 1 20 30 113 164 389 431 507 549 638 727 890 906; 5 1 8 3 11 3 7 5 4 5 4 5 3 7 4 5 5 4 7 2
297.4; 8.379e-13; True; 1 20 30 113 174 389 396 507 549 727 879 890 906; 5 1 9 3 10 4 8 5 4 6 5 4 4 7 5 4 5 4 7 1
298.1; 8.417e-13; True; 1 20 30 113 164 174 389 431 507 549 727 890 906; 6 1 9 2 11 3 8 6 4 5 5 4 4 7 4 4 5 4 7 2
298.4; 8.574e-13; True; 1 20 25 30 113 164 389 396 507 549 727 890 906; 5 1 10 3 11 3 9 6 4 6 4 4 3 7 4 4 5 4 7 2
300.5; 8.884e-13; True; 1 20 25 30 113 164 174 389 507 549 727 890 906; 5 1 10 3 11 3 9 6 4 6 5 4 4 7 4 3 4 4 7 2
303.4; 9.18e-13; True; 1 20 30 113 174 389 431 507 549 727 879 890 906; 5 1 8 3 10 4 7 5 4 6 6 4 4 7 5 4 5 4 7 1
303.5; 9.95e-13; True; 1 20 25 30 113 164 389 431 507 549 727 890 906; 5 1 9 3 11 3 8 6 4 6 5 4 3 7 4 4 5 4 7 2
305.6; 1.036e-12; True; 1 30 113 164 174 389 502 507 549 727 879 890 906; 5 1 9 3 10 4 8 6 4 6 5 5 4 7 6 4 4 4 7 1
307.1; 1.05e-12; True; 1 20 30 113 164 389 396 507 549 727 879 890 906; 5 1 9 3 10 4 8 5 4 6 4 4 3 7 5 4 5 4 7 2
310.1; 1.088e-12; True; 1 20 30 113 164 174 389 507 549 727 879 890 906; 5 1 9 3 10 4 8 5 4 6 5 4 4 7 5 3 4 4 7 2
313.1; 1.199e-12; True; 1 20 30 113 164 389 431 507 549 727 879 890 906; 5 1 8 3 10 4 7 5 4 6 5 4 3 7 5 4 5 4 7 2
316.9; 1.201e-12; True; 1 20 30 113 128 174 389 431 549 638 716 727 890 906; 5 1 9 4 12 3 7 6 5 5 5 5 4 6 5 4 6 4 6 1
318.1; 1.204e-12; True; 1 20 30 113 128 174 389 486 507 549 638 727 890 906; 5 1 10 4 12 3 7 5 5 6 5 6 4 7 5 4 4 4 7 1
318.4; 1.215e-12; True; 1 20 30 113 128 174 389 507 549 577 638 727 890 906; 5 1 10 3 12 3 8 6 5 5 5 6 4 6 5 5 5 4 7 1
319.2; 1.324e-12; True; 1 20 30 113 128 174 389 396 507 549 638 727 890 906; 5 1 10 3 12 3 8 6 5 5 5 6 4 7 5 5 5 4 7 1
321.5; 1.361e-12; True; 1 20 30 113 164 389 502 507 549 727 879 890 906; 4 1 9 3 10 4 8 5 5 6 4 5 4 6 6 4 4 4 6 2
324.4; 1.464e-12; True; 1 20 30 113 128 174 389 431 507 549 638 727 890 906; 5 1 9 3 12 3 7 6 5 5 6 6 4 7 5 5 5 4 7 1
328.7; 1.478e-12; True; 1 20 25 30 113 389 396 431 507 549 636 727 890 906; 5 1 9 3 12 3 9 6 4 6 5 5 4 7 4 5 7 5 7 1
329.9; 1.59e-12; True; 1 20 25 30 113 174 389 431 507 549 638 727 890 906; 5 1 9 4 12 3 8 6 4 6 6 5 4 8 4 5 5 4 8 1
331.4; 1.617e-12; True; 1 20 30 113 145 164 174 389 507 549 638 727 890 906; 5 1 9 3 11 4 8 5 4 5 5 5 4 8 4 4 4 5 8 2
332.4; 1.658e-12; True; 1 20 30 113 164 174 389 507 549 636 638 727 890 906; 5 1 9 3 12 3 9 5 4 5 4 6 5 7 4 4 5 5 7 2
333.1; 1.702e-12; True; 1 20 30 113 164 174 389 396 507 549 638 727 890 906; 6 1 10 3 12 3 9 6 4 5 4 5 4 8 4 5 5 4 8 2
333.7; 1.832e-12; True; 1 20 30 113 128 164 174 389 507 549 638 727 890 906; 5 1 10 3 12 3 8 6 5 5 5 6 4 7 5 4 4 4 7 2
338.3; 1.975e-12; True; 1 20 30 113 164 174 389 431 507 549 638 727 890 906; 6 1 9 3 12 3 8 6 4 5 5 5 4 8 4 5 5 4 8 2
343.6; 2.076e-12; True; 1 20 25 30 113 164 389 431 507 549 638 727 890 906; 5 1 9 4 12 3 8 6 4 6 5 5 3 8 4 5 5 4 8 2
346.5; 2.191e-12; True; 1 20 25 30 113 164 389 431 507 549 636 727 890 906; 5 1 9 3 12 3 9 6 4 6 5 5 4 7 4 4 6 5 7 2
350.1; 2.192e-12; True; 1 20 30 113 164 389 396 507 549 638 727 879 890 906; 5 1 9 4 11 4 8 5 4 6 4 5 3 8 5 5 5 4 8 2
352.3; 2.419e-12; True; 1 20 30 113 164 174 389 507 549 638 727 879 890 906; 5 1 9 4 11 4 8 5 4 6 5 5 4 8 5 4 4 4 8 2
353.1; 2.459e-12; True; 1 20 30 113 164 174 389 396 507 549 727 879 890 906; 6 1 10 3 11 4 9 6 4 6 5 4 4 8 5 4 5 4 8 2
354.1; 2.482e-12; True; 1 20 30 113 164 389 396 431 507 549 727 879 890 906; 6 1 9 3 11 4 8 6 4 6 5 4 3 8 5 5 6 4 8 2
356.2; 2.5e-12; True; 1 20 30 113 164 389 431 507 549 638 727 879 890 906; 5 1 8 4 11 4 7 5 4 6 5 5 3 8 5 5 5 4 8 2
359.2; 2.74e-12; True; 1 20 30 113 164 174 389 431 507 549 727 879 890 906; 6 1 9 3 11 4 8 6 4 6 6 4 4 8 5 4 5 4 8 2
365.4; 2.89e-12; True; 1 20 25 30 113 164 389 431 507 549 636 727 879 890; 5 1 9 3 12 3 9 6 4 6 6 5 4 8 5 4 6 4 8 2
366.4; 3.105e-12; True; 1 20 30 113 164 389 396 502 507 549 727 879 890 906; 5 1 10 3 11 4 9 6 5 6 4 5 4 7 6 5 5 4 7 2
368.6; 3.214e-12; True; 1 20 30 113 164 174 389 502 507 549 727 879 890 906; 5 1 10 3 11 4 9 6 5 6 5 5 5 7 6 4 4 4 7 2
373.4; 3.604e-12; True; 1 20 30 113 164 389 431 502 507 549 727 879 890 906; 5 1 9 3 11 4 8 6 5 6 5 5 4 7 6 5 5 4 7 2
377.2; 3.685e-12; True; 1 20 30 113 128 164 174 389 507 549 636 638 727 890 906; 5 1 10 3 13 3 9 6 5 5 5 7 5 7 5 4 5 5 7 2
378.9; 3.76e-12; True; 1 20 30 113 128 164 174 389 396 507 549 638 727 890 906; 6 1 11 3 13 3 9 7 5 5 5 6 4 8 5 5 5 4 8 2
382.5; 3.919e-12; True; 1 20 30 113 164 174 389 431 507 549 636 638 727 890 906; 6 1 9 3 13 3 9 6 4 5 5 6 5 8 4 5 6 5 8 2
383.7; 4.057e-12; True; 1 20 25 30 113 164 174 389 507 549 636 638 727 890 906; 5 1 10 4 13 3 10 6 4 6 5 6 5 8 4 4 5 5 8 2
384.1; 4.218e-12; True; 1 20 30 113 128 164 174 389 431 507 549 638 727 890 906; 6 1 10 3 13 3 8 7 5 5 6 6 4 8 5 5 5 4 8 2
388.6; 4.392e-12; True; 1 20 25 30 113 164 389 431 507 549 636 638 727 890 906; 5 1 9 4 13 3 9 6 4 6 5 6 4 8 4 5 6 5 8 2
390.7; 4.424e-12; True; 1 20 25 30 113 164 174 389 431 507 549 638 727 890 906; 6 1 10 4 13 3 9 7 4 6 6 5 4 9 4 5 5 4 9 2
393.6; 4.473e-12; True; 1 20 25 30 113 164 174 389 431 507 549 636 727 890 906; 6 1 10 3 13 3 10 7 4 6 6 5 5 8 4 4 6 5 8 2
394.9; 4.604e-12; True; 1 20 30 113 128 164 174 389 431 549 638 727 879 890 906; 6 1 10 4 12 3 7 7 5 6 6 5 4 8 5 4 5 4 8 2
396; 4.679e-12; True; 1 20 25 30 113 128 164 389 431 507 549 636 727 890 906; 5 1 10 3 13 3 9 7 5 6 6 6 4 7 5 4 6 5 7 2
398.2; 4.993e-12; True; 1 20 30 113 164 174 389 396 507 549 638 727 879 890 906; 6 1 10 4 12 4 9 6 4 6 5 5 4 9 5 5 5 4 9 2
399.4; 4.998e-12; True; 1 20 30 113 164 174 389 507 549 636 638 727 879 890 906; 5 1 9 4 12 4 9 5 4 6 5 6 5 8 5 4 5 5 8 2
399.7; 5.098e-12; True; 1 20 30 113 128 164 174 389 507 549 638 727 879 890 906; 5 1 10 4 12 4 8 6 5 6 6 6 4 8 6 4 4 4 8 2
401.5; 5.218e-12; True; 1 20 30 113 128 164 174 389 396 507 549 727 879 890 906; 6 1 11 3 12 4 9 7 5 6 6 5 4 8 6 4 5 4 8 2
403.2; 5.315e-12; True; 1 20 30 113 164 389 396 431 507 549 636 727 879 890 906; 6 1 9 3 12 4 9 6 4 6 5 5 4 8 5 5 7 5 8 2
404.3; 5.564e-12; True; 1 20 30 113 164 174 389 431 507 549 638 727 879 890 906; 6 1 9 4 12 4 8 6 4 6 6 5 4 9 5 5 5 4 9 2
407.4; 5.657e-12; True; 1 20 30 113 164 174 389 431 507 549 636 727 879 890 906; 6 1 9 3 12 4 9 6 4 6 6 5 5 8 5 4 6 5 8 2
407.6; 5.693e-12; True; 1 20 30 113 128 164 174 389 431 507 549 727 879 890 906; 6 1 10 3 12 4 8 7 5 6 7 5 4 8 6 4 5 4 8 2
413.5; 6.048e-12; True; 1 20 30 113 164 389 396 502 507 531 549 727 879 890 906; 6 1 10 3 12 4 9 7 5 6 5 5 4 8 6 5 6 4 8 2
414.6; 6.168e-12; True; 1 20 25 30 113 164 389 431 507 549 636 727 879 890 906; 5 1 9 4 12 4 9 6 4 7 6 5 4 8 5 4 6 5 8 2
416.4; 6.559e-12; True; 1 20 30 113 164 174 389 396 502 507 549 727 879 890 906; 6 1 11 3 12 4 10 7 5 6 5 5 5 8 6 5 5 4 8 2
419.3; 6.871e-12; True; 1 20 30 113 164 389 396 431 502 507 549 727 879 890 906; 6 1 10 3 12 4 9 7 5 6 5 5 4 8 6 6 6 4 8 2
421.3; 6.93e-12; True; 1 20 30 113 128 164 174 389 431 549 636 638 716 727 890 906; 6 1 10 4 14 3 9 7 5 5 5 6 5 7 5 4 7 5 7 2
422.3; 6.945e-12; True; 1 20 30 113 164 389 431 502 507 549 638 727 879 890 906; 5 1 9 4 12 4 8 6 5 6 5 6 4 8 6 6 5 4 8 2
423.4; 7.399e-12; True; 1 20 30 113 164 174 389 431 502 507 549 727 879 890 906; 6 1 10 3 12 4 9 7 5 6 6 5 5 8 6 5 5 4 8 2
430.4; 7.449e-12; True; 1 20 30 113 128 164 174 389 396 431 507 549 638 727 890 906; 7 1 11 3 14 3 9 8 5 5 6 6 4 9 5 6 6 4 9 2
430.7; 8.145e-12; True; 1 20 30 113 128 164 174 389 431 507 549 636 638 727 890 906; 6 1 10 3 14 3 9 7 5 5 6 7 5 8 5 5 6 5 8 2
437.2; 8.21e-12; True; 1 20 30 113 128 164 174 389 396 549 636 638 727 879 890 906; 6 1 11 4 13 3 9 7 5 6 5 6 5 8 5 4 6 5 8 2
437.7; 8.73e-12; True; 1 20 25 30 113 164 174 389 431 507 549 636 638 727 890 906; 6 1 10 4 14 3 10 7 4 6 6 6 5 9 4 5 6 5 9 2
442.4; 9.21e-12; True; 1 20 30 113 128 164 174 389 431 549 636 638 727 879 890 906; 6 1 10 4 13 3 8 7 5 6 6 6 5 8 5 4 6 5 8 2
448.3; 9.852e-12; True; 1 20 30 113 164 174 389 396 507 549 636 638 727 879 890 906; 6 1 10 4 13 4 10 6 4 6 5 6 5 9 5 5 6 5 9 2
448.9; 1.018e-11; True; 1 20 30 113 128 164 174 389 396 507 549 638 727 879 890 906; 6 1 11 4 13 4 9 7 5 6 6 6 4 9 6 5 5 4 9 2
449.2; 1.025e-11; True; 1 20 30 113 128 164 174 389 507 549 636 638 727 879 890 906; 5 1 10 4 13 4 9 6 5 6 6 7 5 8 6 4 5 5 8 2
452; 1.03e-11; True; 1 20 30 113 128 164 174 389 396 507 549 636 727 879 890 906; 6 1 11 3 13 4 10 7 5 6 6 6 5 8 6 4 6 5 8 2
454.3; 1.031e-11; True; 1 20 30 113 164 174 389 396 431 507 549 636 727 879 890 906; 7 1 10 3 13 4 10 7 4 6 6 5 5 9 5 5 7 5 9 2
454.4; 1.104e-11; True; 1 20 30 113 164 174 389 431 507 549 636 638 727 879 890 906; 6 1 9 4 13 4 9 6 4 6 6 6 5 9 5 5 6 5 9 2
455.1; 1.111e-11; True; 1 20 30 113 128 164 174 389 431 507 549 638 727 879 890 906; 6 1 10 4 13 4 8 7 5 6 7 6 4 9 6 5 5 4 9 2
458.1; 1.129e-11; True; 1 20 30 113 128 164 174 389 431 507 549 636 727 879 890 906; 6 1 10 3 13 4 9 7 5 6 7 6 5 8 6 4 6 5 8 2
462.4; 1.152e-11; True; 1 20 25 30 113 164 389 396 431 507 549 636 727 879 890 906; 6 1 10 4 13 4 10 7 4 7 6 5 4 9 5 5 7 5 9 2
465.9; 1.165e-11; True; 1 20 30 113 128 174 307 389 431 440 507 549 636 638 727 890 906; 6 1 10 3 14 3 9 7 5 6 6 8 5 8 5 6 6 5 8 2
466.5; 1.192e-11; True; 1 20 25 30 113 164 174 389 431 507 549 636 727 879 890 906; 6 1 10 4 13 4 10 7 4 7 7 5 5 9 5 4 6 5 9 2
467.2; 1.23e-11; True; 1 20 30 113 164 174 389 396 502 507 549 638 727 879 890 906; 6 1 11 4 13 4 10 7 5 6 5 6 5 9 6 6 5 4 9 2
469.4; 1.237e-11; True; 1 20 30 113 164 174 389 502 507 549 636 638 727 879 890 906; 5 1 10 4 13 4 10 6 5 6 5 7 6 8 6 5 5 5 8 2
470.3; 1.238e-11; True; 1 20 30 113 164 174 389 396 502 507 549 636 727 879 890 906; 6 1 11 3 13 4 11 7 5 6 5 6 6 8 6 5 6 5 8 2
470.6; 1.278e-11; True; 1 20 30 113 128 174 307 389 431 486 507 549 636 638 727 890 906; 6 1 10 4 14 3 9 6 5 6 6 7 5 8 5 6 6 5 8 2
472.2; 1.299e-11; True; 1 20 30 113 164 174 389 396 431 502 507 549 727 879 890 906; 7 1 11 3 13 4 10 8 5 6 6 5 5 9 6 6 6 4 9 2
474.1; 1.318e-11; True; 1 20 30 113 164 389 396 431 502 507 549 636 727 879 890 906; 6 1 10 3 13 4 10 7 5 6 5 6 5 8 6 6 7 5 8 2
474.3; 1.388e-11; True; 1 20 30 113 164 174 389 431 502 507 549 638 727 879 890 906; 6 1 10 4 13 4 9 7 5 6 6 6 5 9 6 6 5 4 9 2
477.4; 1.402e-11; True; 1 20 30 113 164 174 389 431 502 507 549 636 727 879 890 906; 6 1 10 3 13 4 10 7 5 6 6 6 6 8 6 5 6 5 8 2
481.5; 1.452e-11; True; 1 20 25 30 113 164 389 396 431 502 507 549 727 879 890 906; 6 1 11 4 13 4 10 8 5 7 6 5 4 9 6 6 6 4 9 2
481.7; 1.495e-11; True; 1 20 30 113 128 164 174 389 431 486 507 549 636 638 727 890 906; 7 1 11 4 15 3 9 7 5 6 6 7 5 9 5 5 6 5 9 2
486.6; 1.592e-11; True; 1 20 25 30 113 164 389 431 502 507 549 636 727 879 890 906; 5 1 10 4 13 4 10 7 5 7 6 6 5 8 6 5 6 5 8 2
491.3; 1.696e-11; True; 1 20 30 113 128 164 174 389 431 507 549 636 638 716 727 890 906; 6 1 10 4 15 4 10 7 5 5 6 7 5 8 6 5 7 5 8 2
495.1; 1.708e-11; True; 1 20 30 113 128 164 174 389 431 457 507 549 636 638 727 890 906; 6 1 10 4 14 4 9 7 6 5 6 7 5 8 6 5 6 5 8 2
499.6; 1.722e-11; True; 1 20 30 113 128 164 174 330 389 396 507 549 638 727 879 890 906; 7 1 12 4 13 4 10 7 6 6 6 7 4 9 6 5 5 5 9 2
500.4; 1.778e-11; True; 1 20 30 113 128 174 307 389 431 507 549 636 638 727 879 890 906; 5 1 9 4 13 4 9 6 5 6 7 7 5 8 6 6 6 5 8 2
501.3; 1.956e-11; True; 1 20 30 113 128 164 174 389 396 507 549 636 638 727 879 890 906; 6 1 11 4 14 4 10 7 5 6 6 7 5 9 6 5 6 5 9 2
507.2; 1.992e-11; True; 1 20 30 113 128 164 389 396 431 507 549 636 638 727 879 890 906; 6 1 10 4 14 4 9 7 5 6 6 7 4 9 6 6 7 5 9 2
507.5; 2.145e-11; True; 1 20 30 113 128 164 174 389 431 507 549 636 638 727 879 890 906; 6 1 10 4 14 4 9 7 5 6 7 7 5 9 6 5 6 5 9 2
518.3; 2.193e-11; True; 1 20 25 30 113 128 164 389 431 507 549 636 638 727 879 890 906; 5 1 10 5 14 4 9 7 5 7 7 7 4 9 6 5 6 5 9 2
521.5; 2.219e-11; True; 1 20 30 113 157 164 174 389 431 507 549 636 638 727 879 890 906; 6 1 9 4 14 5 10 7 5 6 6 7 6 9 5 5 6 5 9 2
521.8; 2.23e-11; True; 1 20 30 113 128 164 174 389 396 502 507 549 638 727 879 890 906; 6 1 12 4 14 4 10 8 6 6 6 7 5 9 7 6 5 4 9 2
523.1; 2.26e-11; True; 1 20 30 113 164 174 389 396 502 507 549 636 638 727 879 890 906; 6 1 11 4 14 4 11 7 5 6 5 7 6 9 6 6 6 5 9 2
526.1; 2.324e-11; True; 1 20 30 113 164 174 389 396 431 502 507 549 638 727 879 890 906; 7 1 11 4 14 4 10 8 5 6 6 6 5 10 6 7 6 4 10 2
527.1; 2.359e-11; True; 1 20 30 113 164 174 330 389 431 502 507 549 638 727 879 890 906; 7 1 11 4 13 4 10 7 6 6 6 7 5 9 6 6 5 5 9 2
529; 2.458e-11; True; 1 20 30 113 128 164 174 389 431 502 507 549 638 727 879 890 906; 6 1 11 4 14 4 9 8 6 6 7 7 5 9 7 6 5 4 9 2
530.2; 2.559e-11; True; 1 20 30 113 164 174 389 431 502 507 549 636 638 727 879 890 906; 6 1 10 4 14 4 10 7 5 6 6 7 6 9 6 6 6 5 9 2
538.5; 2.619e-11; True; 1 20 25 30 113 164 174 389 431 502 507 549 638 727 879 890 906; 6 1 11 5 14 4 10 8 5 7 7 6 5 10 6 6 5 4 10 2
539.2; 2.775e-11; True; 1 20 25 30 113 164 389 396 431 502 507 549 636 727 879 890 906; 6 1 11 4 14 4 11 8 5 7 6 6 5 9 6 6 7 5 9 2
542.4; 2.869e-11; True; 1 20 25 30 113 164 174 389 431 502 507 549 636 727 879 890 906; 6 1 11 4 14 4 11 8 5 7 7 6 6 9 6 5 6 5 9 2
550; 2.94e-11; True; 1 20 30 113 128 164 174 389 431 457 486 507 549 636 638 727 890 906; 7 1 11 5 15 4 9 7 6 6 6 7 5 9 6 5 6 5 9 2
553.6; 3.107e-11; True; 1 20 30 113 128 174 307 389 396 431 507 549 636 638 727 879 890 906; 6 1 10 4 14 4 10 7 5 6 7 7 5 9 6 7 7 5 9 2
557.2; 3.191e-11; True; 1 20 30 113 128 164 174 389 396 486 507 549 636 638 727 879 890 906; 7 1 12 5 15 4 10 7 5 7 6 7 5 10 6 5 6 5 10 2
559.9; 3.196e-11; True; 1 20 30 113 128 164 174 330 389 396 431 507 549 638 727 879 890 906; 8 1 12 4 14 4 10 8 6 6 7 7 4 10 6 6 6 5 10 2
560.3; 3.435e-11; True; 1 20 30 113 128 164 174 330 389 431 507 549 636 638 727 879 890 906; 7 1 11 4 14 4 10 7 6 6 7 8 5 9 6 5 6 6 9 2
560.7; 3.589e-11; True; 1 20 30 113 128 164 174 389 396 431 507 549 636 638 727 879 890 906; 7 1 11 4 15 4 10 8 5 6 7 7 5 10 6 6 7 5 10 2
572.3; 3.76e-11; True; 1 20 25 30 113 128 164 389 396 431 507 549 636 638 727 879 890 906; 6 1 11 5 15 4 10 8 5 7 7 7 4 10 6 6 7 5 10 2
577; 3.863e-11; True; 1 20 30 113 128 164 174 389 431 457 507 549 636 638 727 879 890 906; 6 1 10 5 14 5 9 7 6 6 7 7 5 9 7 5 6 5 9 2
580; 4.017e-11; True; 1 20 30 113 128 164 174 389 396 502 507 549 636 638 727 879 890 906; 6 1 12 4 15 4 11 8 6 6 6 8 6 9 7 6 6 5 9 2
584; 4.041e-11; True; 1 20 30 113 128 164 174 389 396 431 502 507 549 638 727 879 890 906; 7 1 12 4 15 4 10 9 6 6 7 7 5 10 7 7 6 4 10 2
584.9; 4.152e-11; True; 1 20 30 113 164 174 389 396 431 502 507 549 636 638 727 879 890 906; 7 1 11 4 15 4 11 8 5 6 6 7 6 10 6 7 7 5 10 2
587.2; 4.445e-11; True; 1 20 30 113 128 164 174 389 431 502 507 549 636 638 727 879 890 906; 6 1 11 4 15 4 10 8 6 6 7 8 6 9 7 6 6 5 9 2
600.3; 4.557e-11; True; 1 20 30 113 164 174 389 431 502 507 549 636 638 716 727 879 890 906; 6 1 10 5 15 5 11 7 5 6 6 7 6 9 7 6 7 5 9 2
601.2; 4.607e-11; True; 1 20 30 113 164 174 389 431 457 502 507 549 636 638 727 879 890 906; 6 1 10 5 14 5 10 7 6 6 6 7 6 9 7 6 6 5 9 2
602.5; 4.626e-11; True; 1 20 30 113 128 164 174 389 431 502 507 549 636 716 727 879 890 906; 6 1 11 4 15 5 11 8 6 6 7 7 6 8 8 5 7 5 8 2
608.3; 4.957e-11; True; 1 20 30 113 128 174 307 330 389 396 431 507 549 636 638 727 879 890 906; 7 1 11 4 14 4 11 7 6 6 7 8 5 9 6 7 7 6 9 2
615.8; 4.968e-11; True; 1 20 30 113 128 174 307 330 389 396 431 486 507 549 636 727 879 890 906; 8 1 12 4 14 4 11 7 6 7 7 7 5 9 6 6 7 6 9 2
616.1; 5.19e-11; True; 1 20 30 113 128 164 174 389 396 431 507 549 636 638 694 727 879 890 906; 8 1 12 4 16 4 10 9 5 6 7 7 5 10 6 7 8 5 11 2
617.3; 5.603e-11; True; 1 20 30 113 128 164 174 330 389 396 431 507 549 636 638 727 879 890 906; 8 1 12 4 15 4 11 8 6 6 7 8 5 10 6 6 7 6 10 2
620.5; 5.668e-11; True; 1 20 30 113 128 164 174 389 396 431 486 507 549 636 638 727 879 890 906; 8 1 12 5 16 4 10 8 5 7 7 7 5 11 6 6 7 5 11 2
627.8; 5.69e-11; True; 1 20 25 30 113 164 219 389 396 431 502 507 549 636 727 879 890 906; 7 1 11 5 14 5 11 8 5 7 7 6 5 10 7 6 7 5 10 2
630.9; 5.99e-11; True; 1 20 30 113 128 164 174 307 389 396 431 507 549 636 638 727 879 890 906; 7 1 11 4 15 4 11 8 5 6 7 7 5 10 6 7 7 5 10 3
631.7; 6.016e-11; True; 1 20 30 113 128 164 174 330 389 431 457 507 549 636 638 727 879 890 906; 7 1 11 5 14 5 10 7 7 6 7 8 5 9 7 5 6 6 9 2
632.1; 6.263e-11; True; 1 20 30 113 128 164 174 389 396 431 507 549 636 638 716 727 879 890 906; 7 1 11 5 16 5 11 8 5 6 7 7 5 10 7 6 8 5 10 2
643.5; 6.464e-11; True; 1 20 30 113 164 174 330 389 396 431 502 507 549 636 638 727 879 890 906; 8 1 12 4 15 4 12 8 6 6 6 8 6 10 6 7 7 6 10 2
644.9; 6.763e-11; True; 1 20 30 113 128 164 174 330 389 431 502 507 549 636 638 727 879 890 906; 7 1 12 4 15 4 11 8 7 6 7 9 6 9 7 6 6 6 9 2
645.2; 7.078e-11; True; 1 20 30 113 128 164 174 389 396 431 502 507 549 636 638 727 879 890 906; 7 1 12 4 16 4 11 9 6 6 7 8 6 10 7 7 7 5 10 2
655.7; 7.523e-11; True; 1 20 25 30 113 164 174 389 396 431 502 507 549 636 638 727 879 890 906; 7 1 12 5 16 4 12 9 5 7 7 7 6 11 6 7 7 5 11 2
670.3; 7.555e-11; True; 1 20 30 113 128 174 307 330 389 431 486 507 549 636 638 694 727 879 890 906; 8 1 12 5 15 4 10 7 6 7 7 8 5 9 6 7 7 6 10 2
673.4; 8.079e-11; True; 1 20 30 113 128 164 174 219 389 396 502 507 549 636 638 727 879 890 906; 7 1 12 5 15 5 11 8 6 6 7 8 6 10 8 6 6 5 10 2
678.3; 8.239e-11; True; 1 20 30 113 164 174 219 389 396 431 502 507 549 636 638 727 879 890 906; 8 1 11 5 15 5 11 8 5 6 7 7 6 11 7 7 7 5 11 2
681.6; 8.76e-11; True; 1 20 30 113 128 164 174 219 389 431 502 507 549 636 638 727 879 890 906; 7 1 11 5 15 5 10 8 6 6 8 8 6 10 8 6 6 5 10 2
686.5; 8.886e-11; True; 1 20 30 113 128 164 174 307 330 389 431 440 507 549 636 638 727 879 890 906; 8 1 12 4 15 4 11 8 6 7 7 9 5 10 6 6 6 6 10 3
692.6; 9.137e-11; True; 1 20 25 30 113 164 174 219 389 431 502 507 549 636 638 727 879 890 906; 7 1 11 6 15 5 11 8 5 7 8 7 6 11 7 6 6 5 11 2
693.4; 9.268e-11; True; 1 20 30 113 128 164 174 330 389 431 457 486 507 549 636 638 727 879 890 906; 8 1 12 6 15 5 10 7 7 7 7 8 5 10 7 5 6 6 10 2
699.7; 9.293e-11; True; 1 20 30 113 128 174 307 330 389 396 431 502 507 549 636 638 727 879 890 906; 7 1 12 4 15 4 12 8 7 6 7 9 6 9 7 8 7 6 9 2
704; 1.046e-10; True; 1 20 30 113 128 164 174 307 330 389 431 507 549 636 638 716 727 879 890 906; 7 1 11 5 15 5 12 7 6 6 7 8 5 9 7 6 7 6 9 3
708.5; 1.081e-10; True; 1 20 30 113 128 164 174 330 389 431 486 502 507 549 636 638 727 879 890 906; 8 1 13 5 16 4 11 8 7 7 7 9 6 10 7 6 6 6 10 2
711.4; 1.108e-10; True; 1 20 25 30 113 128 164 174 330 389 396 502 507 549 636 638 727 879 890 906; 7 1 14 5 16 4 13 9 7 7 7 9 6 10 7 6 6 6 10 2
720.9; 1.126e-10; True; 1 20 30 113 128 164 174 307 330 389 431 502 507 549 636 638 727 879 890 906; 7 1 12 4 15 4 12 8 7 6 7 9 6 9 7 7 6 6 9 3
723.1; 1.128e-10; True; 1 20 30 113 164 174 330 389 396 431 502 507 549 636 638 727 774 879 890 906; 8 1 12 5 15 5 12 8 6 7 6 8 6 10 7 7 7 6 10 2
725.9; 1.155e-10; True; 1 20 30 113 128 164 174 389 431 457 502 507 549 636 638 694 727 879 890 906; 7 1 12 5 16 5 10 9 7 6 7 8 6 9 8 7 7 5 10 2
732; 1.163e-10; True; 1 20 30 113 128 164 174 219 307 330 389 431 507 549 636 638 727 879 890 906; 8 1 11 5 14 5 11 7 6 6 8 8 5 10 7 6 6 6 10 3
733.7; 1.193e-10; True; 1 20 30 42 113 128 164 174 307 389 431 502 507 549 636 638 727 879 890 906; 6 1 11 4 16 5 11 8 6 6 7 9 7 9 7 7 7 5 9 3
740.2; 1.27e-10; True; 1 20 30 113 128 164 174 307 389 431 502 507 549 636 638 727 774 879 890 906; 6 1 11 5 15 5 11 8 6 7 7 8 6 9 8 7 6 5 9 3
743.3; 1.297e-10; True; 1 20 30 113 128 164 174 330 389 396 415 431 486 507 549 636 638 727 879 890 906; 9 1 13 6 16 5 11 8 6 8 7 8 5 11 6 6 7 6 11 2
754.6; 1.461e-10; True; 1 20 30 113 128 145 164 174 307 389 396 431 486 507 549 636 638 727 879 890 906; 8 1 12 5 16 5 11 8 5 7 8 7 5 12 6 7 7 6 12 3
760.6; 1.462e-10; True; 1 20 30 113 128 164 174 219 307 389 431 502 507 549 636 638 727 879 890 906; 7 1 11 5 15 5 11 8 6 6 8 8 6 10 8 7 6 5 10 3
767.2; 1.465e-10; True; 1 20 30 113 128 164 174 219 307 389 431 486 502 507 549 636 727 879 890 906; 8 1 12 5 15 5 11 8 6 7 8 7 6 10 8 6 6 5 10 3
774.1; 1.628e-10; True; 1 20 30 113 128 164 174 307 330 389 396 431 507 549 636 638 727 774 879 890 906; 8 1 12 5 15 5 12 8 6 7 7 8 5 10 7 7 7 6 10 3
784.3; 1.63e-10; True; 1 20 30 113 128 164 174 307 330 389 396 431 502 549 636 638 716 727 879 890 906; 8 1 13 5 16 4 13 9 7 6 6 8 6 9 7 7 8 6 9 3
784.6; 1.644e-10; True; 1 20 30 113 128 164 174 307 330 389 431 502 531 549 636 638 716 727 879 890 906; 8 1 12 5 16 4 12 9 7 6 7 8 6 9 7 6 8 6 9 3
791.3; 1.801e-10; True; 1 20 30 113 128 164 174 330 389 396 431 502 507 549 636 638 727 774 879 890 906; 8 1 13 5 16 5 12 9 7 7 7 9 6 10 8 7 7 6 10 2
805.7; 1.873e-10; True; 1 20 30 113 157 164 174 307 330 389 431 486 502 507 549 636 638 727 879 890 906; 8 1 12 5 16 5 13 8 7 7 6 9 7 10 6 7 6 6 10 3
807; 1.894e-10; True; 1 20 30 113 128 164 174 307 389 431 502 507 549 577 636 638 727 774 879 890 906; 7 1 12 5 16 5 12 9 6 7 7 8 6 9 8 8 7 5 10 3
819.2; 1.991e-10; True; 1 20 30 113 157 164 174 307 330 389 431 502 507 549 636 638 716 727 879 890 906; 7 1 11 5 16 6 14 8 7 6 6 9 7 9 7 7 7 6 9 3
825.1; 2.053e-10; True; 1 20 30 113 157 164 174 307 389 431 502 507 531 549 636 638 727 774 879 890 906; 7 1 10 5 16 6 12 9 6 7 7 8 7 10 7 7 7 5 10 3
827.2; 2.181e-10; True; 1 20 30 113 128 164 174 219 307 330 389 431 502 507 549 636 638 727 879 890 906; 8 1 12 5 15 5 12 8 7 6 8 9 6 10 8 7 6 6 10 3
845.9; 2.289e-10; True; 1 20 30 113 128 164 174 219 307 389 431 457 502 507 549 636 638 727 879 890 906; 7 1 11 6 15 6 11 8 7 6 8 8 6 10 9 7 6 5 10 3
850.1; 2.452e-10; True; 1 20 30 42 113 128 164 174 307 330 389 431 507 531 549 636 638 716 727 879 890 906; 8 1 11 5 17 6 12 8 6 6 8 9 6 10 7 6 9 6 10 3
866.4; 2.46e-10; True; 1 20 30 113 128 164 174 307 330 389 431 502 507 531 549 614 636 638 727 879 890 906; 9 1 12 4 17 4 12 9 7 6 8 9 7 11 7 7 8 6 11 3
873.1; 2.557e-10; True; 1 20 30 113 157 164 174 307 330 389 396 431 502 531 549 636 638 727 774 879 890 906; 9 1 12 5 16 5 13 10 7 7 6 8 7 10 6 7 8 6 10 3
877.2; 2.603e-10; True; 1 20 30 113 128 164 174 389 431 502 507 531 549 636 638 679 716 727 774 879 890 906; 8 1 12 6 18 6 11 10 6 7 9 8 6 10 9 7 8 5 11 2
879; 2.664e-10; True; 1 20 25 30 113 128 164 174 330 389 431 502 507 549 636 638 716 727 879 890 892 906; 7 1 13 6 18 5 13 9 8 7 8 9 6 10 9 6 7 7 10 2
883.7; 2.707e-10; True; 1 20 30 113 128 164 174 284 307 389 396 431 486 502 507 549 636 638 727 879 890 906; 8 1 13 6 17 5 12 9 6 8 7 8 6 11 7 8 7 5 11 3
896.8; 3.034e-10; True; 1 20 30 113 128 164 174 307 330 389 431 502 507 531 549 636 716 727 774 879 890 906; 8 1 12 5 16 6 13 9 7 7 8 8 6 9 9 6 8 6 9 3
914.3; 3.06e-10; True; 1 20 30 113 128 164 219 307 330 389 396 431 502 507 539 549 636 638 727 879 890 906; 8 1 12 5 16 5 12 9 7 6 7 9 6 11 8 8 8 6 11 3
916.9; 3.063e-10; True; 1 20 30 113 128 157 164 174 307 389 431 486 502 507 549 638 716 727 785 879 890 906; 7 1 12 6 18 6 12 9 7 7 7 9 6 10 9 7 7 5 10 3
921.4; 3.141e-10; True; 1 20 30 113 128 164 174 219 307 389 396 431 502 507 549 636 727 774 856 879 890 906; 9 1 13 5 15 6 12 10 6 7 9 7 6 10 9 8 7 5 11 3
926.6; 3.24e-10; True; 1 20 30 113 128 164 174 215 219 307 389 431 502 507 549 636 638 716 727 879 890 906; 8 1 12 6 17 6 12 9 6 6 9 8 6 11 9 8 7 5 10 3
929; 3.436e-10; True; 1 20 30 113 128 145 164 174 307 330 389 431 486 502 507 549 636 638 727 788 879 890 906; 9 1 14 5 17 5 12 9 7 7 9 9 6 12 7 7 6 7 11 3
953.7; 3.497e-10; True; 1 20 30 113 128 164 174 267 307 389 431 502 531 549 636 638 679 716 727 774 879 890 906; 8 1 12 6 18 5 11 10 6 8 8 7 7 10 8 7 8 5 11 3
962.7; 3.528e-10; True; 1 20 30 113 128 164 174 219 307 330 389 396 431 502 507 549 636 638 716 727 861 890 906; 9 1 13 5 17 6 14 9 7 5 7 10 7 10 8 8 8 6 10 3
970.4; 3.647e-10; True; 1 20 30 113 128 164 174 219 307 330 389 396 423 431 507 549 636 638 716 727 879 890 906; 9 1 12 6 17 6 13 8 7 6 8 9 5 11 9 7 8 6 11 3
977.7; 4.049e-10; True; 1 20 30 113 128 164 174 219 307 330 389 431 507 531 549 636 638 716 727 774 879 890 906; 9 1 11 7 16 7 12 8 6 7 9 8 5 11 9 6 8 6 11 3
995.5; 4.5e-10; True; 1 20 30 113 128 164 174 219 307 330 389 431 502 507 531 549 636 638 727 785 879 890 906; 9 1 12 5 17 5 12 9 7 6 9 10 6 11 9 7 8 7 11 3
1011; 4.509e-10; True; 1 20 30 113 164 174 219 307 330 389 431 485 502 507 549 636 638 727 774 856 879 890 906; 9 1 12 6 15 6 12 9 6 7 8 8 7 11 8 8 7 6 12 3
1024; 4.85e-10; True; 1 20 30 113 157 164 174 219 307 330 389 431 486 502 507 531 549 636 727 785 879 890 906; 10 1 12 5 17 6 13 9 7 7 8 9 7 11 8 6 8 7 11 3
1029; 4.897e-10; True; 1 20 30 113 128 164 174 219 307 330 389 431 457 502 507 549 636 638 727 822 879 890 906; 8 1 12 7 16 7 12 8 8 7 8 9 6 10 10 7 6 6 10 3
1040; 4.948e-10; True; 1 20 30 113 128 164 174 219 307 330 389 431 502 507 531 549 636 727 774 822 879 890 906; 9 1 12 6 16 7 12 9 7 8 9 8 6 10 10 6 7 6 10 3
1070; 5.603e-10; True; 1 20 30 113 128 164 174 219 307 389 396 431 486 502 507 549 636 638 727 770 800 879 890 906; 9 1 13 7 18 6 12 10 7 8 8 8 6 13 8 8 7 5 13 3
1098; 5.966e-10; True; 1 20 30 113 128 164 174 219 307 330 359 389 431 486 502 507 549 636 638 727 822 879 890 906; 10 1 14 7 18 6 13 9 7 8 8 9 6 11 9 8 6 6 12 3
1099; 6.101e-10; True; 1 20 30 113 128 164 174 219 252 307 389 396 431 486 502 507 531 549 636 716 727 879 890 906; 10 1 13 6 18 6 13 10 7 7 9 7 6 12 9 7 9 6 12 3
1114; 6.818e-10; True; 1 20 30 113 157 164 219 307 330 389 431 486 502 507 531 549 636 638 727 774 785 879 890 906; 9 1 11 7 17 7 12 8 7 8 7 10 6 11 9 7 8 7 11 3
1123; 6.828e-10; True; 1 20 30 113 128 164 174 267 307 330 389 502 507 531 549 555 636 638 679 716 727 774 879 890 906; 9 1 14 6 19 6 14 10 7 8 9 9 7 11 9 7 7 6 11 3
1163; 7.805e-10; True; 1 20 30 69 113 128 164 174 219 307 330 389 396 431 502 507 531 636 638 694 727 774 879 890 906; 11 1 14 6 17 6 12 10 6 7 9 9 7 11 9 9 8 6 13 3
1180; 8.199e-10; True; 1 20 30 113 128 164 174 219 307 330 389 431 457 502 507 549 636 679 716 727 856 861 879 890 906; 10 1 14 6 16 8 13 10 8 6 10 9 7 9 10 8 7 6 11 3
1246; 8.417e-10; True; 1 20 30 42 113 164 174 219 307 389 396 431 457 486 502 549 636 638 683 727 785 868 879 890 906; 10 1 13 8 17 8 11 8 6 7 7 9 7 12 9 7 10 6 12 3
1273; 8.531e-10; True; 1 20 30 113 128 164 174 219 261 307 389 431 502 507 549 636 638 727 745 755 770 868 879 890 906; 8 1 15 7 17 6 14 10 7 8 9 11 7 13 8 7 6 7 13 3
1280; 1.017e-09; True; 1 20 30 113 157 164 174 219 257 307 330 389 423 431 502 507 531 549 636 638 716 727 861 879 890 906; 9 1 11 6 18 8 14 9 8 6 9 11 8 11 9 7 8 7 12 3
1337; 1.022e-09; True; 1 20 30 113 157 164 172 174 219 307 330 389 431 486 502 507 531 549 594 636 694 697 727 774 879 906; 10 1 12 9 16 10 12 9 7 10 8 8 6 12 9 6 7 7 11 3
1338; 1.044e-09; True; 1 20 30 113 128 164 174 219 261 307 330 389 431 485 502 507 549 636 638 716 745 856 868 879 890 906; 9 1 15 7 17 7 14 11 6 7 10 10 8 13 8 8 7 6 14 3
1339; 1.143e-09; True; 1 20 30 113 128 164 179 219 261 307 330 389 431 502 507 531 549 636 638 716 727 745 868 879 890 906; 9 1 14 7 18 8 14 9 7 7 9 11 6 12 10 7 9 7 12 3
1404; 1.211e-09; True; 1 20 30 113 128 164 219 261 307 330 389 431 502 506 507 549 636 638 694 716 727 770 861 868 879 890 906; 9 1 15 8 18 8 13 10 7 7 8 11 7 12 9 8 8 6 13 3
1436; 1.439e-09; True; 1 20 30 113 164 174 219 261 307 330 389 416 431 502 507 531 549 636 638 687 727 822 856 868 879 890 906; 12 1 15 7 17 7 13 11 6 7 10 10 7 14 9 9 8 7 14 3
1518; 2.046e-09; True; 1 20 30 113 157 164 174 219 307 330 389 396 415 423 431 502 507 531 549 636 638 716 727 785 793 879 890 906; 10 1 12 7 21 9 16 10 9 7 8 12 7 12 11 8 10 7 12 3
1698; 2.102e-09; True; 1 20 30 37 113 157 164 219 261 307 330 367 389 396 416 431 485 502 507 549 636 716 727 745 822 868 879 890 906; 10 1 16 7 21 9 16 11 8 8 8 11 8 14 9 8 9 7 12 3
1812; 2.345e-09; True; 1 20 30 37 113 164 174 219 261 307 330 389 396 416 431 485 502 507 549 619 636 687 727 745 748 822 868 879 890 906; 11 1 17 6 20 8 16 12 8 8 8 11 8 14 10 9 9 8 13 3
1915; 2.397e-09; True; 1 20 30 37 113 164 174 219 261 281 307 330 389 396 416 431 485 502 507 549 619 636 687 727 745 748 822 868 879 890 906; 11 1 18 6 21 8 16 12 8 8 8 11 8 14 10 9 9 8 14 3
1923; 2.634e-09; True; 1 20 30 37 113 164 174 219 261 307 330 389 396 416 431 485 490 502 507 549 619 636 687 727 745 748 822 868 879 890 906; 11 1 17 6 20 8 16 12 8 8 8 11 8 14 11 9 9 9 13 3
