M: 8
Instance: 1
Algorithm: NSGA-II
Iteration: 1000
Population Size: 1000
Required Skills: 0 1 4 9 10 18 23 24
Distance; Skill Score; isValid; Team; Skill Counts
11.84; 2.368e-08; True; 19 276 499; 1 1 1 2 1 1 1 1
14.72; 2.763e-08; True; 52 276 410 432; 1 1 1 1 1 2 1 1
16.75; 2.805e-08; True; 121 276 343 633; 1 1 1 1 1 1 2 1
16.78; 7.172e-08; True; 102 121 276 633; 2 1 1 2 1 1 1 2
18.67; 7.744e-08; True; 71 276 410 432; 1 1 1 2 2 2 1 1
18.71; 9.024e-08; True; 19 276 409 499; 1 1 1 3 2 1 1 2
19.62; 9.05e-08; True; 19 233 276 499; 2 1 1 3 1 1 2 1
19.78; 1.453e-07; True; 19 276 499 530; 1 1 2 2 2 1 1 2
20.64; 1.547e-07; True; 19 276 499 546; 2 1 1 3 2 1 1 2
20.73; 1.599e-07; True; 19 276 499 604; 2 1 1 3 1 1 2 2
23.43; 1.652e-07; True; 19 276 499 610; 2 1 1 3 1 2 2 1
23.55; 1.727e-07; True; 19 276 385 610; 1 1 1 3 2 2 2 1
23.71; 2.346e-07; True; 71 157 276 432; 2 1 1 2 2 2 1 2
25.68; 2.766e-07; True; 102 121 276 604 633; 3 1 1 3 1 1 2 3
27.62; 3.147e-07; True; 19 276 409 499 530; 1 1 2 3 3 1 1 3
28.52; 3.995e-07; True; 19 276 340 409 499; 2 1 2 3 2 1 1 3
29.51; 4.699e-07; True; 19 276 340 469 499; 2 1 2 2 1 2 2 2
30.39; 5.554e-07; True; 19 233 276 499 530; 2 1 2 3 2 1 2 2
31.61; 7.403e-07; True; 19 276 499 530 604; 2 1 2 3 2 1 2 3
34.28; 1.014e-06; True; 19 276 499 530 610; 2 1 2 3 2 2 2 2
39.31; 1.351e-06; True; 19 276 340 409 469 499; 2 1 2 3 2 2 2 3
41.47; 1.48e-06; True; 19 133 276 499 530 604; 2 1 2 4 2 2 2 3
42.25; 1.753e-06; True; 19 276 340 469 499 546; 3 1 2 3 2 2 2 3
43.31; 1.824e-06; True; 19 276 469 499 530 546; 2 1 2 3 3 2 2 3
44.31; 1.882e-06; True; 19 276 469 499 530 604; 2 1 2 3 2 2 3 3
44.99; 1.998e-06; True; 19 276 409 499 530 610; 2 1 2 4 3 2 2 3
47.2; 2.288e-06; True; 19 102 276 499 530 604; 3 1 2 4 2 2 2 4
47.94; 2.548e-06; True; 19 276 340 499 530 610; 3 1 3 3 2 2 2 3
48.69; 2.593e-06; True; 19 276 499 530 546 610; 3 1 2 4 3 2 2 3
49.05; 2.674e-06; True; 19 276 499 530 604 610; 3 1 2 4 2 2 3 3
52.37; 2.783e-06; True; 19 276 385 499 530 604; 2 1 2 4 3 2 3 3
53.06; 3.16e-06; True; 19 276 340 409 469 499 530; 2 1 3 3 3 2 2 4
54.11; 3.187e-06; True; 19 276 340 409 469 499 604; 3 1 2 4 2 2 3 4
55.01; 3.26e-06; True; 19 110 276 340 469 499 530; 2 1 3 3 2 2 3 4
55.2; 3.326e-06; True; 19 133 276 340 499 530 604; 3 1 3 4 2 2 2 4
56.58; 3.549e-06; True; 19 233 276 340 469 499 530; 3 1 3 3 2 2 3 3
57.03; 4.1e-06; True; 19 276 340 469 499 530 546; 3 1 3 3 3 2 2 4
58.04; 4.229e-06; True; 19 276 340 469 499 530 604; 3 1 3 3 2 2 3 4
59.65; 4.491e-06; True; 19 276 340 409 499 530 610; 3 1 3 4 3 2 2 4
61.76; 4.514e-06; True; 19 276 409 499 530 604 610; 3 1 2 5 3 2 3 4
62.6; 4.873e-06; True; 19 276 340 469 499 530 610; 3 1 3 3 2 3 3 3
64.32; 5.226e-06; True; 19 276 340 499 530 546 610; 4 1 3 4 3 2 2 4
64.69; 5.391e-06; True; 19 276 340 499 530 604 610; 4 1 3 4 2 2 3 4
66.79; 5.416e-06; True; 19 110 276 340 409 469 499 530; 2 1 3 4 3 2 3 5
67.08; 5.71e-06; True; 19 81 276 340 499 530 604; 3 1 3 3 3 2 3 4
68.09; 6.255e-06; True; 19 276 340 385 499 530 604; 3 1 3 4 3 2 3 4
69.71; 7.206e-06; True; 19 276 340 385 499 530 610; 3 1 3 4 3 3 3 3
73.32; 7.279e-06; True; 19 233 276 340 469 499 530 546; 4 1 3 4 3 2 3 4
75.32; 7.372e-06; True; 19 110 276 340 409 499 530 610; 3 1 3 5 3 2 3 5
75.76; 8.177e-06; True; 19 276 340 469 499 530 546 604; 4 1 3 4 3 2 3 5
76.25; 8.587e-06; True; 19 276 340 409 469 499 530 610; 3 1 3 4 3 3 3 4
80.96; 9.993e-06; True; 19 276 340 469 499 530 546 610; 4 1 3 4 3 3 3 4
83.6; 1.012e-05; True; 19 133 276 340 409 469 499 530 604; 3 1 3 5 3 3 3 5
84.45; 1.035e-05; True; 19 276 340 385 469 499 530 546; 3 1 3 4 4 3 3 4
85.35; 1.086e-05; True; 19 276 340 385 409 499 530 610; 3 1 3 5 4 3 3 4
86.3; 1.11e-05; True; 19 276 340 385 438 499 530 610; 3 1 4 4 3 3 3 4
87.36; 1.118e-05; True; 19 110 276 340 385 499 530 610; 3 1 3 5 3 3 4 4
89.53; 1.178e-05; True; 19 133 276 340 469 499 530 546 604; 4 1 3 5 3 3 3 5
89.82; 1.264e-05; True; 19 276 340 385 499 530 546 610; 4 1 3 5 4 3 3 4
90.42; 1.301e-05; True; 19 276 340 385 499 530 604 610; 4 1 3 5 3 3 4 4
96.56; 1.42e-05; True; 19 276 340 409 469 499 530 546 610; 4 1 3 5 4 3 3 5
96.94; 1.461e-05; True; 19 276 340 409 469 499 530 604 610; 4 1 3 5 3 3 4 5
102; 1.503e-05; True; 19 276 340 385 438 469 499 530 546; 3 1 4 4 4 3 3 5
102.1; 1.514e-05; True; 19 110 276 340 385 469 499 530 546; 3 1 3 5 4 3 4 5
102.6; 1.608e-05; True; 19 276 340 469 499 530 546 604 610; 5 1 3 5 3 3 4 5
104.9; 1.623e-05; True; 19 110 276 340 385 438 499 530 610; 3 1 4 5 3 3 4 5
105.4; 1.679e-05; True; 19 81 276 340 469 499 530 546 604; 4 1 3 4 4 3 4 5
105.9; 1.686e-05; True; 19 276 340 385 438 469 499 530 610; 3 1 4 4 3 4 4 4
107.1; 1.761e-05; True; 19 276 340 385 469 499 530 546 604; 4 1 3 5 4 3 4 5
108; 1.808e-05; True; 19 276 340 385 409 499 530 604 610; 4 1 3 6 4 3 4 5
108.4; 1.835e-05; True; 19 276 340 385 438 499 530 546 610; 4 1 4 5 4 3 3 5
109; 1.889e-05; True; 19 276 340 385 438 499 530 604 610; 4 1 4 5 3 3 4 5
110.4; 1.919e-05; True; 19 276 340 385 469 499 530 546 610; 4 1 3 5 4 4 4 4
113.5; 1.989e-05; True; 19 276 340 385 499 530 546 604 610; 5 1 3 6 4 3 4 5
114.9; 2.027e-05; True; 19 276 340 385 499 530 546 610 633; 4 1 4 5 4 3 4 4
115.5; 2.048e-05; True; 19 276 340 409 438 469 499 530 604 610; 4 1 4 5 3 3 4 6
118.4; 2.058e-05; True; 19 102 276 340 385 499 530 610 633; 4 1 4 5 3 4 4 4
119.5; 2.078e-05; True; 19 233 276 340 438 469 499 530 546 610; 5 1 4 5 3 3 4 5
120.2; 2.157e-05; True; 19 276 340 409 469 499 530 546 604 610; 5 1 3 6 4 3 4 6
121.2; 2.253e-05; True; 19 276 340 438 469 499 530 546 604 610; 5 1 4 5 3 3 4 6
123.1; 2.277e-05; True; 19 233 276 340 385 438 469 499 530 546; 4 1 4 5 4 3 4 5
125; 2.353e-05; True; 19 81 276 340 438 469 499 530 546 604; 4 1 4 4 4 3 4 6
125.4; 2.395e-05; True; 19 276 340 385 409 438 469 499 530 610; 3 1 4 5 4 4 4 5
126.7; 2.468e-05; True; 19 276 340 385 438 469 499 530 546 604; 4 1 4 5 4 3 4 6
128.6; 2.534e-05; True; 19 276 340 385 409 438 499 530 604 610; 4 1 4 6 4 3 4 6
129.9; 2.787e-05; True; 19 276 340 385 438 469 499 530 546 610; 4 1 4 5 4 4 4 5
134.1; 2.788e-05; True; 19 276 340 385 438 499 530 546 604 610; 5 1 4 6 4 3 4 6
136; 2.838e-05; True; 19 276 340 385 469 499 530 546 604 610; 5 1 3 6 4 4 5 5
136.4; 2.86e-05; True; 19 88 276 340 385 469 499 530 546 610; 4 1 4 6 4 4 4 5
138.3; 2.891e-05; True; 19 276 340 385 469 499 530 546 610 633; 4 1 4 5 4 4 5 4
140.6; 2.997e-05; True; 19 276 340 385 499 530 546 604 610 633; 5 1 4 6 4 3 5 5
142.1; 3.043e-05; True; 19 102 276 340 385 499 530 604 610 633; 5 1 4 6 3 4 5 5
143.9; 3.163e-05; True; 19 81 276 340 385 438 499 530 546 610; 4 1 4 5 5 4 4 5
144.5; 3.248e-05; True; 19 81 276 340 385 438 499 530 604 610; 4 1 4 5 4 4 5 5
149.3; 3.334e-05; True; 19 71 276 340 385 438 499 530 604 610; 4 1 4 6 4 4 5 5
151.4; 3.52e-05; True; 19 276 340 385 409 438 469 499 530 546 610; 4 1 4 6 5 4 4 6
151.5; 3.663e-05; True; 19 276 340 385 438 456 469 499 530 546 610; 4 1 5 5 4 4 4 6
154.8; 3.668e-05; True; 19 233 276 340 385 438 469 499 530 546 610; 5 1 4 6 4 4 5 5
157.5; 3.978e-05; True; 19 276 340 385 438 469 499 530 546 604 610; 5 1 4 6 4 4 5 6
164.2; 3.997e-05; True; 19 81 276 340 385 438 469 499 530 546 604; 4 1 4 5 5 4 5 6
165.6; 4.035e-05; True; 19 102 276 340 385 409 499 530 604 610 633; 5 1 4 7 4 4 5 6
165.9; 4.113e-05; True; 19 276 340 385 469 499 530 546 604 610 633; 5 1 4 6 4 4 6 5
167.5; 4.157e-05; True; 19 81 276 340 385 438 456 499 530 546 610; 4 1 5 5 5 4 4 6
168.1; 4.269e-05; True; 19 81 276 340 385 438 456 499 530 604 610; 4 1 5 5 4 4 5 6
171.8; 4.298e-05; True; 19 102 276 340 385 499 530 546 604 610 633; 6 1 4 7 4 4 5 6
173.5; 4.515e-05; True; 19 81 276 340 385 438 499 530 546 604 610; 5 1 4 6 5 4 5 6
174; 4.575e-05; True; 19 276 340 346 385 438 456 469 499 530 546 610; 5 1 5 5 5 4 4 6
175.5; 4.643e-05; True; 19 276 340 385 409 438 456 469 499 530 604 610; 4 1 5 6 4 4 5 7
178.3; 4.822e-05; True; 19 233 276 340 385 438 456 469 499 530 546 610; 5 1 5 6 4 4 5 6
181; 4.853e-05; True; 19 276 340 385 409 438 469 499 530 546 604 610; 5 1 4 7 5 4 5 7
181.1; 5.109e-05; True; 19 276 340 385 438 456 469 499 530 546 604 610; 5 1 5 6 4 4 5 7
187.8; 5.134e-05; True; 19 81 276 340 385 438 456 469 499 530 546 604; 4 1 5 5 5 4 5 7
190.3; 5.406e-05; True; 19 276 340 385 438 469 499 530 546 604 610 633; 5 1 5 6 4 4 6 6
193; 5.577e-05; True; 19 81 276 340 385 438 456 469 499 530 546 610; 4 1 5 5 5 5 5 6
199.1; 5.799e-05; True; 19 81 276 340 385 438 456 499 530 546 604 610; 5 1 5 6 5 4 5 7
200; 5.826e-05; True; 19 81 276 340 385 438 469 499 530 546 604 610; 5 1 4 6 5 5 6 6
204.2; 5.881e-05; True; 19 81 102 276 340 385 438 456 499 530 604 610; 5 1 5 6 4 5 5 7
205.9; 5.883e-05; True; 19 71 276 340 385 438 456 499 530 546 604 610; 5 1 5 7 5 4 5 7
206; 5.978e-05; True; 19 64 81 276 340 385 438 499 530 604 610 633; 5 1 5 5 5 4 6 6
206.4; 6.135e-05; True; 19 81 276 340 385 438 499 530 546 604 610 633; 5 1 5 6 5 4 6 6
209.8; 6.222e-05; True; 19 81 102 276 340 385 438 499 530 604 610 633; 5 1 5 6 4 5 6 6
212.9; 6.299e-05; True; 19 81 102 276 340 385 438 499 530 546 610 633; 5 1 5 6 5 5 5 6
215.2; 6.444e-05; True; 19 64 276 340 385 438 456 469 499 530 546 604 610; 6 1 5 6 5 4 5 8
216.7; 6.668e-05; True; 19 276 340 385 438 456 469 499 530 546 604 610 633; 5 1 6 6 4 4 6 7
222.5; 6.7e-05; True; 19 81 276 340 385 438 456 469 499 530 546 604 633; 4 1 6 5 5 4 6 7
223.9; 6.701e-05; True; 19 81 233 276 340 385 438 469 499 530 546 604 633; 5 1 5 6 5 4 7 6
224.1; 6.846e-05; True; 19 102 276 340 385 438 456 469 499 530 546 610 633; 5 1 6 6 4 5 5 7
224.2; 6.945e-05; True; 19 276 340 385 438 456 469 491 499 530 546 604 610; 5 1 6 7 4 5 5 7
226; 7.062e-05; True; 19 81 276 340 385 438 456 469 499 525 530 604 610; 5 1 5 6 5 5 6 6
226.5; 7.483e-05; True; 19 81 276 340 385 438 456 469 499 530 546 604 610; 5 1 5 6 5 5 6 7
234.2; 7.592e-05; True; 19 71 276 340 385 438 456 469 499 530 546 604 610; 5 1 5 7 5 5 6 7
235.7; 7.713e-05; True; 19 81 276 340 385 438 469 499 530 546 604 610 633; 5 1 5 6 5 5 7 6
242.3; 7.77e-05; True; 19 81 102 276 340 385 438 456 499 530 546 610 633; 5 1 6 6 5 5 5 7
243.1; 7.827e-05; True; 19 81 102 276 340 385 438 469 499 530 546 610 633; 5 1 5 6 5 6 6 6
244.1; 7.971e-05; True; 19 64 81 102 276 340 385 438 499 530 604 610 633; 6 1 5 6 5 5 6 7
245.5; 8.087e-05; True; 19 81 102 276 340 385 438 499 530 546 604 610 633; 6 1 5 7 5 5 6 7
250.8; 8.221e-05; True; 19 81 276 340 385 438 499 530 534 546 604 610 633; 5 1 6 6 5 5 6 6
252.3; 8.266e-05; True; 19 81 233 276 340 385 438 456 469 499 530 546 604 633; 5 1 6 6 5 4 7 7
252.6; 8.34e-05; True; 19 81 276 340 385 438 491 499 530 546 604 610 633; 5 1 6 7 5 5 6 6
256.6; 8.44e-05; True; 19 102 276 340 346 385 438 469 499 530 546 604 610 633; 7 1 5 7 5 5 6 7
256.9; 8.487e-05; True; 19 81 156 276 340 385 438 456 469 499 530 546 610 633; 5 1 6 5 5 5 6 7
258.9; 8.652e-05; True; 19 102 274 276 340 385 438 469 499 530 546 604 610 633; 6 1 6 7 4 5 6 8
259.6; 8.666e-05; True; 19 81 90 276 340 385 438 456 469 499 530 546 604 610; 5 1 5 7 6 5 6 8
262.1; 8.678e-05; True; 19 64 102 276 340 378 385 438 469 499 530 604 610 633; 7 1 5 6 5 5 6 8
262.3; 8.711e-05; True; 0 19 81 276 340 385 438 456 469 499 525 530 604 610; 5 1 6 6 5 5 6 7
262.8; 8.748e-05; True; 19 81 274 276 340 346 385 438 469 499 530 604 610 633; 5 1 6 5 5 5 7 6
264.6; 8.854e-05; True; 19 64 81 102 276 340 385 438 456 469 499 530 604 633; 5 1 6 5 5 5 6 8
265; 8.99e-05; True; 19 81 276 340 346 385 438 469 499 530 546 604 610 633; 6 1 5 6 6 5 7 6
265.1; 9.514e-05; True; 19 81 276 340 385 438 456 469 499 530 546 604 610 633; 5 1 6 6 5 5 7 7
271.8; 9.526e-05; True; 19 64 81 276 340 385 438 469 499 530 546 604 610 633; 6 1 5 6 6 5 7 7
273.4; 9.654e-05; True; 19 81 102 276 340 385 438 456 469 499 530 546 610 633; 5 1 6 6 5 6 6 7
276.8; 9.82e-05; True; 19 81 102 276 340 385 438 456 499 530 546 604 610 633; 6 1 6 7 5 5 6 8
282.2; 9.863e-05; True; 19 81 276 340 385 438 456 499 530 534 546 604 610 633; 5 1 7 6 5 5 6 7
283.9; 0.0001001; True; 19 81 276 340 385 438 456 491 499 530 546 604 610 633; 5 1 7 7 5 5 6 7
284.6; 0.0001005; True; 19 71 81 276 340 385 438 456 469 499 530 546 604 610; 5 1 5 7 6 6 7 7
284.8; 0.0001009; True; 19 81 276 340 385 438 469 491 499 530 546 604 610 633; 5 1 6 7 5 6 7 6
289.7; 0.000103; True; 19 64 81 276 340 385 438 491 499 530 546 604 610 633; 6 1 6 7 6 5 6 7
294; 0.0001056; True; 19 71 81 276 340 385 438 456 499 530 546 604 610 633; 5 1 6 7 6 5 7 7
295.4; 0.0001079; True; 19 81 110 276 340 385 438 456 469 499 530 546 604 610 633; 5 1 6 7 5 5 8 8
303.4; 0.000108; True; 19 71 81 276 340 385 438 456 491 499 530 546 604 610; 5 1 6 8 6 6 6 7
304.8; 0.0001123; True; 19 81 102 274 276 340 346 385 438 469 499 530 604 610 633; 6 1 6 6 5 6 7 7
304.9; 0.0001157; True; 19 81 276 340 378 385 438 456 469 499 530 546 604 610 633; 6 1 6 6 6 5 7 8
309.9; 0.0001189; True; 19 81 102 276 340 385 438 456 469 499 530 546 604 610 633; 6 1 6 7 5 6 7 8
321.7; 0.0001198; True; 19 81 88 102 276 340 385 438 469 499 530 546 604 610 633; 6 1 6 8 5 6 7 8
323.1; 0.0001211; True; 19 81 274 276 340 385 438 469 491 499 530 546 604 610 633; 5 1 7 7 5 6 7 7
327.6; 0.0001215; True; 19 64 81 102 276 340 385 438 456 499 530 534 604 610 633; 6 1 7 6 5 6 6 8
329.5; 0.0001232; True; 19 71 81 276 340 378 385 438 456 469 499 530 546 610 633; 5 1 6 6 7 6 7 7
330.7; 0.0001241; True; 19 81 102 276 340 385 438 469 491 499 530 546 604 610 633; 6 1 6 8 5 7 7 7
332.4; 0.0001243; True; 19 64 81 102 276 340 378 385 438 491 499 530 604 610 633; 7 1 6 7 6 6 6 8
334.1; 0.0001247; True; 0 19 71 81 276 340 385 438 456 499 530 546 604 610 633; 5 1 7 7 6 5 7 8
334.2; 0.0001255; True; 19 71 81 274 276 340 385 438 469 499 530 546 604 610 633; 5 1 6 7 6 6 8 7
339.1; 0.0001257; True; 19 71 81 88 276 340 385 438 456 499 530 546 604 610 633; 5 1 7 8 6 5 7 8
340.4; 0.0001301; True; 19 64 71 81 102 276 340 385 438 456 499 530 604 610 633; 6 1 6 7 6 6 7 8
340.9; 0.0001311; True; 19 71 81 102 276 340 385 438 456 499 530 546 604 610 633; 6 1 6 8 6 6 7 8
348.9; 0.000133; True; 19 81 102 233 274 276 340 378 385 438 469 499 530 604 610 633; 7 1 6 7 5 6 8 8
356.6; 0.0001357; True; 19 81 102 276 340 346 385 438 456 466 499 530 546 604 610 633; 7 1 6 7 6 6 7 8
360.7; 0.0001358; True; 19 71 81 102 276 340 385 438 499 530 534 546 604 610 633; 6 1 6 8 6 7 7 7
362.3; 0.0001371; True; 19 81 158 274 276 340 385 438 456 469 499 530 546 604 610 633; 6 1 7 7 6 5 7 9
365.1; 0.0001377; True; 19 81 102 274 276 340 346 385 438 469 499 530 534 546 610 633; 6 1 7 6 6 7 6 7
365.8; 0.0001387; True; 19 64 81 276 340 378 385 438 469 499 528 530 534 604 610 633; 6 1 6 5 6 7 8 7
366.6; 0.0001412; True; 19 64 71 102 274 276 340 385 438 469 499 530 546 604 610 633; 7 1 6 8 6 6 7 9
369.5; 0.0001482; True; 19 71 81 274 276 340 385 438 456 469 499 530 546 604 610 633; 5 1 7 7 6 6 8 8
382.2; 0.0001489; True; 19 71 81 274 276 311 340 385 438 469 499 530 546 604 610 633; 6 1 6 7 7 6 8 8
385; 0.0001547; True; 19 71 81 276 340 385 438 456 469 491 499 530 546 604 610 633; 5 1 7 8 6 7 8 7
402.8; 0.0001563; True; 19 64 81 157 274 276 340 385 456 469 499 530 546 604 610 633; 7 1 7 6 6 6 7 9
406.2; 0.0001568; True; 19 71 81 157 276 340 378 385 438 499 530 604 610 614 633; 6 1 7 6 6 7 7 8
407.8; 0.0001591; True; 19 71 81 157 276 340 385 438 499 530 546 604 610 614 633; 6 1 7 7 6 7 7 8
413.9; 0.0001637; True; 19 64 81 157 276 340 385 456 469 499 530 534 546 604 610 633; 7 1 7 6 6 7 7 8
417.9; 0.0001706; True; 19 71 81 157 276 340 385 438 456 469 499 530 546 604 610 633; 6 1 7 7 6 7 8 8
438.8; 0.0001725; True; 19 81 157 184 274 276 340 385 438 456 469 499 530 546 604 610 633; 6 1 8 7 6 6 7 10
447.1; 0.0001763; True; 19 64 71 81 102 157 276 340 385 438 499 530 534 604 610 633; 7 1 7 7 6 8 7 8
449.6; 0.0001795; True; 19 64 71 81 157 276 340 385 438 456 499 530 604 610 614 633; 6 1 8 6 6 7 7 9
451.1; 0.0001821; True; 19 71 81 157 276 340 385 438 456 499 530 546 604 610 614 633; 6 1 8 7 6 7 7 9
462.3; 0.000183; True; 19 64 71 81 157 276 280 340 385 438 499 530 604 610 614 633; 7 1 7 7 7 7 7 9
464.5; 0.0001842; True; 19 81 102 121 276 340 385 438 469 491 499 530 546 604 610 614 633; 7 1 7 9 6 8 7 9
464.7; 0.0001845; True; 19 71 81 157 276 340 385 399 438 499 530 546 604 610 614 633; 7 1 7 8 7 7 7 9
474.3; 0.0001847; True; 19 71 81 157 276 340 373 385 438 499 530 534 604 610 614 633; 6 1 8 6 6 8 7 8
477.7; 0.0001883; True; 19 71 81 157 172 276 340 385 438 499 530 546 604 610 614 633; 7 1 7 7 7 8 7 8
479.7; 0.0001894; True; 19 71 81 234 276 340 385 438 456 469 491 499 530 546 610 614 633; 5 1 8 8 7 8 7 8
482.5; 0.0001902; True; 19 71 81 157 276 340 385 438 456 469 499 530 546 548 604 610 633; 7 1 7 7 7 7 8 8
485.5; 0.0001947; True; 19 64 81 157 274 276 340 385 469 475 499 530 534 546 604 610 633; 7 1 8 6 6 7 8 8
494.2; 0.0001978; True; 19 50 71 81 121 157 276 340 385 399 438 456 499 530 604 610 633; 7 1 7 8 7 7 8 9
517; 0.0002082; True; 19 71 81 102 157 274 276 340 385 456 499 530 546 604 610 614 633; 7 1 8 8 6 8 7 10
529.1; 0.0002116; True; 19 71 81 157 233 234 276 340 385 438 491 499 530 546 610 614 633; 7 1 8 9 7 8 7 8
531.8; 0.0002131; True; 19 71 81 102 157 276 323 340 385 456 499 530 546 604 610 614 633; 7 1 8 8 6 9 7 9
550.4; 0.0002144; True; 19 71 81 102 157 276 280 340 385 438 499 530 552 604 610 614 633; 8 1 8 8 6 8 7 10
562.1; 0.0002205; True; 19 71 81 157 158 206 276 340 385 399 456 499 530 534 610 614 633; 6 1 9 8 7 8 7 8
569.5; 0.0002226; True; 19 71 81 157 274 276 280 340 385 475 499 530 552 604 610 614 633; 7 1 9 7 6 7 8 9
579.7; 0.0002291; True; 19 71 81 157 158 276 323 340 385 475 499 530 552 604 610 614 633; 7 1 9 7 6 8 8 8
